1493852611.321425,-0.623535,-0.003418,-0.258301,9.277344,-6.164551,-22.277832
1493852611.324018,-0.658203,0.007812,-0.336914,11.657715,-6.347656,-23.681641
1493852611.326618,-0.626953,-0.014648,-0.181641,10.498047,-15.686035,-22.155762
1493852611.329257,-0.628906,-0.043457,-0.235840,9.643555,-28.198242,-16.174316
1493852611.331841,-0.693359,-0.044434,-0.175781,8.605957,-38.879395,-10.559082
1493852611.334387,-0.680176,-0.000977,-0.228516,10.803223,-42.297363,-8.728027
1493852611.336989,-0.708496,0.031738,-0.186523,13.671875,-43.029785,-10.864258
1493852611.339618,-0.704590,0.025391,-0.157715,15.441895,-35.461426,-13.793945
1493852611.342192,-0.659668,0.012695,-0.180664,11.596680,-24.169922,-16.174316
1493852611.344738,-0.657715,0.015137,-0.218262,5.737305,-12.573242,-17.944336
1493852611.347345,-0.698730,0.029297,-0.245605,1.647949,-4.577637,-22.033691
1493852611.349955,-0.592285,0.032715,-0.165527,-2.563477,-1.770020,-26.123047
1493852611.352505,-0.541504,0.022461,-0.195312,-8.239746,-4.516602,-29.663086
1493852611.355443,-0.563477,0.010742,-0.242188,-7.934570,-7.446289,-32.897949
1493852611.358417,-0.580566,-0.007324,-0.177734,-4.516602,-8.361816,-33.264160
1493852611.360967,-0.600098,0.104492,-0.172852,-1.586914,-7.141113,-34.118652
1493852611.363513,-0.570801,-0.036621,-0.266113,1.525879,-4.272461,-33.813477
1493852611.366058,-0.597168,-0.043945,-0.229004,1.342773,0.671387,-32.653809
1493852611.368650,-0.650391,-0.058594,-0.272949,3.417969,4.760742,-29.785156
1493852611.371242,-0.617676,-0.047852,-0.177246,2.929688,7.385254,-27.954102
1493852611.373841,-0.649902,-0.062988,-0.240234,2.685547,6.713867,-26.428223
1493852611.376440,-0.630371,-0.063965,-0.187500,3.112793,5.554199,-25.817871
1493852611.379551,-0.675781,-0.032227,-0.322266,7.202148,1.525879,-24.169922
1493852611.382233,-0.698730,-0.059570,-0.152832,10.925293,-2.868652,-23.071289
1493852611.384916,-0.707031,-0.031738,-0.318359,14.953613,-6.713867,-22.644043
1493852611.387599,-0.684570,-0.040039,-0.262695,19.653320,-9.582520,-23.254395
1493852611.390339,-0.626465,-0.038086,-0.253418,20.507812,-11.779785,-22.888184
1493852611.393023,-0.751465,-0.115723,-0.275879,20.385742,-17.150879,-20.019531
1493852611.395712,-0.753906,-0.016113,-0.192871,17.333984,-19.714355,-17.089844
1493852611.398400,-0.743164,-0.006836,-0.166016,14.892578,-24.230957,-14.892578
1493852611.401089,-0.698242,0.036621,-0.204590,17.089844,-25.695801,-12.573242
1493852611.403778,-0.700684,0.009766,-0.157715,21.667480,-23.803711,-11.230469
1493852611.406466,-0.666992,0.112793,-0.144043,23.193359,-22.155762,-11.901855
1493852611.409125,-0.687012,0.002930,-0.128906,24.536133,-20.568848,-15.441895
1493852611.411715,-0.628418,0.004883,-0.166992,23.986816,-19.531250,-20.263672
1493852611.414267,-0.662598,0.015625,-0.195801,21.301270,-18.310547,-23.132324
1493852611.416822,-0.641113,0.006836,-0.142578,21.118164,-16.723633,-27.526855
1493852611.419410,-0.625977,-0.005371,-0.139648,20.996094,-13.305664,-30.151367
1493852611.421999,-0.638184,-0.011230,-0.231934,21.789551,-10.986328,-31.433105
1493852611.424549,-0.658691,-0.004395,-0.147461,22.766113,-8.666992,-32.043457
1493852611.427097,-0.663574,0.002930,-0.162598,20.690918,-7.202148,-33.081055
1493852611.429789,-0.650391,0.017090,-0.218750,20.568848,-4.760742,-33.386230
1493852611.432546,-0.693359,-0.000488,-0.136230,21.301270,-6.103516,-32.287598
1493852611.435227,-0.732422,-0.023926,-0.177246,22.155762,-6.286621,-30.700684
1493852611.437915,-0.706543,-0.006836,-0.242188,22.888184,-6.591797,-31.677246
1493852611.440530,-0.738281,-0.011230,-0.191406,23.071289,-6.225586,-33.691406
1493852611.443082,-0.745605,-0.019043,-0.203613,25.939941,-5.249023,-33.569336
1493852611.445634,-0.695312,-0.000977,-0.219238,29.174805,-3.784180,-33.386230
1493852611.448259,-0.767578,-0.023926,-0.141113,29.052734,-4.516602,-32.165527
1493852611.450887,-0.741699,0.005371,-0.273926,32.897949,-5.615234,-31.738281
1493852611.453439,-0.704590,0.002930,-0.208496,33.203125,-5.554199,-32.104492
1493852611.455989,-0.735352,-0.004395,-0.226074,33.996582,-4.760742,-33.142090
1493852611.458656,-0.711914,0.008789,-0.315430,35.766602,-5.004883,-35.034180
1493852611.461464,-0.729004,0.104004,-0.204590,35.217285,-3.479004,-36.743164
1493852611.464018,-0.704590,-0.006836,-0.244629,37.048340,-1.098633,-40.100098
1493852611.466570,-0.689941,0.106445,-0.251953,38.513184,15.258789,-42.175293
1493852611.469167,-0.719727,-0.109863,-0.214844,38.146973,1.403809,-43.212891
1493852611.471766,-0.721680,0.020508,-0.295898,38.574219,2.868652,-45.654297
1493852611.474364,-0.697754,0.022949,-0.228027,39.916992,4.089355,-49.438477
1493852611.476960,-0.719727,0.002930,-0.337402,39.672852,6.408691,-51.879883
1493852611.479565,-0.690918,0.028320,-0.313965,39.245605,8.422852,-54.626465
1493852611.482238,-0.724121,-0.020508,-0.132812,38.635254,10.925293,-56.091309
1493852611.484920,-0.735352,0.002441,-0.246094,41.137695,11.230469,-55.419922
1493852611.487601,-0.819336,0.012207,-0.243652,42.602539,10.437012,-54.199219
1493852611.490339,-0.735840,0.114746,-0.205078,41.320801,8.666992,-56.091309
1493852611.493024,-0.788574,0.005859,-0.237793,41.381836,7.324219,-57.678223
1493852611.495702,-0.764648,0.038086,-0.152344,42.663574,5.981445,-59.204102
1493852611.498389,-0.764648,0.031250,-0.132324,43.945312,4.699707,-60.974121
1493852611.501078,-0.657227,0.077148,-0.206543,42.053223,7.202148,-65.612793
1493852611.503757,-0.762695,0.073730,-0.182617,41.015625,10.253906,-71.655273
1493852611.506439,-0.732422,0.050781,-0.158203,40.161133,12.451172,-76.477051
1493852611.509094,-0.778320,0.056641,-0.171875,38.452148,12.145996,-78.735352
1493852611.511679,-0.798828,0.045898,-0.339844,37.475586,6.835938,-78.613281
1493852611.514231,-0.836426,0.017090,-0.228516,38.085938,-13.122559,-78.247070
1493852611.516785,-0.804688,0.026855,-0.166504,39.489746,-4.577637,-78.552246
1493852611.519375,-0.845215,0.024414,-0.211914,46.264648,-6.408691,-84.167480
1493852611.521970,-0.831543,0.034668,-0.216797,49.560547,-1.770020,-88.806152
1493852611.524522,-0.770508,0.044434,-0.246094,47.302246,5.554199,-98.815918
1493852611.527072,-0.755371,0.030762,-0.139648,42.846680,14.709473,-107.177734
1493852611.529747,-0.751465,0.030273,-0.192871,38.818359,21.850586,-111.022949
1493852611.532492,-0.669922,0.016602,-0.222656,35.278320,26.306152,-109.985352
1493852611.535176,-0.786133,-0.109375,-0.280762,34.545898,25.878906,-107.421875
1493852611.537882,-0.796875,0.022949,-0.205078,34.423828,24.291992,-103.881836
1493852611.540589,-0.757324,0.026367,-0.239746,35.949707,23.193359,-102.783203
1493852611.543271,-0.827637,-0.015137,-0.196777,36.499023,22.277832,-103.637695
1493852611.545952,-0.877441,-0.008301,-0.311035,37.231445,22.277832,-105.407715
1493852611.548666,-0.917969,0.123535,-0.214355,40.100098,21.118164,-107.910156
1493852611.551385,-0.927734,-0.008789,-0.233398,39.978027,18.920898,-109.680176
1493852611.554068,-0.910156,0.015137,-0.225586,42.480469,18.371582,-110.290527
1493852611.556750,-0.930664,0.054688,-0.211914,45.715332,16.174316,-110.412598
1493852611.559463,-0.974121,0.058105,-0.116699,45.532227,16.723633,-114.929199
1493852611.562177,-0.942871,0.111328,-0.019043,48.278809,21.179199,-121.948242
1493852611.564862,-0.970215,0.126465,-0.192383,53.955078,26.062012,-129.638672
1493852611.567544,-0.982910,0.130859,-0.179688,54.382324,28.442383,-136.779785
1493852611.570190,-0.882324,0.108398,-0.123047,53.527832,46.325684,-140.563965
1493852611.572765,-1.046875,0.100586,-0.194336,54.504395,33.630371,-141.418457
1493852611.575317,-1.054688,0.100586,-0.196777,54.504395,34.057617,-137.695312
1493852611.577869,-1.069824,0.096680,-0.220703,56.152344,29.724121,-135.314941
1493852611.580422,-1.035645,0.093750,-0.280762,57.495117,23.742676,-131.286621
1493852611.582973,-1.185547,0.087891,-0.257812,59.570312,17.639160,-127.746582
1493852611.585538,-1.177734,0.099121,-0.211914,62.927246,15.563965,-127.319336
1493852611.588137,-1.248535,0.138672,-0.195312,71.777344,13.305664,-128.723145
1493852611.590795,-1.265625,0.199219,-0.301270,81.787109,12.817383,-134.399414
1493852611.593479,-1.318848,0.212402,-0.359375,93.078613,8.605957,-141.662598
1493852611.596159,-1.292969,0.257324,-0.144043,100.097656,-0.427246,-146.240234
1493852611.598966,-1.346680,0.314941,-0.220703,110.534668,-13.549805,-148.132324
1493852611.601657,-1.341797,0.400879,-0.257324,123.291016,-28.808594,-150.146484
1493852611.604341,-1.413574,0.515137,-0.206543,135.925293,-40.771484,-152.648926
1493852611.607024,-1.368164,0.652344,-0.155762,148.986816,-61.584473,-156.005859
1493852611.609716,-1.320312,0.747559,-0.138184,155.517578,-53.222656,-162.048340
1493852611.612411,-1.306152,0.832520,-0.091309,159.301758,-59.570312,-170.654297
1493852611.615098,-1.235840,0.853516,-0.183105,155.090332,-61.462402,-184.448242
1493852611.617785,-1.181641,0.814941,-0.087402,144.775391,-59.509277,-198.913574
1493852611.620402,-1.114258,0.739746,-0.078125,125.488281,-51.818848,-217.224121
1493852611.622952,-1.093262,0.594238,-0.053711,99.731445,-39.489746,-235.412598
1493852611.625503,-1.054688,0.471191,-0.093262,76.538086,-27.343750,-260.070801
1493852611.628080,-1.067383,0.257812,0.007324,55.236816,-15.625000,-261.779785
1493852611.630657,-1.032227,0.198730,-0.231445,39.306641,-5.920410,-280.700684
1493852611.633208,-1.104492,0.102051,-0.251465,33.935547,4.638672,-303.955078
1493852611.635763,-1.100098,-0.010254,-0.281250,33.142090,10.375977,-322.448730
1493852611.638397,-1.114258,-0.088867,-0.491211,47.180176,10.437012,-330.139160
1493852611.641097,-1.093750,-0.065430,-0.594238,68.664551,7.873535,-327.331543
1493852611.643769,-1.072266,-0.061523,-0.665039,86.669922,9.643555,-313.964844
1493852611.646439,-1.249512,-0.073730,-0.593750,94.299316,39.001465,-296.508789
1493852611.649117,-1.164062,0.018555,-0.591309,87.463379,64.636230,-281.311035
1493852611.651793,-1.244629,0.016602,-0.385254,77.148438,74.890137,-274.841309
1493852611.654464,-1.386230,0.007324,-0.296387,69.458008,87.097168,-275.207520
1493852611.657137,-1.394043,0.013184,-0.318359,68.542480,78.186035,-279.602051
1493852611.659795,-1.382324,-0.070312,-0.236328,72.814941,54.260254,-285.339355
1493852611.662449,-1.349609,-0.188477,-0.275391,80.444336,26.733398,-290.710449
1493852611.665100,-1.248535,-0.253418,-0.366211,87.219238,5.310059,-293.212891
1493852611.667751,-1.176758,-0.260254,-0.453613,96.618652,-6.958008,-298.400879
1493852611.670422,-1.065918,-0.257812,-0.416504,108.154297,-5.737305,-302.734375
1493852611.673103,-0.917480,-0.249512,-0.513672,121.520996,4.943848,-306.274414
1493852611.675786,-0.860352,-0.224121,-0.494141,133.666992,21.118164,-307.434082
1493852611.678458,-0.766602,-0.194336,-0.621582,140.075684,38.879395,-307.006836
1493852611.681059,-0.785156,-0.163574,-0.611328,139.709473,52.734375,-303.588867
1493852611.683613,-0.788574,-0.127441,-0.574707,137.573242,57.128906,-296.447754
1493852611.686163,-0.841797,-0.110352,-0.622070,133.056641,55.908203,-284.423828
1493852611.688747,-0.817383,-0.070312,-0.505859,131.774902,53.955078,-268.371582
1493852611.691330,-0.810547,0.020508,-0.571777,132.629395,51.513672,-247.619629
1493852611.693875,-0.813477,0.099121,-0.505371,139.221191,54.443359,-226.074219
1493852611.696425,-0.770996,0.168457,-0.498047,146.667480,61.462402,-214.782715
1493852611.699019,-0.726074,0.290527,-0.562012,153.381348,70.800781,-195.129395
1493852611.701683,-0.644043,0.383301,-0.550781,158.386230,80.139160,-177.856445
1493852611.704366,-0.551758,0.457031,-0.433594,162.292480,86.608887,-164.062500
1493852611.707047,-0.416992,0.501953,-0.442871,168.579102,92.956543,-154.235840
1493852611.709735,-0.367188,0.495117,-0.364746,179.992676,97.167969,-145.690918
1493852611.712421,-0.290527,0.478516,-0.355469,191.284180,101.013184,-138.732910
1493852611.715100,-0.208008,0.345703,-0.425293,205.444336,104.187012,-133.850098
1493852611.717788,-0.174805,0.056641,-0.291504,209.045410,105.163574,-131.164551
1493852611.720475,-0.196289,-0.231934,-0.262695,190.673828,104.431152,-132.141113
1493852611.723158,-0.200195,-0.443359,-0.215820,195.556641,104.187012,-136.413574
1493852611.725843,-0.170898,-0.599121,-0.128418,192.565918,105.651855,-141.540527
1493852611.728531,-0.118652,-0.666992,0.119629,199.401855,110.473633,-145.446777
1493852611.731224,-0.024414,-0.747070,0.085449,221.374512,127.258301,-143.676758
1493852611.734021,0.012695,-0.708496,0.103027,250.122070,151.123047,-134.887695
1493852611.736702,-0.118164,-0.598633,-0.116211,273.376465,169.311523,-116.333008
1493852611.739349,-0.053711,-0.293945,-0.205078,287.414551,167.236328,-87.768555
1493852611.741930,-0.194336,-0.018555,-0.406738,274.963379,139.343262,-45.410156
1493852611.744478,-0.235840,0.057617,-0.505371,214.904785,109.008789,6.713867
1493852611.747028,-0.199219,0.180664,-0.263184,132.934570,53.955078,54.870605
1493852611.749630,-0.202637,0.191406,-0.004883,67.199707,14.526367,91.369629
1493852611.752294,-0.180176,0.097656,0.210449,48.706055,2.258301,123.413086
1493852611.754960,-0.260742,0.028809,0.176758,64.514160,7.080078,148.742676
1493852611.757619,-0.303711,0.031738,-0.012695,82.336426,11.718750,153.625488
1493852611.760323,-0.355469,0.077148,0.010742,85.021973,12.451172,173.828125
1493852611.762965,-0.407715,0.155762,0.048340,71.777344,13.488770,195.373535
1493852611.765605,-0.397949,0.268066,0.057129,56.701660,18.310547,216.735840
1493852611.768299,-0.333008,0.450684,0.214844,51.269531,28.076172,237.915039
1493852611.771013,-0.282227,0.621094,0.125488,45.227051,39.794922,257.690430
1493852611.773695,-0.222656,0.756836,0.090820,44.799805,51.025391,270.507812
1493852611.776378,-0.043945,0.842773,0.122559,42.297363,56.701660,272.460938
1493852611.779084,-0.041992,0.874512,0.071289,19.104004,57.678223,262.573242
1493852611.781791,0.047852,0.871582,0.206055,23.254395,56.762695,242.126465
1493852611.784472,0.043945,0.831055,0.142090,14.770508,55.969238,217.102051
1493852611.787150,0.069824,0.847168,0.145508,6.835938,56.823730,189.025879
1493852611.789780,0.101074,0.822266,0.222656,4.333496,63.110352,162.292480
1493852611.792343,0.058594,0.763672,0.232422,1.525879,67.565918,137.512207
1493852611.794895,0.028320,0.867188,0.164551,-2.868652,79.040527,118.530273
1493852611.797446,-0.019043,0.684570,0.185547,-7.507324,91.064453,103.881836
1493852611.800117,-0.132324,0.591309,0.178223,-10.681152,100.952148,93.627930
1493852611.802814,-0.149414,0.501465,0.217773,-15.563965,106.506348,91.064453
1493852611.805499,-0.246094,0.402832,0.137695,-18.127441,106.628418,89.538574
1493852611.808190,-0.288574,0.344238,0.150391,-18.188477,101.989746,107.727051
1493852611.810884,-0.314453,0.320801,0.128906,-17.150879,94.482422,99.365234
1493852611.813571,-0.326172,0.368652,0.189941,-13.183594,88.623047,122.985840
1493852611.816257,-0.348633,0.196777,0.143555,-10.925293,84.716797,115.234375
1493852611.818916,-0.305664,0.187500,0.136230,-9.460449,81.909180,121.826172
1493852611.821503,-0.323730,0.199219,0.202148,-9.033203,80.566406,126.159668
1493852611.824057,-0.292480,0.162109,0.013184,-8.972168,78.918457,131.652832
1493852611.826607,-0.263672,0.166016,0.029785,-9.399414,79.223633,137.451172
1493852611.829164,-0.221191,0.143066,0.183594,-9.277344,79.406738,144.104004
1493852611.831724,-0.219727,0.082520,0.246094,-12.695312,79.162598,152.465820
1493852611.834277,-0.266602,0.080078,0.096191,-13.793945,78.491211,160.034180
1493852611.836833,-0.218262,0.054199,0.052246,-16.906738,78.369141,164.306641
1493852611.839437,-0.247559,0.013672,0.230469,-18.493652,78.430176,172.363281
1493852611.842106,-0.291992,0.033203,0.101562,-18.615723,80.078125,181.152344
1493852611.844789,-0.272461,0.039062,0.107422,-18.188477,83.862305,189.758301
1493852611.847470,-0.323242,0.014648,0.188965,-14.526367,86.914062,198.547363
1493852611.850163,-0.325684,0.039062,0.147461,-12.268066,88.623047,205.139160
1493852611.852848,-0.321777,0.082031,0.177246,-5.432129,88.378906,210.571289
1493852611.855528,-0.356934,0.098633,0.254883,2.624512,88.867188,216.186523
1493852611.858212,-0.499512,0.125488,0.138672,6.103516,88.989258,222.534180
1493852611.860894,-0.382812,0.145996,0.151855,11.291504,89.843750,229.248047
1493852611.863573,-0.423828,0.170898,0.214355,18.249512,91.308594,235.595703
1493852611.866255,-0.414551,0.187988,0.231445,24.780273,94.055176,241.882324
1493852611.868943,-0.425781,0.190430,0.120605,29.174805,95.336914,246.643066
1493852611.871628,-0.443359,0.198730,0.138184,32.958984,96.618652,251.159668
1493852611.874419,-0.464844,0.212402,0.147461,38.269043,98.083496,256.286621
1493852611.877099,-0.436035,0.245605,0.047852,42.785645,98.510742,259.643555
1493852611.879733,-0.469727,0.271484,0.248535,46.203613,98.266602,261.657715
1493852611.882300,-0.504883,0.273438,0.243164,49.011230,97.595215,262.634277
1493852611.884849,-0.517090,0.303711,0.159668,51.635742,96.740723,264.892578
1493852611.887461,-0.534668,0.333984,0.142090,53.771973,95.214844,266.540527
1493852611.890242,-0.544922,0.358398,0.112793,53.588867,93.566895,269.042969
1493852611.892888,-0.580078,0.332520,0.240234,53.771973,92.285156,270.996094
1493852611.895619,-0.602051,0.359375,0.248535,52.001953,90.576172,272.766113
1493852611.898577,-0.606934,0.375488,0.227539,51.269531,88.439941,273.986816
1493852611.901557,-0.632812,0.386230,0.206543,51.391602,88.317871,275.390625
1493852611.904243,-0.654785,0.354980,0.207031,51.513672,87.463379,276.245117
1493852611.906925,-0.704590,0.365234,0.211914,49.987793,85.815430,277.954102
1493852611.909613,-0.709473,0.495605,0.203125,48.156738,85.815430,280.090332
1493852611.912301,-0.716797,0.357422,0.175781,48.034668,84.533691,283.203125
1493852611.914985,-0.774902,0.329590,0.269531,48.828125,83.862305,286.376953
1493852611.917675,-0.739258,0.328613,0.187012,47.973633,83.862305,289.733887
1493852611.920298,-0.791504,0.315918,0.186523,48.034668,84.655762,293.090820
1493852611.922853,-0.764648,0.318848,0.161621,48.217773,82.458496,294.921875
1493852611.925406,-0.762695,0.295898,0.204590,50.109863,81.115723,297.180176
1493852611.927969,-0.808594,0.288574,0.263184,54.443359,80.993652,300.109863
1493852611.930526,-0.783203,0.292969,0.170898,55.847168,81.176758,301.452637
1493852611.933074,-0.802734,0.283203,0.209473,57.373047,80.749512,302.795410
1493852611.935629,-0.829590,0.306152,0.237305,60.546875,79.956055,304.443359
1493852611.938185,-0.867188,0.312012,0.196289,60.913086,62.622070,306.335449
1493852611.940740,-0.907227,0.347656,0.194824,62.316895,74.645996,307.922363
1493852611.943293,-0.907715,0.371582,0.182617,61.889648,71.716309,308.349609
1493852611.945845,-0.976562,0.380371,0.242188,61.767578,67.626953,309.570312
1493852611.948395,-1.002930,0.364746,0.129883,62.683105,65.917969,309.265137
1493852611.950944,-1.045898,0.390137,0.185547,62.622070,66.040039,309.387207
1493852611.953493,-1.124512,0.328613,0.148438,62.866211,61.889648,308.654785
1493852611.956043,-1.139160,0.362793,0.085449,61.035156,59.265137,307.250977
1493852611.958640,-1.200195,0.341309,0.170898,59.570312,54.016113,303.771973
1493852611.961241,-1.201660,0.318848,0.104004,62.133789,50.109863,300.842285
1493852611.963794,-1.163574,0.287109,0.102539,62.988281,47.546387,298.278809
1493852611.966341,-1.293945,0.292969,0.067871,65.795898,47.241211,296.142578
1493852611.968966,-1.253418,0.261719,0.071289,67.077637,47.607422,294.250488
1493852611.971595,-1.323730,0.363770,0.121094,67.321777,47.973633,291.870117
1493852611.974151,-1.316895,0.231934,0.045898,69.152832,49.194336,289.428711
1493852611.976702,-1.301758,0.208984,0.042480,68.664551,49.926758,287.902832
1493852611.979319,-1.319824,0.188965,0.037109,67.321777,50.476074,286.010742
1493852611.982006,-1.357422,0.132812,0.101562,66.467285,52.978516,283.508301
1493852611.984694,-1.385742,0.122559,0.063965,65.307617,55.969238,280.944824
1493852611.987381,-1.397461,0.062012,0.104980,65.490723,58.105469,278.991699
1493852611.990103,-1.462891,0.032715,-0.022461,63.354492,63.598633,275.390625
1493852611.992788,-1.492676,-0.115234,0.016113,62.255859,67.016602,271.789551
1493852611.995472,-1.540527,-0.025879,0.109863,59.387207,70.800781,271.240234
1493852611.998154,-1.517578,-0.060059,-0.124023,54.809570,71.350098,271.850586
1493852612.000765,-1.590820,-0.117188,0.068359,53.283691,72.509766,274.719238
1493852612.003316,-1.560059,-0.120117,-0.104004,48.217773,72.509766,278.930664
1493852612.005868,-1.575684,-0.145508,0.014160,46.203613,72.204590,296.142578
1493852612.008477,-1.617188,-0.158203,0.057129,44.189453,71.166992,284.912109
1493852612.011085,-1.728516,-0.164551,-0.092773,42.236328,68.908691,288.269043
1493852612.013752,-1.607422,-0.188965,-0.089355,43.334961,67.626953,291.320801
1493852612.016304,-1.548828,-0.173340,-0.112793,43.273926,66.162109,293.762207
1493852612.018960,-1.397461,-0.179199,-0.202148,42.419434,64.636230,294.616699
1493852612.021616,-1.456543,-0.221191,-0.130859,41.625977,66.833496,293.945312
1493852612.024252,-1.396484,-0.141602,-0.205566,38.818359,68.725586,291.015625
1493852612.026893,-1.346680,-0.285156,-0.175293,35.583496,72.204590,287.414551
1493852612.029722,-1.368164,-0.307617,-0.189453,30.151367,76.049805,282.226562
1493852612.032623,-1.362305,-0.332031,-0.245605,27.893066,78.735352,276.733398
1493852612.035312,-1.352539,-0.355469,-0.234375,24.291992,80.444336,271.911621
1493852612.037998,-1.397461,-0.388672,-0.177246,22.460938,81.298828,269.653320
1493852612.040689,-1.394043,-0.414062,-0.192871,20.324707,82.336426,267.639160
1493852612.043376,-1.401855,-0.448730,-0.224609,20.935059,86.181641,264.648438
1493852612.046062,-1.383789,-0.450684,-0.166016,22.277832,87.646484,260.009766
1493852612.048753,-1.401367,-0.545898,-0.222656,24.169922,88.195801,254.333496
1493852612.051447,-1.343262,-0.583496,-0.188965,27.160645,90.209961,249.145508
1493852612.054137,-1.309082,-0.615723,-0.138672,27.954102,92.712402,243.530273
1493852612.056826,-1.274902,-0.638184,-0.152344,27.709961,108.398438,239.135742
1493852612.059468,-1.216797,-0.671387,-0.228027,28.137207,94.177246,234.619141
1493852612.062043,-1.208984,-0.690430,-0.032715,26.855469,94.787598,229.248047
1493852612.064595,-1.168945,-0.675293,-0.004883,26.550293,96.191406,225.463867
1493852612.067149,-1.191406,-0.659668,-0.090820,25.573730,98.083496,216.369629
1493852612.069705,-1.191406,-0.641113,-0.024414,20.812988,99.365234,205.322266
1493852612.072258,-1.185059,-0.656250,0.073730,19.348145,97.656250,196.228027
1493852612.074811,-1.204590,-0.662109,0.020508,15.136719,95.520020,187.744141
1493852612.077365,-1.192871,-0.677246,0.018066,12.207031,93.261719,180.541992
1493852612.079931,-1.279297,-0.860352,0.067871,9.826660,87.280273,177.734375
1493852612.082502,-1.279785,-0.776367,0.081543,9.582520,81.237793,177.001953
1493852612.085057,-1.287109,-0.854004,0.140137,9.033203,71.594238,177.551270
1493852612.087610,-1.268066,-0.890137,0.140625,8.361816,61.584473,177.490234
1493852612.090210,-1.257324,-0.946777,0.037598,13.610840,51.391602,179.931641
1493852612.092896,-1.273926,-1.003906,0.212402,20.141602,44.372559,181.701660
1493852612.095584,-1.170898,-1.032227,0.079102,28.137207,38.391113,182.006836
1493852612.098279,-1.085938,-1.038574,0.106445,30.883789,33.325195,176.025391
1493852612.100970,-0.918945,-1.071777,0.050293,27.221680,28.442383,159.301758
1493852612.103653,-0.776367,-1.076172,-0.064453,21.728516,23.132324,134.948730
1493852612.106340,-0.715820,-1.065918,0.040039,18.127441,19.775391,108.337402
1493852612.109034,-0.694824,-1.080566,0.071777,14.892578,17.333984,82.885742
1493852612.111725,-0.713379,-1.118652,0.050781,9.460449,16.723633,61.950684
1493852612.114409,-0.707031,-1.079590,-0.001465,-11.535645,15.869141,45.471191
1493852612.117098,-0.782227,-1.052246,0.069336,-4.394531,13.854980,32.409668
1493852612.119735,-0.828613,-1.079590,0.026855,-11.962891,12.634277,20.751953
1493852612.122304,-0.870117,-1.113281,-0.004883,-15.014648,11.108398,5.920410
1493852612.124860,-0.807617,-0.937500,-0.088867,-19.775391,6.286621,-15.502930
1493852612.127417,-0.733887,-0.796875,0.122070,-28.076172,1.342773,-45.532227
1493852612.130036,-0.670410,-0.746094,0.182129,-34.423828,-7.507324,-78.247070
1493852612.132721,-0.721680,-0.956543,0.096680,-39.001465,-9.704590,-108.337402
1493852612.135401,-0.916504,-1.124512,0.176758,-33.020020,-6.347656,-99.609375
1493852612.138086,-1.003906,-1.106934,-0.052734,-33.508301,-13.305664,-97.473145
1493852612.140776,-0.962402,-0.951660,0.006348,-55.908203,-23.193359,-100.830078
1493852612.143461,-0.958008,-0.958984,0.153809,-74.523926,-22.155762,-108.215332
1493852612.146199,-0.947266,-1.014648,0.246094,-60.119629,-16.113281,-107.177734
1493852612.148900,-0.852539,-1.050781,0.136230,-34.790039,-15.319824,-96.496582
1493852612.151704,-0.852539,-0.966309,0.119141,-22.644043,-23.620605,-86.730957
1493852612.154387,-0.894043,-0.825684,0.081543,-36.987305,-35.156250,-84.655762
1493852612.157068,-0.830078,-0.652344,0.028809,-61.950684,-37.170410,-89.477539
1493852612.159754,-0.793945,-0.567383,0.181152,-82.946777,-25.512695,-97.656250
1493852612.162439,-0.937012,-0.296875,-0.166504,-95.031738,-11.535645,-101.806641
1493852612.165118,-0.864258,-0.199219,-0.031250,-78.552246,22.094727,-113.403320
1493852612.167801,-0.809570,-0.012695,0.106934,-55.969238,86.486816,-127.319336
1493852612.170419,-0.687988,0.266113,0.043945,-53.710938,139.587402,-124.511719
1493852612.172974,-0.666504,0.666504,0.031738,-41.137695,177.246094,-99.426270
1493852612.175521,-0.684570,1.112305,-0.257324,-29.296875,182.556152,-49.255371
1493852612.178071,-0.724121,1.505371,-0.482422,-4.882812,190.185547,14.221191
1493852612.180624,-0.776367,1.811523,-0.601562,17.639160,190.063477,73.120117
1493852612.183176,-0.786133,1.991211,-0.660645,14.953613,174.865723,93.811035
1493852612.185724,-0.806152,2.156250,-0.634277,-13.916016,135.498047,109.191895
1493852612.188355,-0.817383,2.304199,-0.558105,-52.978516,80.200195,86.059570
1493852612.190987,-1.219727,2.441406,-0.242188,-74.645996,28.076172,9.460449
1493852612.193533,-1.128418,2.268066,-0.046875,-75.500488,-15.197754,-121.765137
1493852612.196083,-0.806641,1.934570,-0.138184,-53.527832,-45.043945,-259.399414
1493852612.198681,-0.400391,1.382324,-0.320801,-34.057617,-76.538086,-353.759766
1493852612.201353,-0.108887,0.806152,-0.189453,-34.240723,-102.050781,-403.625488
1493852612.204038,0.048828,0.126953,-0.132324,-45.776367,-103.576660,-421.081543
1493852612.206719,-0.048340,-0.323730,0.193359,-48.767090,-85.815430,-426.879883
1493852612.209404,-0.249512,-0.636230,0.105469,-38.757324,-81.909180,-440.795898
1493852612.212087,-0.428711,-0.834473,0.154297,-29.846191,-52.124023,-462.402344
1493852612.214766,-0.703125,-0.881836,0.181152,-26.489258,-25.207520,-482.543945
1493852612.217448,-0.953613,-0.700684,-0.039551,-20.019531,-9.948730,-489.074707
1493852612.220076,-1.093262,-0.660156,-0.004395,-13.732910,-9.155273,-471.557617
1493852612.222628,-1.160156,-0.872559,-0.030273,-4.943848,-22.827148,-478.088379
1493852612.225179,-1.190918,-0.821777,-0.152344,6.408691,-44.616699,-460.510254
1493852612.227746,-1.236328,-0.925293,-0.083984,22.583008,-70.495605,-432.128906
1493852612.230386,-1.232910,-0.894043,-0.048340,33.508301,-93.383789,-390.380859
1493852612.233068,-1.250977,-0.921875,-0.019531,52.124023,-106.567383,-337.036133
1493852612.235755,-1.303223,-0.767090,0.028809,67.077637,-109.313965,-279.418945
1493852612.238465,-1.298340,-0.575195,-0.065918,91.796875,-106.445312,-222.839355
1493852612.241169,-1.138184,-0.365234,-0.113770,86.791992,-100.952148,-168.640137
1493852612.243849,-1.007812,-0.220215,-0.060059,96.801758,-95.825195,-122.619629
1493852612.246531,-0.856445,-0.068359,-0.155762,108.398438,-96.679688,-86.364746
1493852612.249219,-0.735352,-0.004395,-0.210449,123.107910,-92.651367,-62.561035
1493852612.251911,-0.625000,0.104980,-0.330566,139.709473,-84.716797,-55.847168
1493852612.254597,-0.442383,0.190430,-0.496094,146.545410,-63.049316,-67.138672
1493852612.257282,-0.336914,0.265625,-0.549316,138.854980,-49.377441,-92.834473
1493852612.259973,-0.376465,0.319824,-0.514648,120.422363,-32.958984,-127.563477
1493852612.262658,-0.327637,0.246582,-0.746094,89.233398,-29.357910,-158.447266
1493852612.265342,-0.388672,0.093262,-0.777832,49.682617,-15.380859,-183.837891
1493852612.268017,-0.587402,-0.043457,-0.757324,11.474609,-14.282227,-201.232910
1493852612.270626,-0.703125,-0.252930,-0.610840,-23.742676,-24.108887,-211.669922
1493852612.273179,-0.809570,-0.599121,-0.280762,-47.485352,-43.334961,-213.073730
1493852612.275732,-0.897461,-0.522949,-0.202148,-56.701660,-69.274902,-207.153320
1493852612.278324,-0.923828,-0.640137,-0.017090,-56.335449,-91.369629,-182.800293
1493852612.280988,-0.969727,-0.646484,-0.077637,-54.565430,-103.271484,-148.132324
1493852612.283675,-0.853027,-0.529785,0.113770,-49.682617,-103.027344,-111.206055
1493852612.286474,-0.839844,-0.402344,-0.087402,-39.978027,-91.247559,-72.631836
1493852612.289162,-0.690430,-0.213379,-0.185059,-25.817871,-72.509766,-39.306641
1493852612.291851,-0.587402,-0.074219,-0.277344,-23.498535,-60.668945,-17.883301
1493852612.294532,-0.553711,0.021484,-0.342773,-27.038574,-56.274414,-11.596680
1493852612.297216,-0.536133,0.075195,-0.244141,-31.799316,-60.180664,-19.775391
1493852612.299922,-0.555664,0.085449,-0.168945,-40.588379,-69.702148,-32.287598
1493852612.302625,-0.587891,0.065430,-0.049805,-40.893555,-77.026367,-41.564941
1493852612.305308,-0.642090,-0.033691,0.019531,-37.353516,-78.308105,-49.804688
1493852612.308002,-0.610840,-0.073730,-0.089844,-36.010742,-69.030762,-52.124023
1493852612.310696,-0.588867,-0.107422,0.023926,-37.048340,-54.199219,-49.072266
1493852612.313380,-0.602051,-0.128906,-0.041504,-33.996582,-36.254883,-41.687012
1493852612.316061,-0.614746,-0.237793,-0.150391,-32.104492,-21.728516,-33.691406
1493852612.318725,-0.640137,-0.081543,-0.207520,-32.531738,-14.343262,-29.602051
1493852612.321318,-0.674805,-0.076172,-0.121094,-31.616211,-30.212402,-28.808594
1493852612.323866,-0.683105,-0.061523,-0.015137,-30.700684,-18.859863,-28.930664
1493852612.326413,-0.740234,-0.057617,-0.113770,-27.465820,-24.291992,-29.174805
1493852612.328965,-0.710449,-0.044434,-0.061523,-25.146484,-27.526855,-27.343750
1493852612.331517,-0.633301,-0.037109,-0.183105,-21.728516,-25.817871,-23.620605
1493852612.334064,-0.632324,-0.019531,-0.182617,-20.751953,-20.202637,-19.653320
1493852612.336615,-0.634277,-0.014160,-0.154297,-20.751953,-13.793945,-16.235352
1493852612.339207,-0.604980,0.120117,-0.138184,-21.972656,-9.216309,-14.343262
1493852612.341866,-0.603516,0.017578,-0.244629,-22.583008,-7.568359,-14.892578
1493852612.344543,-0.632324,0.046875,-0.212891,-22.521973,-7.446289,-16.906738
1493852612.347226,-0.638672,0.054688,-0.202148,-23.803711,-7.995605,-19.042969
1493852612.349915,-0.742676,0.045898,-0.150391,-24.353027,-9.033203,-21.240234
1493852612.352600,-0.599609,0.017578,-0.161621,-23.803711,-8.361816,-22.277832
1493852612.355279,-0.630371,-0.016113,-0.039062,-25.268555,-6.103516,-21.362305
1493852612.357967,-0.614746,-0.015137,-0.229980,-24.658203,-2.868652,-20.446777
1493852612.360658,-0.584961,-0.028320,-0.150391,-26.367188,1.831055,-20.751953
1493852612.363343,-0.612793,-0.049316,-0.139648,-26.550293,4.455566,-21.911621
1493852612.366023,-0.642578,-0.048340,-0.216797,-24.230957,4.821777,-23.132324
1493852612.368711,-0.655762,-0.036621,-0.149902,-22.460938,5.126953,-20.935059
1493852612.371398,-0.702637,-0.033691,-0.181641,-19.592285,4.272461,-18.188477
1493852612.374079,-0.659668,-0.014648,-0.187012,-18.249512,2.990723,-1.953125
1493852612.376760,-0.701172,-0.018555,-0.171875,-15.625000,2.075195,-13.732910
1493852612.379426,-0.705078,-0.012207,-0.192383,-12.390137,-0.366211,-9.948730
1493852612.382021,-0.668945,-0.026367,-0.154297,-11.779785,-0.732422,-6.958008
1493852612.384571,-0.637695,0.098145,-0.151855,-10.803223,-2.014160,-4.394531
1493852612.387115,-0.629883,-0.024414,-0.224121,-10.742188,-1.953125,-1.770020
1493852612.389729,-0.630859,0.116699,-0.171387,-9.521484,-2.258301,-0.549316
1493852612.392410,-0.672363,-0.012207,-0.121094,-8.972168,-4.089355,1.464844
1493852612.395081,-0.653809,-0.010742,-0.207520,-6.164551,-3.417969,1.586914
1493852612.397759,-0.654785,-0.007324,-0.228027,-4.028320,-4.028320,3.295898
1493852612.400435,-0.656738,0.018555,-0.216797,-4.455566,-4.272461,4.394531
1493852612.403109,-0.680176,0.012695,-0.164551,-5.065918,-5.310059,5.310059
1493852612.405780,-0.658691,0.102051,-0.147949,-4.089355,-5.371094,6.896973
1493852612.408475,-0.636719,-0.007324,-0.109375,-2.563477,-5.249023,8.178711
1493852612.411174,-0.662109,-0.000488,-0.173340,-2.075195,-7.141113,9.765625
1493852612.413847,-0.681152,-0.002441,-0.121582,-1.892090,-9.155273,10.131836
1493852612.416524,-0.678223,-0.014160,-0.157715,3.601074,-12.268066,11.535645
1493852612.419209,-0.651855,-0.044434,-0.202148,11.230469,-18.676758,14.221191
1493852612.422004,-0.683105,-0.065430,-0.166016,19.897461,-23.925781,17.028809
1493852612.424745,-0.670410,-0.042480,-0.217773,24.475098,-24.719238,19.897461
1493852612.427421,-0.674316,-0.032715,-0.185059,24.597168,-22.766113,23.437500
1493852612.430072,-0.656738,0.031250,-0.244141,21.606445,-20.690918,24.475098
1493852612.432722,-0.636230,0.036621,-0.188965,17.578125,-17.639160,25.146484
1493852612.435376,-0.623047,0.062500,-0.149902,15.075684,-14.038086,25.573730
1493852612.438333,-0.645508,0.038086,-0.224121,10.498047,-11.474609,22.827148
1493852612.441360,-0.611328,0.026367,-0.158203,10.742188,-8.911133,19.836426
1493852612.444048,-0.593750,0.034668,-0.217773,10.498047,-7.812500,16.357422
1493852612.446729,-0.555664,0.040527,-0.228027,11.779785,-6.774902,13.000488
1493852612.449416,-0.621094,0.009277,-0.229980,10.253906,-4.333496,10.864258
1493852612.452111,-0.596680,0.029297,-0.227051,10.131836,-2.929688,10.375977
1493852612.454794,-0.736816,0.024902,-0.221680,8.300781,-1.403809,8.056641
1493852612.457472,-0.731445,0.010742,-0.144531,6.713867,-0.305176,7.202148
1493852612.460159,-0.650391,0.022461,-0.176758,6.286621,1.647949,6.774902
1493852612.462835,-0.588867,0.034668,-0.145996,5.737305,3.601074,7.385254
1493852612.465510,-0.625977,-0.008789,-0.125000,4.455566,6.286621,8.666992
1493852612.468181,-0.645996,-0.000488,-0.166504,7.568359,6.835938,10.437012
1493852612.470787,-0.553223,-0.002930,-0.126953,10.437012,6.896973,11.169434
1493852612.473340,-0.664551,0.011230,-0.210938,11.535645,6.286621,11.535645
1493852612.475892,-0.517578,0.023438,-0.152832,10.375977,5.065918,9.094238
1493852612.478443,-0.510742,0.062012,-0.152344,9.704590,5.493164,7.507324
1493852612.480993,-0.510742,0.062988,-0.222168,11.352539,8.361816,5.432129
1493852612.483548,-0.724609,0.057617,-0.155762,11.230469,10.009766,3.234863
1493852612.486101,-0.733887,0.085938,-0.175781,11.352539,12.573242,2.624512
1493852612.488735,-0.509766,0.033203,-0.116211,9.643555,13.244629,1.647949
1493852612.491374,-0.615234,0.039551,-0.196777,6.896973,14.953613,-15.075684
1493852612.493926,-0.611816,0.012695,-0.226562,6.225586,14.953613,-1.708984
1493852612.496474,-0.667480,0.031250,-0.214355,6.408691,15.625000,-2.746582
1493852612.499139,-0.728516,0.053711,-0.208984,7.995605,13.916016,-2.624512
1493852612.501874,-0.650391,0.039551,-0.154785,9.094238,13.793945,-3.967285
1493852612.504553,-0.674316,0.039551,-0.205566,9.765625,14.221191,-5.432129
1493852612.507233,-0.740234,0.046387,-0.248535,9.704590,15.625000,-6.469727
1493852612.509917,-0.651855,0.077148,-0.177246,11.474609,16.723633,-6.958008
1493852612.512605,-0.668945,0.085449,-0.176758,9.826660,15.930176,-9.033203
1493852612.515283,-0.611328,0.063965,-0.175293,6.591797,16.662598,-11.840820
1493852612.517966,-0.623047,0.056641,-0.169434,7.446289,16.906738,-14.648438
1493852612.520583,-0.626465,0.041504,-0.154297,8.789062,18.005371,-16.906738
1493852612.523134,-0.669434,0.022461,-0.263184,8.300781,17.822266,-18.127441
1493852612.525683,-0.658691,0.036133,-0.228027,9.338379,16.967773,-17.883301
1493852612.528250,-0.635742,0.039062,-0.275879,8.911133,13.427734,-17.028809
1493852612.530888,-0.664551,0.031738,-0.203613,10.192871,10.620117,-16.540527
1493852612.533575,-0.743652,0.048340,-0.212402,11.169434,7.629395,-0.122070
1493852612.536255,-0.692871,-0.119629,-0.203613,10.925293,4.577637,-14.160156
1493852612.538938,-0.683594,-0.066406,-0.144043,6.835938,-2.014160,9.216309
1493852612.541621,-0.700195,-0.032227,-0.156738,6.225586,-13.610840,7.446289
1493852612.544303,-0.708008,0.024902,-0.202148,8.850098,-19.226074,12.817383
1493852612.546988,-0.698242,0.065430,-0.201172,15.197754,-16.845703,6.591797
1493852612.549695,-0.662598,0.077148,-0.255371,15.869141,-13.244629,-1.220703
1493852612.552395,-0.654785,0.101562,-0.228027,12.756348,-11.352539,-8.300781
1493852612.555120,-0.678711,0.065430,-0.216797,9.887695,-7.324219,-15.808105
1493852612.557869,-0.743652,0.095703,-0.260254,11.596680,-3.845215,-21.972656
1493852612.560576,-0.615234,0.054688,-0.253906,10.559082,-0.854492,-27.282715
1493852612.563260,-0.631348,0.022949,-0.190918,9.094238,-1.281738,-30.639648
1493852612.566051,-0.567383,0.024902,-0.195312,7.812500,-0.427246,-32.409668
1493852612.568713,-0.613281,0.003418,-0.181641,10.559082,0.549316,-33.142090
1493852612.571311,-0.516113,-0.009277,-0.190430,9.582520,-0.671387,-29.785156
1493852612.573859,-0.630859,0.003418,-0.259766,9.155273,-3.662109,-24.353027
1493852612.576406,-0.661621,-0.038086,-0.224609,6.408691,-7.141113,-22.460938
1493852612.578958,-0.648926,0.001465,-0.195312,9.216309,-7.629395,-21.118164
1493852612.581507,-0.665039,-0.014648,-0.209961,12.756348,-6.835938,-19.714355
1493852612.584054,-0.643066,-0.041504,-0.163574,14.953613,-6.896973,-18.310547
1493852612.586601,-0.713867,-0.008301,-0.216309,17.028809,-8.544922,-15.869141
1493852612.589157,-0.680664,0.014648,-0.258301,18.127441,-7.873535,-17.761230
1493852612.591713,-0.656250,0.015625,-0.284668,19.287109,-6.896973,-20.874023
1493852612.594266,-0.667480,0.018555,-0.242188,21.423340,-7.751465,-21.667480
1493852612.596815,-0.658203,0.033203,-0.234863,21.057129,-9.277344,-19.226074
1493852612.599437,-0.665039,0.011230,-0.192383,18.981934,-13.061523,-17.700195
1493852612.602062,-0.669434,0.006836,-0.212402,19.287109,-14.343262,-19.226074
1493852612.604617,-0.735840,0.025391,-0.267090,20.324707,-14.709473,-21.850586
1493852612.607171,-0.648438,0.012695,-0.173340,21.240234,-13.610840,-23.193359
1493852612.609825,-0.650879,-0.115234,-0.223633,22.277832,-11.718750,-24.719238
1493852612.612550,-0.642578,0.015625,-0.160156,18.981934,-12.207031,-24.963379
1493852612.615233,-0.682129,-0.003418,-0.061523,16.906738,-13.244629,-23.254395
1493852612.617920,-0.702637,0.009277,-0.169434,13.122559,-15.197754,-20.996094
1493852612.620612,-0.733398,0.028320,-0.189453,13.977051,-16.967773,-18.920898
1493852612.623294,-0.742188,0.034180,-0.132812,15.625000,-17.761230,-16.174316
1493852612.625979,-0.726562,0.017090,-0.016113,18.920898,-16.235352,-17.456055
1493852612.628654,-0.726074,0.032715,-0.205566,21.850586,-15.075684,-18.188477
1493852612.631259,-0.708008,0.012695,-0.105469,21.789551,-14.709473,-21.057129
1493852612.633810,-0.666504,0.014648,-0.166992,21.728516,-13.793945,-23.498535
1493852612.636356,-0.706543,0.002930,-0.099121,21.057129,-13.305664,-26.306152
1493852612.638954,-0.688477,0.024414,-0.173828,22.583008,-12.145996,-28.137207
1493852612.641617,-0.702637,0.022949,-0.116699,22.644043,-10.375977,-28.503418
1493852612.644289,-0.698242,0.019531,-0.097168,21.545410,-9.704590,-28.991699
1493852612.646959,-0.655762,0.028320,-0.140625,21.118164,-8.789062,-29.785156
1493852612.649648,-0.663574,0.016602,-0.094238,21.972656,-7.263184,-30.212402
1493852612.652335,-0.659668,0.017578,-0.044434,22.094727,-5.187988,-31.921387
1493852612.655001,-0.660645,0.014648,-0.204590,22.705078,-5.065918,-32.836914
1493852612.657688,-0.675781,0.049805,-0.150879,21.362305,-1.220703,-33.996582
1493852612.660363,-0.667480,0.038086,-0.178711,21.179199,1.098633,-36.315918
1493852612.663006,-0.654785,0.007324,-0.144043,18.676758,5.004883,-38.452148
1493852612.665649,-0.681152,0.013672,-0.179688,17.883301,7.751465,-39.062500
1493852612.668310,-0.668457,0.031738,-0.229004,16.052246,9.704590,-39.794922
1493852612.670992,-0.685547,0.011230,-0.187500,18.127441,10.009766,-42.663574
1493852612.673672,-0.709473,0.021484,-0.250488,17.700195,9.277344,-46.569824
1493852612.676350,-0.695312,-0.096191,-0.222168,19.409180,9.643555,-49.316406
1493852612.678996,-0.707031,0.117676,-0.253906,20.202637,9.826660,-52.978516
1493852612.681576,-0.741699,0.008789,-0.227051,19.836426,9.582520,-54.260254
1493852612.684125,-0.727539,-0.014160,-0.173340,19.653320,8.056641,-54.077148
1493852612.686674,-0.765137,-0.004883,-0.173828,21.118164,7.751465,-52.551270
1493852612.689291,-0.732422,0.014648,-0.261230,23.132324,4.394531,-52.856445
1493852612.691975,-0.749512,0.012695,-0.351562,24.841309,4.394531,-55.603027
1493852612.694649,-0.741699,-0.006836,-0.246582,25.817871,4.760742,-55.358887
1493852612.697325,-0.849609,0.025391,-0.243652,25.146484,0.793457,-55.297852
1493852612.700012,-0.719727,0.057617,-0.179199,23.620605,-1.586914,-58.837891
1493852612.702814,-0.736328,0.055664,-0.241699,26.000977,0.610352,-63.781738
1493852612.705493,-0.784668,0.055664,-0.133301,26.062012,2.075195,-65.368652
1493852612.708175,-0.767090,0.063965,-0.234863,23.986816,-0.305176,-68.847656
1493852612.710859,-0.856934,0.096680,-0.203613,24.353027,2.563477,-74.584961
1493852612.713544,-0.776855,0.060059,-0.222656,26.611328,8.178711,-93.017578
1493852612.716227,-0.769043,0.030273,-0.296875,24.841309,9.765625,-80.444336
1493852612.718882,-0.756836,0.028320,-0.168457,22.644043,6.530762,-81.298828
1493852612.721465,-0.748535,0.022461,-0.171387,23.254395,4.699707,-80.871582
1493852612.724008,-0.765137,0.024414,-0.181152,24.719238,4.272461,-79.833984
1493852612.726552,-0.825684,-0.002441,-0.228027,24.841309,2.746582,-78.674316
1493852612.729148,-0.782715,0.015625,-0.126953,26.672363,-1.464844,-77.148438
1493852612.731814,-0.831543,0.000000,-0.123535,26.733398,-6.408691,-75.805664
1493852612.734494,-0.813965,0.022949,-0.174805,28.686523,-10.070801,-75.866699
1493852612.737175,-0.820801,0.029297,-0.186523,27.160645,-31.005859,-76.843262
1493852612.739877,-0.834961,0.043457,-0.169922,29.357910,-0.549316,-79.956055
1493852612.742576,-0.793945,0.056641,-0.130371,31.127930,-13.305664,-82.580566
1493852612.745257,-0.772949,0.034668,-0.191406,30.700684,-10.314941,-84.106445
1493852612.747940,-0.819824,0.039551,-0.123535,29.846191,-7.812500,-86.853027
1493852612.750621,-0.761230,0.053711,-0.234375,27.709961,-6.164551,-90.454102
1493852612.753303,-0.758789,0.034180,-0.138672,29.602051,-2.990723,-93.139648
1493852612.755984,-0.786621,-0.019531,-0.097168,28.747559,-0.732422,-96.618652
1493852612.758685,-0.791504,-0.000977,-0.199219,28.076172,-1.464844,-98.571777
1493852612.761386,-0.823730,0.013672,-0.190430,29.357910,-2.929688,-100.219727
1493852612.764066,-0.787598,0.116211,-0.080566,30.273438,-0.244141,-102.050781
1493852612.766747,-0.824219,0.007324,-0.187988,33.508301,2.502441,-103.149414
1493852612.769382,-0.794922,0.020508,-0.161621,34.484863,5.004883,-103.393555
1493852612.771945,-0.840820,0.011230,-0.096680,34.484863,5.432129,-106.079102
1493852612.774493,-0.830566,0.012695,-0.130371,33.447266,5.554199,-106.689453
1493852612.777041,-0.835449,0.022461,-0.234375,34.118652,4.089355,-107.055664
1493852612.779667,-0.804199,0.002930,-0.073730,37.902832,4.821777,-106.201172
1493852612.782361,-0.844727,-0.000977,-0.194824,40.771484,5.676270,-104.919434
1493852612.785038,-0.851074,0.018555,-0.114746,41.015625,8.972168,-106.750488
1493852612.787724,-0.953613,0.018555,-0.142578,38.574219,9.094238,-107.666016
1493852612.790411,-0.832031,0.026855,-0.101562,38.452148,8.239746,-109.008789
1493852612.793089,-0.905762,0.075684,-0.029297,40.588379,7.263184,-110.046387
1493852612.795763,-0.914062,0.057617,-0.145020,41.198730,5.432129,-112.121582
1493852612.798476,-0.966309,0.080566,-0.202637,42.541504,4.333496,-113.952637
1493852612.801190,-1.109863,0.097168,-0.169434,45.349121,3.662109,-114.868164
1493852612.803867,-1.054199,0.234863,-0.173828,45.715332,3.784180,-116.699219
1493852612.806542,-1.066406,0.149902,-0.204590,44.250488,2.319336,-118.835449
1493852612.809230,-1.114258,0.116699,-0.218262,46.203613,1.037598,-120.361328
1493852612.811919,-1.233887,0.144043,-0.233398,46.997070,0.183105,-122.863770
1493852612.814599,-1.000977,0.113770,-0.181152,51.269531,-1.403809,-126.403809
1493852612.817277,-1.132324,0.139648,-0.251465,56.213379,-1.403809,-129.516602
1493852612.819902,-1.128906,0.174805,-0.126465,61.462402,-3.601074,-130.737305
1493852612.822463,-1.109375,0.193359,-0.221680,64.086914,-6.652832,-135.253906
1493852612.825015,-1.123047,0.221680,-0.175293,66.711426,-11.230469,-139.831543
1493852612.827565,-1.091797,0.296875,-0.219238,69.396973,-14.831543,-144.165039
1493852612.830118,-1.103516,0.378906,-0.192383,79.772949,-14.282227,-149.414062
1493852612.832672,-1.082031,0.506836,-0.165527,89.050293,-12.878418,-152.465820
1493852612.835221,-1.043945,0.585449,-0.188965,97.229004,-9.582520,-155.700684
1493852612.837785,-1.056152,0.682617,-0.138672,106.750488,-5.859375,-156.433105
1493852612.840420,-0.987793,0.867676,-0.042480,113.037109,-3.967285,-156.372070
1493852612.843206,-0.982910,0.802246,-0.047852,117.675781,-3.112793,-160.400391
1493852612.845889,-1.086914,0.812988,-0.047852,120.788574,-4.455566,-167.419434
1493852612.848576,-1.079590,0.868652,0.019043,120.178223,-12.878418,-178.710938
1493852612.851264,-1.091309,0.686523,0.028809,116.882324,-20.690918,-192.871094
1493852612.853948,-1.113281,0.666504,0.105957,113.586426,-25.695801,-214.233398
1493852612.856629,-1.024414,0.662109,-0.016602,107.543945,-23.315430,-210.388184
1493852612.859317,-0.975098,0.643066,-0.067383,89.172363,-8.789062,-221.557617
1493852612.862004,-0.997559,0.507324,-0.095215,68.359375,17.395020,-248.413086
1493852612.864686,-1.101074,0.345703,-0.111816,35.888672,52.612305,-247.497559
1493852612.867369,-1.136719,0.224121,-0.016113,2.502441,80.261230,-265.441895
1493852612.870075,-1.229492,0.043457,0.024414,-18.676758,91.186523,-285.217285
1493852612.872782,-1.321289,-0.039062,-0.093750,-33.630371,91.857910,-306.274414
1493852612.875464,-1.257324,-0.146484,-0.228027,-37.597656,91.064453,-325.012207
1493852612.878139,-1.393555,-0.176758,-0.094238,-23.620605,79.956055,-335.205078
1493852612.880745,-1.363281,-0.150391,-0.226074,3.051758,62.561035,-335.083008
1493852612.883293,-1.369141,-0.002930,-0.261230,15.808105,41.442871,-326.293945
1493852612.885846,-1.366699,-0.096680,-0.374512,41.870117,30.090332,-310.546875
1493852612.888422,-1.376465,0.002930,-0.397461,58.349609,12.268066,-293.273926
1493852612.891064,-1.378418,0.026855,-0.483887,59.570312,3.112793,-277.954102
1493852612.893739,-1.323730,0.043945,-0.385254,53.100586,2.563477,-269.531250
1493852612.896415,-1.266113,-0.034668,-0.374512,41.687012,7.507324,-268.066406
1493852612.899096,-1.244141,-0.145508,-0.378418,28.991699,13.854980,-271.667480
1493852612.901779,-1.175781,-0.179199,-0.395996,21.972656,18.432617,-279.418945
1493852612.904453,-1.090820,-0.222656,-0.481934,24.658203,19.592285,-288.085938
1493852612.907130,-1.066406,-0.233398,-0.406250,37.597656,16.662598,-291.748047
1493852612.909809,-1.032227,-0.213867,-0.552246,55.480957,14.831543,-298.889160
1493852612.912492,-1.097168,-0.164062,-0.590332,73.425293,12.329102,-303.039551
1493852612.915175,-1.110840,-0.000488,-0.531250,86.853027,10.314941,-303.161621
1493852612.917874,-0.978516,-0.027344,-0.648438,90.454102,7.812500,-283.264160
1493852612.920575,-0.929199,0.058594,-0.690918,90.087891,5.554199,-291.442871
1493852612.923254,-0.952637,0.117676,-0.524902,88.378906,3.906250,-278.686523
1493852612.925931,-0.937500,0.192871,-0.601562,87.646484,3.356934,-261.535645
1493852612.928589,-0.770508,0.358887,-0.530762,87.402344,5.371094,-243.347168
1493852612.931179,-0.838867,0.291504,-0.448242,87.646484,9.582520,-226.257324
1493852612.933727,-0.731934,0.330078,-0.539551,90.881348,16.052246,-208.801270
1493852612.936279,-0.682617,0.381836,-0.462891,92.895508,19.348145,-193.847656
1493852612.938887,-0.661621,0.427246,-0.455566,93.933105,25.207520,-179.199219
1493852612.941564,-0.558105,0.458984,-0.540527,95.764160,45.593262,-169.189453
1493852612.944245,-0.500977,0.487305,-0.462891,97.351074,36.132812,-160.705566
1493852612.946929,-0.462402,0.482910,-0.380859,102.355957,41.320801,-152.648926
1493852612.949615,-0.371094,0.457520,-0.453125,107.421875,46.142578,-144.287109
1493852612.952303,-0.310547,0.359863,-0.342773,117.004395,50.476074,-137.756348
1493852612.954982,-0.259277,0.208496,-0.368652,128.417969,55.603027,-132.690430
1493852612.957683,-0.257324,-0.104004,-0.333008,131.103516,59.326172,-128.906250
1493852612.960389,-0.262695,-0.337402,-0.325684,124.389648,61.340332,-128.723145
1493852612.963069,-0.229004,-0.528809,-0.190918,118.164062,62.255859,-129.211426
1493852612.965752,-0.172852,-0.693359,-0.024414,124.755859,64.880371,-130.615234
1493852612.968457,-0.073242,-0.767578,0.130859,147.949219,77.697754,-133.422852
1493852612.971165,-0.022949,-0.785156,0.224121,182.312012,96.374512,-131.896973
1493852612.973853,-0.088379,-0.659668,-0.115234,217.956543,106.079102,-124.084473
1493852612.976538,-0.200684,-0.425293,-0.218262,245.727539,97.534180,-90.881348
1493852612.979299,-0.328125,-0.032227,-0.471191,239.257812,64.025879,-58.044434
1493852612.981879,-0.354004,0.018555,-0.554688,192.443848,9.765625,-28.137207
1493852612.984426,-0.352539,0.106934,-0.361328,127.319336,-38.635254,22.277832
1493852612.986974,-0.295898,0.099609,-0.068359,83.923340,-66.711426,67.382812
1493852612.989580,-0.284668,0.061523,0.082031,68.237305,-71.411133,104.187012
1493852612.992260,-0.295898,0.087891,-0.038574,68.725586,-65.063477,133.239746
1493852612.994944,-0.316406,0.109863,-0.110840,82.214355,-58.776855,154.418945
1493852612.997627,-0.360840,0.124512,-0.063965,91.857910,-56.945801,170.837402
1493852613.000354,-0.333008,0.180664,-0.138672,92.529297,-52.307129,186.035156
1493852613.003036,-0.327637,0.258301,-0.031250,88.623047,-45.837402,202.392578
1493852613.005715,-0.291992,0.380859,-0.025879,83.374023,-40.039062,219.726562
1493852613.008396,-0.264648,0.475098,-0.166504,79.345703,-17.944336,240.112305
1493852613.011079,-0.239746,0.604004,-0.202148,75.134277,-28.747559,258.850098
1493852613.013762,-0.165527,0.676758,-0.157715,72.753906,-26.916504,269.409180
1493852613.016443,-0.140137,0.699219,-0.187988,70.434570,-25.817871,269.348145
1493852613.019127,-0.040527,0.718750,-0.202148,67.443848,-27.832031,258.361816
1493852613.021814,-0.005371,0.734863,-0.154297,64.941406,-27.099609,240.966797
1493852613.024498,-0.077148,0.761230,-0.144531,62.988281,-27.160645,219.970703
1493852613.027180,0.009766,0.723633,-0.062500,61.462402,-27.954102,197.448730
1493852613.029826,0.012207,0.705566,-0.077148,57.739258,-28.137207,186.340332
1493852613.032402,0.019043,0.680664,-0.065918,55.541992,-25.268555,164.489746
1493852613.034952,-0.004883,0.636719,-0.054688,53.405762,-18.676758,143.798828
1493852613.037504,-0.028809,0.576172,-0.125000,52.734375,-9.521484,126.403809
1493852613.040139,-0.073730,0.472656,0.003418,52.734375,2.197266,114.196777
1493852613.042816,-0.099609,0.422363,-0.035156,32.348633,12.878418,106.933594
1493852613.045495,-0.114258,0.359375,-0.112793,46.508789,20.996094,106.079102
1493852613.048187,-0.142090,0.295898,-0.034668,45.837402,24.902344,111.022949
1493852613.050879,-0.189941,0.233887,-0.012207,44.433594,25.756836,119.384766
1493852613.053563,-0.214844,0.216797,-0.099121,46.142578,25.573730,129.699707
1493852613.056241,-0.280762,0.162598,-0.066406,48.217773,24.414062,140.075684
1493852613.058942,-0.300781,0.134766,-0.042480,50.354004,22.705078,149.291992
1493852613.061651,-0.285156,0.166992,-0.074219,52.490234,22.033691,156.250000
1493852613.064331,-0.294434,0.150391,-0.012695,53.161621,21.850586,161.376953
1493852613.067012,-0.292969,0.156250,-0.048828,53.161621,21.362305,165.222168
1493852613.069650,-0.276367,0.175293,-0.062988,54.199219,20.019531,169.006348
1493852613.072220,-0.317871,0.166504,-0.077148,52.246094,18.371582,172.607422
1493852613.074771,-0.286621,0.213867,-0.048340,49.926758,17.028809,175.231934
1493852613.077322,-0.274414,0.216309,-0.017090,45.288086,15.502930,180.603027
1493852613.079884,-0.251465,0.244141,-0.099121,41.076660,15.319824,186.523438
1493852613.082446,-0.268555,0.243652,-0.037109,36.682129,16.479492,193.359375
1493852613.084993,-0.306641,0.241699,-0.015625,29.296875,19.104004,201.721191
1493852613.087541,-0.289551,0.263672,-0.038086,21.972656,21.667480,211.608887
1493852613.090134,-0.333496,0.229004,-0.065918,13.549805,26.367188,221.557617
1493852613.092817,-0.362305,0.220215,-0.040527,8.605957,30.090332,234.008789
1493852613.095496,-0.344238,0.202637,-0.059570,3.417969,35.095215,245.849609
1493852613.098184,-0.412109,0.214355,0.037109,0.122070,39.367676,257.385254
1493852613.100871,-0.419922,0.198730,-0.058105,-0.549316,41.870117,267.395020
1493852613.103547,-0.431641,0.225586,-0.036133,-1.342773,43.945312,274.658203
1493852613.106223,-0.455078,0.242188,-0.091309,0.305176,45.593262,279.174805
1493852613.108907,-0.419922,0.272461,0.023926,-0.671387,46.813965,296.447754
1493852613.111590,-0.464355,0.309082,-0.054688,-0.305176,46.325684,283.264160
1493852613.114270,-0.458008,0.293945,0.033691,2.014160,47.424316,284.667969
1493852613.117057,-0.453125,0.312012,0.097656,1.403809,49.194336,285.217285
1493852613.119690,-0.478516,0.340820,-0.019531,-1.220703,51.086426,285.156250
1493852613.122256,-0.479980,0.332520,-0.116699,-2.807617,53.100586,285.522461
1493852613.124803,-0.468262,0.327637,0.064941,-3.234863,55.175781,286.010742
1493852613.127351,-0.498047,0.314941,-0.029297,-5.676270,58.410645,285.766602
1493852613.129901,-0.518555,0.307129,-0.044434,-9.460449,59.509277,285.339355
1493852613.132452,-0.475098,0.335449,-0.112793,-10.559082,62.927246,285.400391
1493852613.135003,-0.518555,0.289062,-0.049805,-11.901855,66.406250,284.729004
1493852613.137552,-0.541504,0.312500,-0.112793,-13.916016,68.481445,283.691406
1493852613.140324,-0.614746,0.281738,-0.043945,-15.319824,69.641113,282.653809
1493852613.142879,-0.612793,0.289551,-0.093750,-19.409180,71.228027,282.531738
1493852613.145432,-0.724121,0.309082,-0.119629,-20.507812,72.448730,282.165527
1493852613.148036,-0.737793,0.294922,-0.037109,-23.803711,74.768066,284.790039
1493852613.150687,-0.655762,0.298340,-0.050781,-24.597168,76.293945,286.010742
1493852613.153331,-0.652344,0.290527,-0.113770,-28.625488,77.453613,288.391113
1493852613.156100,-0.741699,0.259766,-0.037109,-32.653809,77.941895,289.611816
1493852613.158855,-0.729980,0.262695,-0.056152,-33.203125,79.040527,291.687012
1493852613.161633,-0.846680,0.247559,-0.099609,-35.766602,79.589844,292.724609
1493852613.164318,-0.719727,0.238281,-0.034668,-37.231445,80.078125,293.701172
1493852613.167000,-0.791504,0.242188,-0.107422,-40.100098,80.383301,294.738770
1493852613.169641,-0.794922,0.269043,-0.113281,-41.259766,79.833984,297.424316
1493852613.172213,-0.849609,0.245605,-0.024902,-45.043945,78.491211,299.926758
1493852613.174768,-0.879883,0.278809,-0.106445,-47.180176,76.721191,302.246094
1493852613.177323,-0.868652,0.301270,-0.125488,-47.973633,74.645996,303.833008
1493852613.179949,-0.939453,0.319824,-0.061523,-51.452637,71.594238,305.908203
1493852613.182645,-0.941406,0.345703,-0.143066,-53.344727,69.274902,305.297852
1493852613.185357,-1.112793,0.328125,-0.075684,-57.189941,67.749023,301.147461
1493852613.188084,-1.019531,0.303711,-0.103027,-59.082031,67.321777,296.569824
1493852613.190708,-1.026855,0.285156,-0.050781,-62.927246,68.481445,293.518066
1493852613.193516,-1.104492,0.256836,-0.107422,-63.781738,69.519043,284.240723
1493852613.196327,-1.123047,0.216309,-0.146484,-64.270020,70.983887,280.639648
1493852613.198905,-1.179199,0.179199,-0.185547,-62.988281,72.875977,279.296875
1493852613.201483,-1.201660,0.169922,-0.138184,-58.715820,75.134277,278.991699
1493852613.204035,-1.214355,0.166016,-0.230469,-57.006836,75.988770,278.015137
1493852613.206583,-1.251465,0.170898,-0.195801,-61.950684,73.974609,277.221680
1493852613.209410,-1.279297,0.170898,-0.227051,-62.377930,72.814941,275.512695
1493852613.212308,-1.369141,0.154297,-0.190918,-58.166504,72.265625,273.620605
1493852613.214988,-1.351562,0.111328,-0.257812,-57.067871,74.707031,272.888184
1493852613.217678,-1.401855,0.069824,-0.276855,-58.410645,76.904297,269.531250
1493852613.220301,-1.438965,0.019043,-0.307129,-63.964844,81.359863,262.878418
1493852613.222854,-1.438965,-0.064941,-0.314941,-66.955566,85.693359,253.295898
1493852613.225407,-1.496094,-0.170410,-0.343262,-70.068359,91.186523,243.103027
1493852613.227975,-1.499512,-0.231445,-0.373535,-73.486328,94.665527,232.971191
1493852613.230614,-1.618652,-0.286621,-0.413574,-79.833984,101.806641,226.440430
1493852613.233299,-1.531250,-0.348633,-0.323242,-87.524414,105.651855,228.759766
1493852613.235983,-1.554199,-0.429199,-0.358398,-93.627930,105.529785,237.487793
1493852613.238648,-1.583496,-0.482422,-0.313965,-98.510742,102.172852,251.098633
1493852613.241244,-1.615723,-0.524902,-0.326660,-101.318359,97.656250,267.272949
1493852613.243795,-1.606934,-0.535156,-0.266113,-101.562500,95.642090,274.108887
1493852613.246347,-1.564453,-0.518555,-0.138672,-103.271484,93.872070,286.437988
1493852613.248970,-1.551758,-0.505371,-0.130859,-104.431152,94.055176,295.593262
1493852613.251596,-1.518555,-0.477051,-0.247559,-106.140137,97.167969,300.048828
1493852613.254283,-1.451660,-0.440918,-0.202637,-104.919434,100.646973,300.354004
1493852613.256837,-1.412598,-0.429688,-0.233887,-104.736328,104.370117,296.630859
1493852613.259448,-1.388184,-0.458984,-0.122559,-104.919434,105.712891,290.344238
1493852613.262127,-1.264648,-0.423340,-0.160156,-104.614258,106.994629,281.860352
1493852613.264811,-1.317871,-0.460938,-0.216797,-101.257324,111.328125,270.202637
1493852613.267494,-1.370605,-0.435547,-0.152344,-98.815918,116.333008,254.699707
1493852613.270124,-1.395996,-0.479492,-0.183594,-100.280762,117.797852,239.196777
1493852613.272675,-1.451660,-0.511230,-0.134766,-104.125977,115.783691,225.402832
1493852613.275225,-1.481445,-0.538574,-0.288574,-103.027344,112.548828,203.552246
1493852613.277782,-1.452637,-0.565430,-0.355469,-102.905273,109.741211,206.848145
1493852613.280410,-1.495605,-0.664062,-0.250000,-101.989746,106.079102,197.021484
1493852613.283092,-1.532715,-0.745605,-0.284668,-100.402832,101.196289,192.626953
1493852613.285770,-1.384277,-0.763672,-0.337402,-97.900391,95.642090,189.208984
1493852613.288471,-1.502930,-0.968262,-0.259766,-96.557617,88.684082,185.302734
1493852613.291172,-1.503418,-0.986816,-0.207031,-95.642090,79.345703,185.546875
1493852613.293850,-1.464355,-1.020508,-0.183105,-91.613770,71.472168,188.537598
1493852613.296530,-1.456543,-1.097656,-0.068359,-87.829590,65.917969,191.894531
1493852613.299215,-1.459961,-1.115234,-0.081543,-65.063477,61.279297,193.115234
1493852613.301901,-1.375488,-1.148926,-0.062500,-74.340820,56.335449,193.542480
1493852613.304584,-1.362305,-1.244629,-0.103027,-68.664551,52.673340,194.885254
1493852613.307267,-1.343262,-1.316895,-0.080078,-59.631348,47.790527,199.279785
1493852613.309948,-1.350586,-1.371094,-0.063965,-53.283691,42.358398,208.801270
1493852613.312631,-1.308105,-1.342773,0.022461,-40.405273,38.574219,219.604492
1493852613.315376,-1.178711,-1.493164,-0.121582,-29.846191,37.780762,219.482422
1493852613.318120,-1.034180,-1.385742,0.081055,-23.376465,38.696289,206.604004
1493852613.320735,-0.943359,-1.391602,0.075195,-18.249512,38.879395,183.105469
1493852613.323286,-0.860352,-1.329102,0.019531,-18.005371,36.499023,151.672363
1493852613.325836,-0.787109,-1.292969,-0.069336,-20.751953,32.531738,116.271973
1493852613.328391,-0.753418,-1.259766,0.044434,-23.559570,28.015137,82.824707
1493852613.330945,-0.774902,-1.227051,0.039062,-25.817871,23.925781,67.871094
1493852613.333494,-0.856934,-1.222656,0.062012,-27.221680,21.179199,44.067383
1493852613.336045,-0.881836,-1.212402,0.015137,-28.442383,21.789551,28.015137
1493852613.338629,-0.928711,-1.261230,0.039062,-30.273438,20.935059,17.272949
1493852613.341289,-1.026367,-1.308105,0.067871,-28.137207,18.310547,5.981445
1493852613.343972,-0.990234,-1.201172,0.015137,-24.963379,11.108398,-8.422852
1493852613.346653,-0.871094,-0.880859,0.028809,-28.625488,6.469727,-33.142090
1493852613.349300,-0.743652,-0.914551,0.004883,-39.978027,-14.404297,-62.438965
1493852613.351882,-0.691406,-0.919434,0.061523,-41.625977,-7.995605,-87.524414
1493852613.354429,-0.753418,-1.106934,-0.202148,-38.208008,-14.892578,-101.196289
1493852613.356979,-0.962891,-1.123535,-0.119141,-54.626465,-34.851074,-110.107422
1493852613.359636,-0.979492,-1.109863,0.011230,-86.730957,-59.875488,-148.620605
1493852613.362293,-1.070801,-1.224609,0.307129,-82.153320,-60.180664,-149.047852
1493852613.364844,-0.982422,-1.262695,0.024902,-39.794922,-40.588379,-147.583008
1493852613.367391,-1.002930,-1.271973,0.062988,14.526367,-26.306152,-130.493164
1493852613.370049,-0.950195,-1.169434,-0.150391,9.704590,-32.287598,-108.398438
1493852613.372773,-0.923340,-1.066406,0.024902,9.643555,-53.100586,-94.665527
1493852613.375450,-1.156250,-0.447266,-0.293945,-41.931152,-88.867188,-89.233398
1493852613.378130,-1.117188,-0.350586,-0.363770,-42.907715,-77.941895,-98.693848
1493852613.380746,-0.815918,-0.375488,0.063477,-5.004883,-13.122559,-126.220703
1493852613.383296,-0.621582,-0.360352,-0.133301,29.113770,37.536621,-155.212402
1493852613.385849,-0.428711,-0.196777,-0.053711,53.039551,103.942871,-164.123535
1493852613.388566,-0.417480,0.039062,-0.062988,48.706055,132.934570,-145.385742
1493852613.391240,-0.541504,0.435059,-0.077637,42.968750,127.075195,-103.637695
1493852613.393927,-0.755371,0.820801,-0.241699,50.903320,104.187012,-54.504395
1493852613.396612,-0.951660,1.308594,-0.293945,74.768066,83.740234,-11.901855
1493852613.399302,-1.087891,1.412109,-0.483887,96.679688,69.335938,20.874023
1493852613.401994,-1.122559,1.693848,-0.556641,102.539062,53.344727,43.762207
1493852613.404675,-1.124512,1.675781,-0.603027,92.407227,29.663086,28.991699
1493852613.407357,-1.108887,1.675781,-0.600098,64.819336,-5.249023,-30.029297
1493852613.410002,-0.935059,1.389648,-0.351074,37.780762,-41.076660,-57.128906
1493852613.412583,-0.768555,1.062500,-0.087402,34.118652,-69.580078,-135.131836
1493852613.415135,-0.715820,0.729980,-0.099609,39.245605,-84.228516,-215.454102
1493852613.417686,-0.604980,0.490723,0.037109,51.879883,-80.993652,-280.883789
1493852613.420364,-0.512695,0.035156,-0.004395,62.927246,-62.011719,-324.462891
1493852613.423050,-0.448242,-0.195312,0.044434,73.547363,-32.287598,-347.351074
1493852613.425740,-0.421875,-0.376465,-0.102539,79.956055,-1.037598,-352.661133
1493852613.428447,-0.600098,-0.563965,-0.041504,81.665039,23.742676,-343.750000
1493852613.431079,-0.561035,-0.619141,-0.199219,77.148438,33.508301,-327.331543
1493852613.433635,-0.846191,-0.599609,-0.246582,68.542480,45.227051,-309.082031
1493852613.436192,-1.118652,-0.513184,-0.321777,60.241699,43.762207,-292.785645
1493852613.438771,-1.261230,-0.399414,-0.346680,54.443359,34.057617,-269.409180
1493852613.441422,-1.404785,-0.271484,-0.283691,54.443359,16.235352,-253.784180
1493852613.444108,-1.419922,-0.212402,-0.312012,61.767578,-3.540039,-255.737305
1493852613.446791,-1.288574,-0.195312,-0.424316,64.880371,-25.878906,-243.225098
1493852613.449476,-1.138672,-0.206543,-0.257324,66.589355,-48.645020,-226.928711
1493852613.452157,-0.938477,-0.183594,-0.241699,70.312500,-65.673828,-207.031250
1493852613.454844,-0.873535,-0.180176,-0.179199,76.782227,-74.768066,-186.523438
1493852613.457533,-0.804688,-0.106934,-0.224609,84.838867,-74.279785,-170.715332
1493852613.460228,-0.744141,-0.019043,-0.335938,87.280273,-65.551758,-157.897949
1493852613.462917,-0.666992,0.052246,-0.170898,87.097168,-52.124023,-147.888184
1493852613.465607,-0.704102,0.089844,-0.224121,85.571289,-40.405273,-143.615723
1493852613.468302,-0.651855,0.013672,-0.304199,65.124512,-29.113770,-149.963379
1493852613.470997,-0.633301,0.147461,-0.420898,73.974609,-21.545410,-163.818359
1493852613.473681,-0.568848,0.171387,-0.412598,68.664551,-14.587402,-174.072266
1493852613.476367,-0.515625,0.116699,-0.449219,47.119141,-13.977051,-174.499512
1493852613.479044,-0.585938,0.044922,-0.611328,31.860352,-11.535645,-175.048828
1493852613.481647,-0.568359,-0.052246,-0.476074,27.282715,-11.291504,-178.222656
1493852613.484201,-0.651855,-0.125977,-0.562012,-1.220703,-31.127930,-179.870605
1493852613.486754,-0.697754,-0.198242,-0.377930,-28.747559,-21.667480,-176.269531
1493852613.489352,-0.813965,-0.248535,-0.322754,-52.429199,-31.188965,-161.743164
1493852613.492017,-0.800293,-0.274414,-0.238281,-68.969727,-42.541504,-134.582520
1493852613.494699,-0.841797,-0.314453,-0.213867,-77.575684,-53.527832,-124.389648
1493852613.497383,-0.847168,-0.359375,-0.089844,-76.416016,-58.654785,-105.346680
1493852613.500113,-0.815430,-0.350586,-0.050293,-64.941406,-58.959961,-100.280762
1493852613.502802,-0.671875,-0.274902,-0.108398,-46.203613,-56.579590,-89.599609
1493852613.505489,-0.698730,-0.161621,-0.198730,-33.447266,-53.344727,-50.231934
1493852613.508183,-0.660645,-0.112793,-0.166016,-30.517578,-49.621582,-23.925781
1493852613.510875,-0.691406,-0.099121,-0.116211,-29.724121,-46.569824,-26.000977
1493852613.513560,-0.732910,-0.092773,-0.073730,-28.686523,-46.142578,-27.343750
1493852613.516240,-0.614746,-0.086426,-0.089844,-26.550293,-46.997070,-36.499023
1493852613.518931,-0.658691,-0.082031,-0.024902,-24.719238,-46.203613,-45.104980
1493852613.521621,-0.623047,-0.128906,-0.101074,-25.024414,-42.236328,-47.790527
1493852613.524415,-0.624512,-0.097168,0.007324,-22.033691,-31.372070,-46.875000
1493852613.527102,-0.634277,-0.085449,0.000977,-18.798828,-18.676758,-41.137695
1493852613.529743,-0.635742,-0.052246,-0.128418,-16.052246,-5.493164,-33.630371
1493852613.532309,-0.626465,-0.012695,-0.156738,-15.563965,2.624512,-26.550293
1493852613.534860,-0.688477,-0.105957,-0.209961,-13.305664,4.028320,-24.902344
1493852613.537411,-0.657715,0.019043,-0.150391,-11.962891,-13.366699,-24.719238
1493852613.540030,-0.686523,0.067383,-0.138184,-7.873535,-2.258301,-24.963379
1493852613.542714,-0.640625,0.034668,-0.163574,-5.004883,-5.065918,-25.756836
1493852613.545392,-0.622559,0.072754,-0.237793,-5.126953,-2.990723,-24.719238
1493852613.548078,-0.645996,0.056152,-0.136230,-7.995605,-1.403809,-24.597168
1493852613.550764,-0.637695,0.048340,-0.146484,-9.765625,1.953125,-23.437500
1493852613.553442,-0.634277,0.041504,-0.132812,-11.535645,3.906250,-22.033691
1493852613.556127,-0.650391,0.077637,-0.173340,-14.160156,4.028320,-21.606445
1493852613.558813,-0.638672,0.100586,-0.184570,-13.427734,2.746582,-21.484375
1493852613.561502,-0.674316,0.056641,-0.142578,-13.977051,0.183105,-21.484375
1493852613.564188,-0.676758,0.078125,-0.164062,-13.793945,-1.403809,-21.179199
1493852613.566872,-0.615234,0.091309,-0.236328,-14.038086,-2.380371,-22.277832
1493852613.569563,-0.638672,0.069336,-0.041992,-15.991211,-2.258301,-21.484375
1493852613.572248,-0.656738,0.038574,-0.203613,-16.601562,-1.525879,-21.972656
1493852613.574932,-0.655762,0.039551,-0.171387,-16.906738,-1.098633,-22.827148
1493852613.577617,-0.541504,0.043457,-0.169434,-18.005371,1.586914,-23.010254
1493852613.580288,-0.683105,0.009277,-0.189453,-18.249512,3.051758,-21.545410
1493852613.582842,-0.659668,-0.118164,-0.179688,-17.578125,5.187988,-20.568848
1493852613.585395,-0.670898,-0.002441,-0.187500,-17.395020,7.202148,-19.653320
1493852613.587967,-0.663574,-0.004395,-0.163574,-15.991211,7.446289,-18.188477
1493852613.590540,-0.668945,0.102051,-0.132324,-15.380859,7.385254,-15.502930
1493852613.593091,-0.654297,-0.020508,-0.144531,-13.427734,6.958008,-12.573242
1493852613.595640,-0.630371,0.117676,-0.132812,-10.925293,4.943848,-10.864258
1493852613.598218,-0.671387,-0.113770,-0.218262,-9.460449,4.455566,-7.141113
1493852613.600858,-0.631348,0.002441,-0.180664,-7.751465,4.394531,-4.699707
1493852613.603535,-0.692383,0.009766,-0.152344,-5.493164,4.272461,-1.464844
1493852613.606212,-0.650391,0.028809,-0.241211,-3.356934,5.004883,1.220703
1493852613.608893,-0.664062,0.010742,-0.147949,-2.380371,5.554199,3.173828
1493852613.611576,-0.672363,0.040527,-0.171387,0.122070,5.310059,5.004883
1493852613.614252,-0.669434,0.029297,-0.218262,0.366211,4.882812,8.605957
1493852613.616925,-0.680176,0.039062,-0.126465,2.014160,3.479004,10.681152
1493852613.619606,-0.680176,0.050293,-0.183105,2.136230,3.601074,12.268066
1493852613.622284,-0.641113,0.074219,-0.205078,3.967285,3.112793,12.084961
1493852613.624964,-0.649902,0.082520,-0.142090,4.272461,2.807617,12.023926
1493852613.627669,-0.646484,0.078125,-0.175781,5.554199,2.136230,11.657715
1493852613.630370,-0.655762,0.074219,-0.128418,6.652832,3.234863,10.009766
1493852613.633049,-0.654297,0.069824,-0.242188,6.896973,4.516602,8.850098
1493852613.635725,-0.623047,0.071777,-0.159668,6.591797,5.371094,8.239746
1493852613.638387,-0.637695,0.053711,-0.076172,6.896973,5.615234,7.751465
1493852613.640982,-0.647949,0.052246,-0.131836,6.530762,6.774902,7.202148
1493852613.643523,-0.650391,0.055664,-0.219238,7.385254,7.324219,7.812500
1493852613.646065,-0.680176,0.043945,-0.197266,9.460449,7.995605,7.873535
1493852613.648692,-0.651855,0.063965,-0.216797,9.338379,8.361816,7.934570
1493852613.651320,-0.663574,0.031738,-0.159668,9.399414,8.544922,7.690430
1493852613.653868,-0.680664,0.021484,-0.143066,9.887695,7.263184,7.751465
1493852613.656418,-0.629883,0.041016,-0.229980,10.437012,6.713867,8.239746
1493852613.659048,-0.683594,0.056152,-0.240234,10.925293,4.394531,8.728027
1493852613.661726,-0.692383,0.056641,-0.156738,10.681152,2.319336,8.666992
1493852613.664414,-0.672852,0.044922,-0.304688,12.634277,0.671387,8.789062
1493852613.667213,-0.666992,0.044434,-0.220703,12.817383,-3.112793,10.009766
1493852613.670369,-0.674805,0.036133,-0.209961,12.573242,-6.225586,11.047363
1493852613.673057,-0.670898,0.055664,-0.247559,11.413574,-7.690430,11.535645
1493852613.675738,-0.660156,0.049805,-0.182617,12.451172,-9.155273,11.718750
1493852613.678425,-0.637695,0.043457,-0.129883,14.709473,-11.779785,11.718750
1493852613.681118,-0.644531,0.075195,-0.248535,13.671875,-10.864258,10.925293
1493852613.683908,-0.635742,0.052246,-0.182617,15.747070,-10.925293,10.314941
1493852613.686699,-0.630859,0.046875,-0.214844,15.441895,-11.962891,9.216309
1493852613.689346,-0.656250,0.068359,-0.183594,16.906738,-11.718750,8.178711
1493852613.691922,-0.611328,0.089844,-0.154785,17.517090,-12.268066,6.286621
1493852613.694473,-0.606934,0.075195,-0.096680,17.333984,-12.573242,4.455566
1493852613.697026,-0.634766,0.075684,-0.210938,16.235352,-12.756348,1.953125
1493852613.699581,-0.631348,0.086914,-0.141113,15.136719,-11.901855,-0.671387
1493852613.702129,-0.604492,0.118652,-0.194336,13.732910,-11.657715,-2.685547
1493852613.704674,-0.584961,0.100586,-0.158203,12.573242,-9.643555,-4.333496
1493852613.707219,-0.583984,0.109375,-0.188965,10.131836,-8.361816,-7.751465
1493852613.709765,-0.583008,0.098633,-0.195801,8.117676,-6.958008,-10.986328
1493852613.712312,-0.656250,0.070312,-0.214355,7.263184,-5.554199,-12.512207
1493852613.714856,-0.646973,0.078125,-0.185547,6.958008,-6.042480,-12.573242
1493852613.717402,-0.637695,0.062988,-0.126953,7.019043,-6.347656,-13.488770
1493852613.719948,-0.625000,0.062988,-0.177246,6.164551,-7.751465,-14.526367
1493852613.722496,-0.603516,0.075195,-0.217773,5.859375,-9.460449,-15.625000
1493852613.725042,-0.678223,0.070801,-0.234375,7.080078,-11.169434,-16.296387
1493852613.727591,-0.663574,0.078613,-0.236328,7.019043,-12.878418,-16.906738
1493852613.730246,-0.684570,0.058105,-0.138672,5.249023,-13.793945,-18.737793
1493852613.732804,-0.700195,0.099609,-0.161621,5.187988,-13.977051,-19.714355
1493852613.735355,-0.638672,0.080566,-0.154785,5.554199,-15.808105,-19.592285
1493852613.737978,-0.685059,0.070312,-0.148438,5.493164,-16.540527,-20.812988
1493852613.740599,-0.666504,0.069824,-0.185059,4.760742,-17.761230,-21.362305
1493852613.743150,-0.644043,0.102051,-0.151855,5.126953,-18.310547,-22.033691
1493852613.745704,-0.617188,0.090820,-0.196777,4.455566,-18.066406,-23.498535
1493852613.748297,-0.640625,0.075195,-0.195312,5.737305,-17.456055,-23.803711
1493852613.750960,-0.666504,0.007324,-0.148438,6.225586,-17.761230,-24.108887
1493852613.753642,-0.523438,0.017578,-0.226562,6.713867,-18.005371,-23.925781
1493852613.756318,-0.667480,0.030273,-0.176758,8.300781,-18.371582,-23.559570
1493852613.758999,-0.650391,0.064453,-0.228516,8.605957,-17.028809,-23.010254
1493852613.761680,-0.644043,0.042480,-0.134277,9.155273,-15.991211,-23.254395
1493852613.764359,-0.662109,0.039551,-0.185059,8.361816,-16.479492,-22.766113
1493852613.767038,-0.639160,0.041504,-0.174805,9.704590,-17.211914,-22.155762
1493852613.769676,-0.565918,0.038574,-0.129883,8.605957,-18.371582,-20.446777
1493852613.772243,-0.675781,0.048828,-0.177246,8.911133,-20.324707,-19.531250
1493852613.774792,-0.683105,0.042480,-0.226562,10.498047,-21.911621,-18.737793
1493852613.777342,-0.668457,0.046875,-0.145996,9.948730,-23.132324,-16.845703
1493852613.779932,-0.664551,0.078125,-0.177246,9.948730,-23.498535,-15.747070
1493852613.782521,-0.639160,0.060059,-0.122559,12.817383,-23.132324,-17.456055
1493852613.785071,-0.660156,0.065918,-0.202148,12.451172,-21.484375,-18.737793
1493852613.787623,-0.661621,0.062500,-0.219238,13.427734,-20.568848,-20.568848
1493852613.790255,-0.658203,0.084961,-0.199219,12.573242,-20.385742,-22.827148
1493852613.792817,-0.675781,0.086914,-0.248047,11.779785,-19.836426,-26.611328
1493852613.795423,-0.651855,0.067383,-0.140137,12.023926,-19.836426,-28.320312
1493852613.798032,-0.659668,0.073730,-0.202148,10.864258,-19.592285,-29.663086
1493852613.800668,-0.634277,0.062012,-0.156738,9.765625,-19.042969,-30.517578
1493852613.803471,-0.654297,0.026855,-0.158691,9.460449,-21.057129,-30.883789
1493852613.806154,-0.653809,0.051758,-0.187988,10.070801,-21.545410,-30.212402
1493852613.808864,-0.655762,0.064453,-0.251465,11.596680,-22.094727,-28.625488
1493852613.811573,-0.652832,0.028320,-0.194824,12.329102,-22.216797,-27.221680
1493852613.814260,-0.692871,0.020508,-0.203613,11.962891,-22.399902,-27.404785
1493852613.816945,-0.675293,0.048340,-0.232422,12.084961,-22.460938,-27.587891
1493852613.819638,-0.645996,0.043945,-0.125488,10.559082,-23.498535,-29.174805
1493852613.822330,-0.682617,0.050293,-0.150879,10.742188,-23.864746,-30.090332
1493852613.825010,-0.620605,0.038574,-0.141113,10.498047,-23.925781,-31.127930
1493852613.827698,-0.632812,0.041016,-0.202148,11.657715,-23.864746,-31.799316
1493852613.830317,-0.636230,0.024902,-0.148926,11.840820,-23.376465,-31.738281
1493852613.832871,-0.661621,0.007324,-0.148438,13.122559,-22.155762,-31.005859
1493852613.835423,-0.666504,0.008789,-0.166504,14.099121,-22.644043,-29.113770
1493852613.837990,-0.676758,0.040527,-0.215820,14.526367,-23.254395,-27.404785
1493852613.840557,-0.645508,0.022461,-0.147949,13.549805,-25.390625,-27.465820
1493852613.843110,-0.615234,0.030762,-0.160645,13.122559,-25.146484,-28.442383
1493852613.845662,-0.643066,0.014648,-0.164551,14.526367,-25.451660,-29.968262
1493852613.848273,-0.645996,0.001465,-0.191406,13.977051,-23.681641,-31.738281
1493852613.850890,-0.547363,-0.001465,-0.218750,14.648438,-22.277832,-32.348633
1493852613.853446,-0.748047,-0.010742,-0.119141,16.967773,-21.667480,-32.653809
1493852613.855997,-0.637695,-0.018555,-0.184570,20.324707,-20.812988,-32.409668
1493852613.858625,-0.640137,0.002930,-0.170898,21.667480,-18.005371,-31.982422
1493852613.861331,-0.652832,-0.010254,-0.138184,22.094727,-16.357422,-15.869141
1493852613.864017,-0.647949,-0.012695,-0.210449,22.338867,-16.357422,-46.813965
1493852613.866697,-0.657715,-0.000977,-0.237793,22.521973,-16.052246,-32.653809
1493852613.869389,-0.680664,-0.011230,-0.187988,24.353027,-15.625000,-33.020020
1493852613.872082,-0.640625,-0.018555,-0.165527,29.541016,-14.465332,-33.264160
1493852613.874765,-0.650391,0.006836,-0.123535,28.076172,-15.197754,-33.630371
1493852613.877451,-0.729004,0.019531,-0.179199,25.756836,-15.930176,-33.264160
1493852613.880144,-0.720215,0.042480,-0.162109,25.573730,-17.761230,-34.667969
1493852613.882830,-0.750488,0.034180,-0.083496,27.465820,-18.371582,-34.912109
1493852613.885515,-0.740234,0.068359,-0.144531,29.479980,-18.615723,-35.095215
1493852613.888200,-0.731445,0.077148,-0.137695,28.198242,-21.118164,-36.010742
1493852613.890885,-0.776367,0.085938,-0.156250,24.841309,-22.827148,-36.560059
1493852613.893570,-0.771484,0.116699,-0.111328,19.592285,-23.803711,-38.024902
1493852613.896254,-0.724121,0.104980,-0.075195,19.836426,-23.254395,-38.635254
1493852613.898913,-0.630859,0.068359,-0.027344,22.155762,-21.545410,-39.367676
1493852613.901505,-0.736328,0.066406,-0.152344,25.085449,-21.301270,-40.954590
1493852613.904059,-0.750977,0.077637,-0.134277,24.780273,-22.888184,-43.823242
1493852613.906614,-0.873535,0.062012,-0.105469,23.925781,-24.719238,-48.034668
1493852613.909213,-0.863281,0.097168,-0.093262,21.911621,-25.817871,-50.170898
1493852613.911883,-0.763184,0.113770,-0.040527,18.249512,-26.489258,-54.260254
1493852613.914568,-0.769531,0.115234,-0.121094,18.066406,-26.062012,-57.250977
1493852613.917253,-0.764648,0.135254,-0.082520,15.075684,-27.038574,-59.265137
1493852613.919944,-0.834473,0.121094,-0.046387,14.831543,-25.939941,-77.636719
1493852613.922628,-0.804688,0.106934,-0.149902,13.549805,-24.230957,-66.101074
1493852613.925312,-0.794922,0.093750,-0.125488,14.526367,-23.193359,-69.335938
1493852613.927997,-0.852539,0.121582,-0.122559,13.122559,-23.315430,-73.181152
1493852613.930684,-0.849609,0.100586,-0.223633,11.047363,-21.911621,-76.477051
1493852613.933372,-0.821777,0.122559,-0.158691,10.070801,-22.277832,-78.552246
1493852613.936054,-0.849609,0.092773,-0.085938,9.094238,-23.742676,-82.885742
1493852613.938745,-0.851074,0.087891,-0.121094,9.338379,-23.620605,-87.097168
1493852613.941550,-0.864746,0.130859,-0.197266,9.094238,-22.888184,-91.918945
1493852613.944233,-0.915527,0.071777,-0.081543,8.483887,-22.644043,-94.421387
1493852613.946914,-0.910156,0.090820,-0.122559,7.446289,-23.864746,-93.872070
1493852613.949554,-0.964355,0.087891,-0.097656,7.019043,-26.428223,-93.566895
1493852613.952125,-0.932617,0.108398,-0.159668,6.774902,-28.686523,-96.313477
1493852613.954677,-0.923340,0.104980,-0.173340,5.981445,-28.503418,-102.050781
1493852613.957230,-0.914062,0.090820,-0.119141,7.568359,-28.015137,-107.299805
1493852613.959809,-0.904785,0.116699,-0.148926,9.216309,-26.855469,-110.351562
1493852613.962386,-0.928711,0.071777,-0.121094,8.422852,-26.367188,-111.328125
1493852613.964933,-0.953125,0.084961,-0.196777,9.521484,-26.672363,-113.708496
