1493852637.855592,-0.565430,-0.056152,-0.136719,26.489258,-6.469727,-16.723633
1493852637.858204,-0.532227,-0.085449,-0.245605,23.498535,-8.911133,-14.465332
1493852637.860858,-0.544922,-0.094727,-0.128906,21.301270,-12.756348,-9.643555
1493852637.863409,-0.523438,-0.076172,-0.173828,22.888184,-13.793945,-6.774902
1493852637.865960,-0.532715,-0.040039,-0.186523,26.977539,-11.962891,-6.530762
1493852637.868529,-0.559570,-0.047363,-0.113770,27.160645,-8.605957,-7.202148
1493852637.871248,-0.568359,-0.049805,-0.179688,24.169922,-3.662109,-9.765625
1493852637.873797,-0.581543,-0.046387,-0.155762,23.254395,-2.990723,-12.695312
1493852637.876346,-0.567871,-0.081543,-0.128906,22.827148,-5.859375,-15.136719
1493852637.878986,-0.621094,-0.098633,-0.210938,22.338867,-9.155273,-14.465332
1493852637.881634,-0.603027,-0.076172,-0.103516,23.681641,-11.474609,-11.840820
1493852637.884188,-0.591309,-0.073242,-0.192871,22.888184,-9.216309,-9.338379
1493852637.886737,-0.556152,-0.051758,-0.157715,19.042969,-7.202148,-9.338379
1493852637.889876,-0.556152,-0.026855,-0.210449,14.953613,-1.037598,-10.803223
1493852637.893022,-0.537109,-0.031738,-0.133301,15.380859,1.831055,-11.596680
1493852637.895578,-0.485840,-0.055176,-0.205078,13.122559,4.272461,-13.610840
1493852637.898186,-0.386719,-0.052246,-0.229004,14.587402,4.089355,-15.258789
1493852637.900810,-0.521484,-0.072754,-0.239746,13.427734,3.356934,-14.831543
1493852637.903367,-0.516602,-0.067383,-0.179199,12.756348,1.892090,-15.625000
1493852637.905916,-0.489746,-0.103027,-0.221680,13.427734,2.075195,-17.639160
1493852637.908564,-0.553711,-0.068359,-0.241211,10.559082,4.577637,-18.920898
1493852637.911211,-0.544922,-0.071289,-0.173828,9.826660,5.737305,-20.202637
1493852637.913823,-0.581543,-0.083496,-0.218262,10.253906,8.178711,-20.141602
1493852637.916440,-0.593262,-0.096680,-0.183594,8.972168,10.559082,-19.836426
1493852637.919925,-0.596680,-0.096680,-0.104980,9.155273,12.817383,-19.226074
1493852637.922912,-0.631348,-0.109375,-0.058105,9.338379,12.634277,-18.005371
1493852637.925593,-0.525391,-0.123047,-0.123047,11.169434,10.375977,-17.028809
1493852637.928286,-0.663574,-0.104004,-0.086914,11.657715,10.681152,-16.418457
1493852637.930979,-0.681152,-0.103027,-0.095215,13.061523,10.192871,-14.526367
1493852637.933666,-0.662598,-0.079590,-0.210449,14.648438,8.483887,-13.549805
1493852637.936345,-0.704102,-0.106934,-0.113770,16.113281,7.385254,-12.023926
1493852637.939028,-0.708008,-0.067871,-0.220215,18.493652,6.225586,-10.864258
1493852637.941710,-0.708496,-0.056152,-0.218750,20.202637,2.624512,-8.972168
1493852637.944387,-0.692383,-0.047852,-0.141113,21.606445,-1.403809,-8.178711
1493852637.947063,-0.646484,-0.028320,-0.243652,23.010254,-3.295898,-6.347656
1493852637.949721,-0.642090,-0.027344,-0.169922,22.460938,-5.859375,-5.920410
1493852637.952312,-0.654785,-0.009277,-0.136719,23.925781,-5.981445,-7.995605
1493852637.954857,-0.592285,0.025391,-0.238281,21.545410,-5.126953,-11.657715
1493852637.957406,-0.632812,0.020508,-0.034668,18.798828,-3.173828,-15.930176
1493852637.959959,-0.590820,0.038574,-0.202148,15.991211,-0.793457,-21.301270
1493852637.962509,-0.587891,0.030762,-0.123047,11.779785,1.647949,-24.353027
1493852637.965056,-0.624512,0.048340,-0.040527,8.850098,4.333496,-31.738281
1493852637.967602,-0.617676,0.062988,-0.225586,5.981445,9.582520,-39.001465
1493852637.970149,-0.665039,-0.014648,-0.188965,3.845215,16.113281,-44.494629
1493852637.972697,-0.696289,-0.083008,-0.142090,2.014160,18.127441,-41.259766
1493852637.975245,-0.678223,-0.147949,-0.201172,2.990723,0.915527,-29.785156
1493852637.977868,-0.765625,-0.151367,-0.201172,4.882812,8.789062,-18.798828
1493852637.980508,-0.698730,-0.055664,-0.186523,7.446289,-0.671387,-12.145996
1493852637.983066,-0.731445,0.004883,-0.156738,7.446289,-9.277344,-30.517578
1493852637.985615,-0.765625,0.069824,-0.217773,8.178711,-11.840820,-26.611328
1493852637.988176,-0.730469,0.090820,-0.199219,7.568359,-8.300781,-42.419434
1493852637.990734,-0.790527,0.120605,-0.259766,6.408691,0.732422,-56.152344
1493852637.993280,-0.757812,0.107422,-0.354980,1.953125,8.300781,-68.725586
1493852637.995971,-0.785156,0.062988,-0.267578,0.366211,16.418457,-76.721191
1493852637.998615,-0.779785,0.046875,-0.361816,0.305176,21.118164,-80.505371
1493852638.001330,-0.806641,-0.047852,-0.328125,1.525879,25.024414,-83.801270
1493852638.004015,-0.783203,-0.085449,-0.373535,7.507324,26.123047,-85.083008
1493852638.006698,-0.839355,-0.152344,-0.351562,11.169434,25.695801,-83.251953
1493852638.009345,-0.792480,-0.109375,-0.329590,12.268066,20.446777,-78.491211
1493852638.011923,-0.828125,-0.137695,-0.259277,15.136719,12.878418,-72.143555
1493852638.014476,-0.820312,-0.069824,-0.250488,19.348145,5.004883,-69.396973
1493852638.017026,-0.846191,-0.051758,-0.244629,22.033691,-1.342773,-64.697266
1493852638.019619,-0.859375,0.002441,-0.229004,23.376465,-3.295898,-64.086914
1493852638.022218,-0.969727,0.024414,-0.226074,24.475098,-2.990723,-67.504883
1493852638.024769,-0.847656,0.025391,-0.119141,24.780273,-0.732422,-74.279785
1493852638.027318,-0.841309,0.017090,-0.166016,25.207520,1.770020,-81.420898
1493852638.029939,-0.855469,0.007812,-0.210938,26.733398,5.249023,-87.341309
1493852638.032629,-0.833008,0.008789,-0.240234,26.184082,6.530762,-91.857910
1493852638.035380,-0.844727,0.008789,-0.223633,25.695801,6.958008,-95.153809
1493852638.038137,-0.802246,0.015137,-0.241211,26.245117,7.446289,-95.642090
1493852638.040828,-0.846680,-0.011230,-0.155762,28.442383,7.202148,-96.435547
1493852638.043512,-0.860352,-0.006836,-0.295898,27.648926,7.141113,-98.266602
1493852638.046200,-0.875977,0.005859,-0.256836,28.442383,6.896973,-100.402832
1493852638.048892,-0.913574,0.012695,-0.194824,28.869629,7.629395,-102.783203
1493852638.051579,-0.922852,0.001465,-0.217773,29.907227,9.338379,-105.895996
1493852638.054261,-0.956543,0.000000,-0.288574,32.287598,10.620117,-109.924316
1493852638.056944,-0.952637,0.019043,-0.215820,33.874512,11.291504,-112.792969
1493852638.059601,-0.969727,0.024414,-0.258301,34.423828,11.840820,-116.210938
1493852638.062190,-0.941406,-0.004883,-0.231445,37.658691,12.451172,-117.492676
1493852638.064743,-1.009277,-0.120117,-0.273926,39.367676,13.244629,-119.323730
1493852638.067296,-1.000977,-0.012695,-0.244141,43.212891,13.061523,-121.887207
1493852638.069869,-0.990723,0.115723,-0.257324,46.691895,12.573242,-123.046875
1493852638.072440,-1.007812,-0.013184,-0.304199,48.889160,11.657715,-124.755859
1493852638.075254,-0.994141,-0.012695,-0.252930,51.330566,10.070801,-126.464844
1493852638.078244,-0.987793,0.035156,-0.101562,52.246094,8.972168,-128.051758
1493852638.080963,-1.028320,0.054688,-0.090820,56.518555,6.896973,-129.516602
1493852638.083511,-1.026367,0.099609,-0.113281,59.814453,6.042480,-130.493164
1493852638.086063,-1.035156,0.133301,-0.019043,60.180664,7.995605,-132.080078
1493852638.088665,-1.083496,0.144531,-0.124512,59.814453,8.850098,-135.559082
1493852638.091265,-1.126465,0.183105,-0.168945,58.837891,9.826660,-140.075684
1493852638.093808,-1.173340,0.181641,-0.133301,59.936523,11.047363,-146.545410
1493852638.096358,-1.179688,0.183594,-0.130859,59.692383,13.732910,-154.541016
1493852638.098923,-1.249512,0.158691,-0.281250,60.485840,16.723633,-158.386230
1493852638.101487,-1.231445,0.148926,-0.365234,61.523438,17.639160,-164.550781
1493852638.104033,-1.229980,0.144043,-0.280762,62.500000,12.390137,-168.640137
1493852638.106582,-1.323730,0.117188,-0.196777,65.734863,-4.577637,-168.334961
1493852638.109135,-1.331055,0.147461,-0.173340,74.645996,-27.038574,-167.358398
1493852638.111691,-1.360352,0.246094,-0.231934,86.975098,-37.170410,-167.114258
1493852638.114239,-1.346680,0.356934,-0.052734,103.332520,-52.307129,-168.273926
1493852638.116791,-1.324219,0.519531,-0.108398,124.938965,-59.265137,-172.302246
1493852638.119393,-1.324219,0.615723,-0.002930,141.479492,-58.166504,-174.255371
1493852638.122067,-1.244141,0.743652,-0.160645,153.564453,-51.391602,-179.260254
1493852638.124758,-1.204590,0.804199,-0.136230,158.264160,-41.809082,-182.983398
1493852638.127445,-1.131348,0.751953,-0.132324,154.479980,-30.029297,-185.180664
1493852638.130136,-1.024414,0.833008,-0.065918,144.836426,-18.127441,-202.880859
1493852638.132936,-1.037109,0.777344,-0.017090,128.540039,-5.981445,-191.650391
1493852638.135616,-1.013184,0.690430,-0.056641,106.811523,6.408691,-197.692871
1493852638.138305,-1.019043,0.424316,-0.081543,82.702637,18.920898,-208.984375
1493852638.140992,-1.070312,0.364746,-0.019043,56.579590,31.311035,-226.074219
1493852638.143673,-1.128906,0.119629,0.039551,34.179688,43.273926,-249.877930
1493852638.146360,-1.158691,-0.002441,-0.086914,15.197754,52.001953,-277.038574
1493852638.149072,-1.244141,-0.092773,-0.159668,7.690430,56.823730,-302.673340
1493852638.151779,-1.333496,-0.173340,-0.041016,13.122559,51.818848,-323.913574
1493852638.154470,-1.351562,-0.131836,-0.027344,25.634766,39.794922,-337.768555
1493852638.157154,-1.387695,-0.083496,-0.147949,45.288086,26.000977,-341.552734
1493852638.159803,-1.419922,-0.049805,-0.208984,65.979004,13.427734,-336.914062
1493852638.162386,-1.499512,-0.022949,-0.373535,71.777344,5.432129,-327.270508
1493852638.164937,-1.356934,-0.012207,-0.447266,76.660156,3.540039,-316.711426
1493852638.167491,-1.287109,0.024414,-0.382324,74.035645,2.075195,-306.884766
1493852638.170066,-1.131348,0.069824,-0.396484,69.824219,4.333496,-299.255371
1493852638.172620,-1.180664,0.034180,-0.241211,64.147949,6.652832,-295.715332
1493852638.175173,-1.132324,-0.196289,-0.363770,49.926758,9.033203,-290.588379
1493852638.177742,-1.128418,-0.384277,-0.359863,21.972656,8.789062,-289.001465
1493852638.180378,-1.003906,-0.503418,-0.226562,0.488281,6.896973,-292.297363
1493852638.183046,-1.094727,-0.477051,-0.272949,-6.042480,4.333496,-297.180176
1493852638.185709,-1.048828,-0.445801,-0.216309,15.258789,3.051758,-301.574707
1493852638.188384,-1.068848,-0.416992,-0.332520,61.950684,2.563477,-304.443359
1493852638.191060,-1.071777,-0.336914,-0.435547,82.763672,4.028320,-305.786133
1493852638.193727,-1.120605,-0.224609,-0.480469,107.482910,1.281738,-302.612305
1493852638.196394,-1.062012,-0.096680,-0.582520,101.806641,-4.211426,-296.813965
1493852638.199202,-1.048828,-0.006348,-0.565918,96.069336,-10.070801,-288.452148
1493852638.201977,-1.041504,0.080078,-0.619629,85.693359,-11.718750,-276.977539
1493852638.204539,-1.042969,0.118652,-0.412598,72.204590,-8.361816,-262.084961
1493852638.207085,-1.024902,0.156738,-0.588379,65.673828,-4.882812,-242.126465
1493852638.209757,-0.947266,0.222656,-0.468750,64.147949,4.943848,-218.383789
1493852638.212431,-0.912598,0.237793,-0.417969,64.758301,15.380859,-196.777344
1493852638.214975,-0.760254,0.262695,-0.424316,69.946289,23.254395,-177.246094
1493852638.217519,-0.773438,0.298340,-0.427734,74.768066,28.869629,-170.654297
1493852638.220115,-0.681152,0.332031,-0.414551,82.214355,31.799316,-162.658691
1493852638.222667,-0.502930,0.279785,-0.445312,92.224121,35.156250,-158.691406
1493852638.225219,-0.526367,0.300293,-0.496094,97.290039,41.076660,-156.860352
1493852638.227780,-0.433594,0.212402,-0.435547,112.854004,48.461914,-157.348633
1493852638.230349,-0.491699,-0.001465,-0.406738,130.310059,52.185059,-157.043457
1493852638.232905,-0.359375,-0.179199,-0.487305,134.765625,58.898926,-158.813477
1493852638.235456,-0.362793,-0.390137,-0.361328,124.328613,63.415527,-162.597656
1493852638.238010,-0.333008,-0.562500,-0.337891,111.694336,65.551758,-165.527344
1493852638.240562,-0.347656,-0.654297,-0.275391,110.717773,67.016602,-169.738770
1493852638.243112,-0.294434,-0.691406,-0.180664,119.934082,65.185547,-169.860840
1493852638.245662,-0.296875,-0.743164,-0.181641,128.417969,60.607910,-161.621094
1493852638.248211,-0.328125,-0.684570,-0.166992,149.108887,53.283691,-140.258789
1493852638.250770,-0.256836,-0.597168,-0.205078,165.649414,51.025391,-107.482910
1493852638.253328,-0.158203,-0.542480,-0.082031,174.865723,55.847168,-67.199707
1493852638.255884,-0.269531,-0.404297,-0.162109,181.640625,70.617676,-25.939941
1493852638.258461,-0.307617,-0.245117,-0.234863,183.044434,81.604004,8.789062
1493852638.261107,-0.440918,-0.112793,-0.233398,183.898926,75.439453,44.738770
1493852638.263801,-0.571777,0.030762,-0.388672,175.659180,44.433594,74.584961
1493852638.266490,-0.574219,0.145996,-0.292969,162.902832,2.929688,101.135254
1493852638.269287,-0.565918,0.246582,-0.192383,146.667480,-31.127930,109.680176
1493852638.271977,-0.591797,0.287109,-0.117676,134.277344,-46.875000,146.911621
1493852638.274664,-0.431152,0.318359,-0.029297,128.845215,-50.720215,167.175293
1493852638.277352,-0.386719,0.492188,-0.144043,122.985840,-52.124023,168.884277
1493852638.280061,-0.358887,0.429199,-0.051758,119.140625,-53.344727,181.823730
1493852638.282768,-0.351074,0.496582,-0.166016,108.581543,-55.786133,189.453125
1493852638.285455,-0.144531,0.521484,-0.076172,99.304199,-51.757812,192.749023
1493852638.288147,-0.200195,0.585449,-0.091309,89.782715,-44.677734,191.284180
1493852638.290839,-0.090820,0.631348,-0.174805,85.449219,-38.879395,185.607910
1493852638.293529,-0.077637,0.679199,-0.087402,76.354980,-32.531738,176.330566
1493852638.296215,-0.038574,0.701172,-0.048340,70.983887,-31.250000,163.513184
1493852638.298876,-0.053711,0.691406,-0.132324,63.720703,-31.311035,150.146484
1493852638.301468,-0.005371,0.671875,-0.006836,46.936035,-30.395508,138.427734
1493852638.304023,-0.018555,0.642090,-0.042480,59.082031,-26.123047,128.601074
1493852638.306579,0.070801,0.605469,-0.016602,53.955078,-22.766113,122.497559
1493852638.309174,-0.002930,0.574219,-0.027344,49.072266,-12.817383,118.591309
1493852638.311828,-0.023926,0.520020,0.038086,41.015625,-2.319336,119.079590
1493852638.314499,-0.032227,0.464844,-0.018555,30.761719,7.202148,121.582031
1493852638.317168,-0.102539,0.394531,-0.044434,23.986816,15.502930,124.755859
1493852638.319857,-0.087402,0.366699,-0.038574,18.005371,21.423340,129.638672
1493852638.322534,-0.104004,0.284668,0.032227,16.662598,25.085449,131.774902
1493852638.325290,-0.127441,0.246582,-0.004395,14.831543,28.381348,139.160156
1493852638.328082,-0.132324,0.207031,-0.067871,14.465332,28.930664,141.174316
1493852638.330717,-0.180176,0.177246,-0.031738,16.479492,29.479980,144.775391
1493852638.333266,-0.155762,0.177734,0.021973,16.845703,29.357910,147.338867
1493852638.335813,-0.206543,0.158203,-0.044922,18.920898,28.625488,148.864746
1493852638.338415,-0.223633,0.147461,-0.061523,19.104004,28.198242,154.296875
1493852638.341020,-0.183105,0.164062,-0.050293,1.098633,28.564453,161.499023
1493852638.343569,-0.229004,0.138672,-0.095215,13.427734,29.602051,172.180176
1493852638.346116,-0.171387,0.134766,-0.023438,9.582520,46.386719,183.288574
1493852638.348687,-0.198730,0.147461,-0.160645,6.103516,32.836914,195.312500
1493852638.351257,-0.178711,0.140137,-0.068359,1.953125,34.912109,205.200195
1493852638.353800,-0.164551,0.147949,-0.156250,-4.638672,36.621094,209.228516
1493852638.356346,-0.196777,0.140625,-0.074219,-7.812500,37.475586,217.102051
1493852638.358913,-0.206543,0.144043,-0.123047,-11.901855,37.963867,224.914551
1493852638.361482,-0.182129,0.190430,-0.113281,-29.724121,37.780762,232.543945
1493852638.364032,-0.267090,0.170898,-0.162598,-17.456055,37.414551,240.173340
1493852638.366577,-0.230469,0.214844,-0.152344,-19.531250,38.085938,247.131348
1493852638.369166,-0.270996,0.214844,-0.095215,-22.827148,38.635254,254.455566
1493852638.371829,-0.272949,0.230469,-0.125000,-25.634766,38.574219,259.399414
1493852638.374509,-0.269531,0.253906,-0.136230,-26.489258,39.489746,262.023926
1493852638.377193,-0.284668,0.359863,-0.122559,-27.282715,40.588379,264.770508
1493852638.379885,-0.328613,0.251953,-0.007812,-28.625488,42.175293,266.723633
1493852638.382578,-0.292480,0.280762,-0.023926,-32.470703,43.334961,268.249512
1493852638.385264,-0.317383,0.265137,-0.169434,-33.935547,44.250488,269.165039
1493852638.387951,-0.313965,0.274902,-0.076172,-32.287598,44.616699,270.568848
1493852638.390640,-0.312500,0.257324,-0.106445,-33.325195,46.875000,272.033691
1493852638.393323,-0.318848,0.280762,-0.113281,-32.592773,48.828125,273.620605
1493852638.396003,-0.334473,0.260254,-0.124512,-32.470703,50.292969,274.902344
1493852638.398664,-0.343262,0.306641,-0.166992,-33.020020,52.673340,276.123047
1493852638.401257,-0.338379,0.300781,-0.102051,-32.775879,54.138184,275.756836
1493852638.403811,-0.285156,0.295898,-0.103027,-32.287598,55.480957,276.000977
1493852638.406468,-0.382812,0.314941,-0.164062,-30.883789,56.945801,275.756836
1493852638.409073,-0.412109,0.297363,-0.098633,-29.724121,58.288574,275.817871
1493852638.411744,-0.437012,0.320312,-0.184570,-29.602051,60.058594,276.184082
1493852638.414412,-0.433105,0.304688,-0.161621,-29.663086,61.584473,277.465820
1493852638.417077,-0.455078,0.298340,-0.198730,-26.855469,77.392578,277.954102
1493852638.419751,-0.479980,0.287598,-0.111328,-27.404785,63.354492,279.724121
1493852638.422429,-0.487793,0.277344,-0.165527,-27.038574,63.293457,282.226562
1493852638.425100,-0.396484,0.284668,-0.141113,-25.573730,64.392090,284.484863
1493852638.427778,-0.566406,0.263672,-0.164551,-25.878906,64.392090,286.621094
1493852638.430450,-0.532227,0.273438,-0.181641,-27.526855,64.941406,289.184570
1493852638.433122,-0.599121,0.253906,-0.140625,-27.160645,65.185547,291.442871
1493852638.435794,-0.578613,0.269531,-0.168457,-27.038574,65.979004,294.006348
1493852638.438484,-0.739746,0.248047,-0.140137,-27.893066,67.077637,296.203613
1493852638.441177,-0.626953,0.349609,-0.135254,-27.954102,66.711426,298.400879
1493852638.443843,-0.695312,0.241699,-0.229004,-28.991699,66.833496,299.804688
1493852638.446509,-0.687988,0.236328,-0.147461,-28.076172,67.565918,301.086426
1493852638.449145,-0.690918,0.226074,-0.129883,-27.465820,68.969727,303.588867
1493852638.451857,-0.738281,0.247559,-0.187988,-28.564453,69.763184,306.518555
1493852638.454546,-0.747559,0.363770,-0.144043,-29.663086,71.960449,310.241699
1493852638.457098,-0.639648,0.232422,-0.197266,-30.029297,73.059082,312.561035
1493852638.459760,-0.779785,0.247559,-0.183594,-29.479980,74.890137,315.124512
1493852638.462425,-0.755371,0.243652,-0.158203,-46.020508,76.293945,317.321777
1493852638.464972,-0.809570,0.158203,-0.142578,-33.264160,79.406738,320.983887
1493852638.467520,-0.811035,0.254883,-0.164551,-34.240723,81.176758,325.012207
1493852638.470114,-0.837402,0.270020,-0.151855,-36.743164,84.716797,330.200195
1493852638.472662,-0.901367,0.301270,-0.189453,-38.452148,87.280273,335.021973
1493852638.475210,-0.894043,0.312500,-0.187012,-43.090820,88.195801,336.486816
1493852638.477777,-1.004883,0.335449,-0.192383,-46.691895,87.219238,335.754395
1493852638.480340,-1.003906,0.345215,-0.205566,-46.752930,86.242676,333.374023
1493852638.482890,-1.056641,0.338867,-0.173828,-46.630859,84.838867,329.345703
1493852638.485437,-1.107422,0.358887,-0.216309,-48.095703,86.547852,327.270508
1493852638.487986,-1.132812,0.335938,-0.173340,-49.316406,87.707520,327.575684
1493852638.490535,-1.180664,0.347168,-0.246582,-52.124023,90.698242,329.040527
1493852638.493083,-1.218262,0.333008,-0.314941,-54.565430,92.041016,331.787109
1493852638.495632,-1.296387,0.361328,-0.219238,-56.945801,95.703125,332.641602
1493852638.498182,-1.310059,0.340820,-0.324219,-58.044434,97.045898,335.083008
1493852638.500735,-1.337402,0.324707,-0.293945,-59.204102,98.449707,336.242676
1493852638.503289,-1.429199,0.297363,-0.287109,-59.753418,99.792480,337.524414
1493852638.505843,-1.487793,0.280762,-0.390625,-61.767578,100.341797,337.158203
1493852638.508421,-1.549805,0.226074,-0.327637,-62.377930,101.379395,337.280273
1493852638.511070,-1.589844,0.197754,-0.464355,-62.500000,102.966309,336.914062
1493852638.513756,-1.638184,0.119629,-0.404785,-64.636230,104.675293,336.914062
1493852638.516443,-1.714844,0.057617,-0.414062,-68.786621,105.773926,336.547852
1493852638.519135,-1.756348,-0.002930,-0.483887,-74.340820,108.154297,336.425781
1493852638.521824,-1.780762,-0.221680,-0.484863,-78.857422,108.032227,335.937500
1493852638.524513,-1.812012,-0.347656,-0.403809,-84.350586,109.008789,336.120605
1493852638.527205,-1.823730,-0.354004,-0.491699,-85.998535,109.680176,335.144043
1493852638.529900,-1.820801,-0.425781,-0.499023,-86.608887,109.619141,337.585449
1493852638.532595,-1.859863,-0.522461,-0.478516,-83.679199,107.910156,342.529297
1493852638.535281,-1.988281,-0.532715,-0.582520,-81.420898,104.187012,349.914551
1493852638.537973,-1.890625,-0.596680,-0.503906,-80.749512,100.280762,357.727051
1493852638.540775,-1.889160,-0.624512,-0.533691,-78.063965,100.524902,362.304688
1493852638.543458,-1.988281,-0.687012,-0.476074,-73.669434,102.966309,361.633301
1493852638.546144,-1.755859,-0.692383,-0.610840,-66.589355,106.140137,354.919434
1493852638.548824,-1.838867,-0.735840,-0.546875,-65.551758,107.666016,350.830078
1493852638.551435,-1.833984,-0.752441,-0.574219,-66.650391,106.628418,338.745117
1493852638.553988,-1.815918,-0.851562,-0.514160,-65.185547,105.407715,325.500488
1493852638.556540,-1.792480,-0.933594,-0.606934,-64.025879,107.116699,311.462402
1493852638.559145,-1.705078,-1.095703,-0.584961,-47.058105,112.854004,297.363281
1493852638.561809,-1.713867,-1.076172,-0.624023,-62.194824,116.333008,281.494141
1493852638.564476,-1.677246,-1.188477,-0.421875,-62.316895,118.774414,264.892578
1493852638.567145,-1.640625,-1.257812,-0.388672,-63.232422,121.337891,249.450684
1493852638.569809,-1.669922,-1.312988,-0.339844,-67.077637,123.046875,235.534668
1493852638.572461,-1.674805,-1.416504,-0.139648,-73.913574,126.342773,226.257324
1493852638.575111,-1.633301,-1.513184,-0.054199,-79.711914,127.563477,218.994141
1493852638.577793,-1.606934,-1.583496,0.216797,-83.618164,133.361816,208.679199
1493852638.580497,-1.571777,-1.638184,0.354004,-83.496094,137.084961,193.420410
1493852638.583185,-1.439453,-1.632812,0.443848,-90.759277,136.840820,168.945312
1493852638.585865,-1.048340,-1.606445,0.428711,-97.290039,143.249512,108.398438
1493852638.588553,-1.111328,-1.627930,0.341309,-108.520508,150.634766,32.226562
1493852638.591244,-1.273438,-1.808105,0.323242,-117.126465,145.996094,-17.883301
1493852638.593928,-1.458496,-2.064453,0.068359,-131.530762,130.371094,-27.404785
1493852638.596614,-1.596680,-2.298340,0.116699,-143.371582,109.436035,0.854492
1493852638.599265,-1.720215,-2.634766,0.260254,-138.671875,90.942383,58.288574
1493852638.601848,-1.647949,-2.998047,0.138184,-117.553711,87.707520,91.186523
1493852638.604402,-1.485840,-2.880371,-0.021484,-89.050293,84.350586,147.521973
1493852638.606952,-1.214355,-2.821777,-0.061523,-76.049805,71.228027,171.386719
1493852638.609568,-1.082031,-2.573730,-0.132324,-56.030273,46.203613,158.691406
1493852638.612185,-0.826172,-2.167969,-0.210449,-36.743164,19.592285,111.877441
1493852638.614738,-0.554688,-1.824219,-0.259766,-22.949219,-9.216309,25.512695
1493852638.617287,-0.332031,-0.907715,-0.476074,-26.184082,-14.160156,-84.228516
1493852638.619919,-0.315430,-1.184570,-0.839355,-43.273926,-48.034668,-194.702148
1493852638.622615,-0.797852,-1.278809,-0.377930,-88.439941,-78.979492,-268.066406
1493852638.625286,-1.074219,-1.661621,0.094727,-138.610840,-114.685059,-299.377441
1493852638.627957,-1.432129,-1.623535,-0.017090,-140.625000,-98.388672,-276.000977
1493852638.630626,-1.458008,-1.611328,-0.202148,-99.182129,-31.066895,-224.060059
1493852638.633291,-1.476074,-1.656738,-0.185547,-55.603027,-0.732422,-174.743652
1493852638.635952,-1.333496,-1.412109,-0.366699,-43.029785,-22.338867,-168.640137
1493852638.638616,-1.392578,-1.124512,-0.742188,-52.246094,-49.743652,-165.954590
1493852638.641283,-1.306152,-0.818359,-0.305176,-41.687012,-51.818848,-187.622070
1493852638.643950,-0.900391,-0.490234,-0.002441,-30.029297,-5.249023,-203.918457
1493852638.646614,-0.866699,0.041504,0.099121,-17.395020,60.607910,-185.668945
1493852638.649283,-0.795898,0.812500,0.202637,1.403809,114.685059,-132.995605
1493852638.651949,-0.882812,1.389160,0.034180,26.611328,131.835938,-62.683105
1493852638.654614,-0.883789,1.881348,-0.156738,72.998047,124.694824,12.451172
1493852638.657276,-0.931641,2.260742,-0.231934,100.952148,113.830566,88.256836
1493852638.659896,-0.994141,2.531250,-0.266113,111.450195,98.083496,147.460938
1493852638.662457,-0.753418,2.604004,-0.209961,115.600586,48.950195,177.307129
1493852638.665014,-0.792969,2.699219,-0.400879,82.336426,28.137207,169.616699
1493852638.667569,-0.739746,2.588379,-0.306641,26.794434,-32.836914,114.013672
1493852638.670256,-0.572266,2.254395,-0.116699,-25.817871,-88.256836,6.347656
1493852638.672946,-0.476562,1.523438,0.170898,-62.438965,-115.600586,-140.136719
1493852638.675743,-0.428711,1.092285,0.327637,-85.144043,-112.915039,-295.227051
1493852638.678452,-0.433594,0.587402,0.412109,-98.815918,-77.087402,-436.218262
1493852638.681159,-0.344238,0.109375,0.339844,-102.905273,-24.475098,-536.804199
1493852638.683845,-0.278320,-1.155762,0.347656,-85.998535,22.460938,-550.659180
1493852638.686531,-0.438965,-1.433105,0.222168,-43.457031,43.151855,-468.811035
1493852638.689216,-0.500488,-1.183105,-0.112793,-16.723633,50.109863,-419.494629
1493852638.691897,-0.526855,-1.047852,0.048340,-26.245117,55.480957,-399.658203
1493852638.694578,-0.709473,-0.948242,0.291504,-37.597656,58.593750,-421.508789
1493852638.697258,-0.917969,-0.828613,0.279785,-28.564453,58.837891,-418.823242
1493852638.699889,-1.272949,-0.743652,0.289551,2.868652,61.950684,-413.085938
1493852638.702450,-1.452637,-0.716797,0.197754,47.912598,64.514160,-382.568359
1493852638.705003,-1.593750,-0.750488,-0.056641,62.988281,58.044434,-335.449219
1493852638.707556,-1.581543,-0.983398,-0.111328,75.683594,45.532227,-282.653809
1493852638.710191,-1.433594,-0.864258,-0.162598,77.880859,21.850586,-236.755371
1493852638.712892,-1.251465,-0.666504,-0.062500,82.885742,25.329590,-198.364258
1493852638.715583,-1.150879,-0.440430,-0.116699,99.243164,12.634277,-163.635254
1493852638.718278,-1.039551,-0.212402,-0.158691,125.915527,-14.160156,-132.629395
1493852638.720968,-0.954590,-0.045410,-0.166016,147.155762,-5.126953,-109.741211
1493852638.723654,-0.974609,0.030762,-0.236328,160.217285,-9.094238,-95.214844
1493852638.726337,-0.987793,0.133301,-0.511230,171.447754,-7.812500,-90.820312
1493852638.729026,-0.768555,0.277832,-0.749512,178.039551,-3.967285,-88.928223
1493852638.731713,-0.534668,0.328125,-0.962891,175.964355,0.244141,-85.510254
1493852638.734393,-0.473633,0.326660,-1.217285,157.775879,1.281738,-88.684082
1493852638.737076,-0.303711,0.291992,-1.283203,116.210938,-7.141113,-104.125977
1493852638.739716,-0.234375,0.258301,-1.293457,62.683105,-25.756836,-132.507324
1493852638.742285,-0.265137,0.214355,-1.083984,4.455566,-52.307129,-151.000977
1493852638.744834,-0.362305,0.197754,-0.861328,-50.781250,-79.406738,-187.194824
1493852638.747386,-0.544434,0.156250,-0.522949,-87.707520,-109.497070,-212.463379
1493852638.750008,-0.644043,0.104004,-0.346680,-98.754883,-130.249023,-225.280762
1493852638.752701,-0.742188,0.029297,-0.107422,-84.594727,-143.737793,-219.360352
1493852638.755388,-0.800293,-0.011230,-0.113770,-85.388184,-145.202637,-195.312500
1493852638.758080,-0.640137,-0.024902,-0.166016,-63.415527,-133.728027,-161.682129
1493852638.760772,-0.707031,-0.057129,-0.154297,-46.813965,-117.553711,-125.427246
1493852638.763455,-0.618652,-0.063477,-0.278809,-39.733887,-106.994629,-102.294922
1493852638.766140,-0.541992,-0.127930,-0.309082,-47.973633,-122.436523,-96.862793
1493852638.768822,-0.609863,-0.255371,-0.230469,-66.406250,-115.905762,-102.416992
1493852638.771510,-0.560547,-0.420898,-0.126465,-77.758789,-130.004883,-118.957520
1493852638.774196,-0.636719,-0.516602,0.040527,-81.115723,-143.859863,-136.779785
1493852638.776881,-0.714844,-0.550293,0.071289,-77.880859,-156.372070,-142.150879
1493852638.779574,-0.737305,-0.521484,0.213867,-65.917969,-156.433105,-126.953125
1493852638.782269,-0.872070,-0.449219,0.264648,-48.461914,-138.610840,-93.322754
1493852638.784955,-0.812012,-0.380371,0.257812,-33.203125,-107.971191,-53.955078
1493852638.787659,-0.789551,-0.239258,0.126465,-19.653320,-72.631836,-19.592285
1493852638.790289,-0.735840,-0.107422,0.097168,-11.962891,-45.532227,3.234863
1493852638.792842,-0.742188,-0.004883,-0.007812,-8.300781,-32.714844,7.507324
1493852638.795394,-0.671387,0.061523,-0.001465,-11.108398,-32.043457,7.263184
1493852638.797967,-0.653809,0.150391,-0.034668,-15.686035,-35.766602,-1.892090
1493852638.800614,-0.615234,0.221680,-0.047852,-16.967773,-38.513184,-15.075684
1493852638.803298,-0.562500,0.279297,-0.028809,-19.042969,-38.330078,-28.747559
1493852638.805986,-0.573242,0.294434,0.028809,-22.216797,-29.235840,-43.212891
1493852638.808680,-0.551758,0.132812,-0.079590,-19.836426,-10.864258,-55.358887
1493852638.811475,-0.583984,0.174805,-0.214844,-18.310547,9.887695,-63.842773
1493852638.814157,-0.568848,0.082031,-0.177246,-20.568848,25.512695,-68.542480
1493852638.816841,-0.654297,0.024902,-0.216797,-25.024414,32.592773,-67.993164
1493852638.819528,-0.697754,0.002441,-0.241211,-32.958984,28.076172,-64.575195
1493852638.822218,-0.743652,-0.018555,-0.193359,-39.001465,19.958496,-57.739258
1493852638.824905,-0.809570,-0.057129,-0.022461,-32.958984,9.826660,-50.231934
1493852638.827589,-0.789062,-0.065430,-0.158691,-25.390625,2.136230,-46.813965
1493852638.830340,-0.761230,-0.102539,-0.138184,-22.094727,-3.601074,-48.095703
1493852638.833018,-0.773438,-0.088867,-0.171875,-19.348145,-8.972168,-49.926758
1493852638.835704,-0.793945,-0.082031,-0.222656,-18.493652,-11.596680,-49.072266
1493852638.838379,-0.749512,-0.069336,-0.242188,-15.930176,-11.657715,-45.959473
1493852638.840981,-0.750488,-0.065430,-0.162598,-12.512207,-13.122559,-41.625977
1493852638.843533,-0.727539,-0.028809,-0.220215,-11.779785,-14.892578,-38.085938
1493852638.846087,-0.747070,-0.053711,-0.153809,-10.253906,-17.944336,-36.499023
1493852638.848666,-0.689941,-0.057129,-0.175293,-8.361816,-19.348145,-17.456055
1493852638.851242,-0.638184,-0.018555,-0.162598,-7.202148,-21.545410,-30.090332
1493852638.853788,-0.662598,-0.036621,-0.081543,-5.065918,-21.423340,-28.076172
1493852638.856336,-0.634277,-0.023926,-0.175781,-3.662109,-22.338867,-27.160645
1493852638.858944,-0.680176,-0.026855,-0.140137,-1.098633,-20.568848,-26.733398
1493852638.861621,-0.741699,-0.034180,-0.230469,0.671387,-20.385742,-26.000977
1493852638.864300,-0.744629,-0.030762,-0.222656,0.854492,-20.263672,-26.184082
1493852638.866983,-0.652344,-0.047363,-0.137695,1.708984,-19.836426,-25.756836
1493852638.869687,-0.666992,-0.038086,-0.175293,2.929688,-20.751953,-24.963379
1493852638.872391,-0.653809,-0.020508,-0.128418,4.577637,-22.460938,-22.460938
1493852638.875071,-0.682617,-0.060547,-0.095215,6.286621,-23.986816,-20.568848
1493852638.877759,-0.696289,-0.055664,-0.150879,7.568359,-25.207520,-18.981934
1493852638.880450,-0.661621,-0.039062,-0.133301,10.009766,-24.475098,-17.761230
1493852638.883139,-0.721191,-0.034180,-0.185059,11.230469,-22.277832,-16.540527
1493852638.885825,-0.680664,-0.016602,-0.017090,12.390137,-20.507812,-15.869141
1493852638.888500,-0.679199,-0.022949,-0.058105,14.465332,-17.272949,-15.502930
1493852638.891103,-0.706543,-0.034180,-0.078613,16.906738,-14.282227,-0.122070
1493852638.893657,-0.676758,-0.001465,-0.172852,18.554688,-10.681152,-15.502930
1493852638.896215,-0.651855,-0.000977,-0.061523,17.150879,-7.507324,-15.197754
1493852638.898807,-0.682129,-0.016113,-0.150391,16.967773,-6.469727,-15.319824
1493852638.901466,-0.634766,0.013184,-0.143066,17.089844,-4.821777,-15.197754
1493852638.904145,-0.642090,-0.014160,-0.118652,18.554688,-3.784180,-13.977051
1493852638.906826,-0.699219,-0.024414,-0.193359,20.324707,-2.197266,-13.000488
1493852638.909513,-0.668945,-0.027344,-0.143066,21.850586,-2.624512,-11.047363
1493852638.912199,-0.692871,-0.006348,-0.128906,21.545410,-3.112793,-9.094238
1493852638.914874,-0.672852,-0.039062,-0.193359,20.996094,-3.784180,-7.751465
1493852638.917552,-0.656250,-0.120117,-0.245605,23.620605,-5.004883,-6.103516
1493852638.920235,-0.691406,-0.022949,-0.273438,22.888184,-6.225586,-5.798340
1493852638.922917,-0.686523,-0.034180,-0.241699,24.414062,-7.385254,-3.662109
1493852638.925595,-0.648926,-0.031738,-0.241211,26.367188,-9.155273,-2.319336
1493852638.928279,-0.682129,-0.023926,-0.261230,26.611328,-10.070801,-1.037598
1493852638.930969,-0.689941,-0.028809,-0.264648,28.198242,-11.901855,-0.427246
1493852638.933653,-0.680664,-0.036621,-0.222656,28.320312,-14.404297,0.549316
1493852638.936339,-0.668945,-0.019531,-0.138184,27.832031,-15.136719,-0.549316
1493852638.938990,-0.694336,0.019531,-0.203125,26.367188,-19.042969,-0.122070
1493852638.941577,-0.679199,0.053711,-0.128906,21.850586,-23.986816,-0.610352
1493852638.944129,-0.731445,0.052734,-0.079590,17.150879,-28.259277,-0.610352
1493852638.946675,-0.702637,0.047852,-0.181152,17.822266,-30.151367,0.122070
1493852638.949388,-0.701172,0.053711,-0.162109,20.385742,-29.968262,0.732422
1493852638.952060,-0.704590,0.016602,-0.072266,25.024414,-27.099609,-0.488281
1493852638.954743,-0.654785,0.005371,-0.166504,26.428223,-23.681641,-2.929688
1493852638.957431,-0.690430,0.002930,-0.207031,23.803711,-20.751953,-5.004883
1493852638.960136,-0.674805,-0.019043,-0.086914,24.291992,-20.324707,-7.446289
1493852638.962835,-0.664551,-0.000977,-0.100586,22.888184,-20.507812,-9.033203
1493852638.965522,-0.674805,0.119629,-0.108398,21.545410,-22.094727,-10.192871
1493852638.968217,-0.670898,0.029297,-0.031738,21.911621,-23.681641,-9.826660
1493852638.970911,-0.644531,0.042480,-0.013672,23.498535,-23.681641,-8.850098
1493852638.973593,-0.689941,0.024414,-0.144043,24.536133,-23.315430,-8.056641
1493852638.976272,-0.663574,0.024414,-0.069336,23.315430,-22.460938,-7.507324
1493852638.978956,-0.637695,0.033203,-0.128418,24.658203,-20.568848,-8.422852
1493852638.981637,-0.637695,0.013672,-0.067383,23.315430,-18.859863,-9.460449
1493852638.984325,-0.679199,0.019531,-0.006836,21.423340,-17.944336,-11.718750
1493852638.987011,-0.656250,0.021484,-0.099121,20.629883,-16.967773,-14.099121
1493852638.989649,-0.658203,-0.008789,-0.123535,22.094727,-15.502930,-16.235352
1493852638.992223,-0.645996,0.010742,-0.132324,20.935059,-15.075684,-18.066406
1493852638.994779,-0.628418,0.017090,-0.166992,21.057129,-14.526367,-18.859863
1493852638.997335,-0.517578,-0.010254,-0.086914,20.812988,-15.075684,-18.981934
1493852638.999961,-0.644531,0.009766,-0.181641,21.423340,-15.808105,-19.897461
1493852639.002653,-0.514160,-0.121582,-0.154297,20.812988,-16.357422,-19.409180
1493852639.005339,-0.644043,-0.006348,-0.101074,21.301270,-16.296387,-19.470215
1493852639.008047,-0.615723,-0.003418,-0.231934,20.935059,-15.808105,-19.470215
1493852639.010753,-0.626465,-0.000977,-0.111328,21.484375,-15.258789,-20.019531
1493852639.013441,-0.526855,-0.030762,-0.138184,21.179199,-14.160156,-20.141602
1493852639.016124,-0.648926,-0.005371,-0.162109,21.728516,-14.221191,-20.202637
1493852639.018812,-0.617188,-0.034180,-0.118652,23.071289,-14.465332,-19.836426
1493852639.021501,-0.667480,-0.118164,-0.045898,21.850586,-16.479492,-13.549805
1493852639.024180,-0.691406,-0.096680,-0.147949,24.047852,-21.789551,1.098633
1493852639.026862,-0.634766,-0.018066,-0.125000,26.000977,-26.550293,12.207031
1493852639.029554,-0.623535,0.018555,-0.052734,28.259277,-29.174805,9.582520
1493852639.032239,-0.611816,0.051758,-0.140625,28.808594,-29.052734,-2.319336
1493852639.034919,-0.593750,0.060547,-0.001465,24.536133,-27.893066,-13.732910
1493852639.037603,-0.655762,0.024902,-0.085449,22.460938,-25.939941,-18.493652
1493852639.040287,-0.501953,0.067871,-0.153809,19.714355,-22.094727,-22.583008
1493852639.042847,-0.612793,0.046875,-0.166992,18.737793,-19.836426,-26.245117
1493852639.045402,-0.601074,0.038086,-0.061523,16.967773,-15.258789,-31.677246
1493852639.047972,-0.584961,0.026367,-0.130859,16.662598,-9.887695,-36.621094
1493852639.050612,-0.591309,-0.008301,-0.106934,16.906738,-5.432129,-38.635254
1493852639.053298,-0.633301,-0.122070,-0.133301,17.639160,-3.356934,-38.879395
1493852639.055984,-0.599609,-0.017090,-0.192871,15.686035,-2.014160,-39.672852
1493852639.058674,-0.623535,-0.023926,-0.108398,14.221191,-2.990723,-40.527344
1493852639.061367,-0.643066,-0.014648,-0.065430,13.305664,-3.845215,-40.771484
1493852639.064051,-0.523438,-0.012207,-0.157715,12.451172,-5.310059,-41.259766
1493852639.066732,-0.674805,-0.028320,-0.036133,12.451172,-6.164551,-41.198730
1493852639.069415,-0.656250,-0.008789,-0.122559,12.634277,-5.615234,-40.954590
1493852639.072103,-0.650391,-0.024414,-0.241699,13.366699,-5.981445,-39.794922
1493852639.074786,-0.698242,-0.040527,-0.110840,14.160156,-7.080078,-38.391113
1493852639.077474,-0.671387,-0.020996,-0.079590,14.221191,-7.751465,-37.902832
1493852639.080163,-0.677246,-0.025879,-0.193359,14.465332,-8.544922,-37.109375
1493852639.082845,-0.705078,-0.009277,-0.196777,15.808105,-9.277344,-36.804199
1493852639.085530,-0.666992,-0.014160,-0.001465,14.892578,-10.070801,-37.780762
1493852639.088316,-0.634766,-0.022461,-0.103027,15.502930,-9.582520,-38.635254
1493852639.090923,-0.687012,-0.034180,-0.095703,0.122070,-9.460449,-40.344238
1493852639.093474,-0.682129,-0.010742,-0.166504,15.869141,-7.507324,-41.503906
1493852639.096025,-0.626953,-0.005371,-0.095215,16.723633,-7.568359,-43.151855
1493852639.098580,-0.628906,-0.003418,-0.093750,15.991211,-5.981445,-44.799805
1493852639.101138,-0.675293,-0.029297,-0.175781,16.845703,-4.211426,-45.410156
1493852639.103687,-0.662109,-0.028809,-0.101074,15.991211,-3.540039,-45.532227
1493852639.106237,-0.646973,-0.018555,-0.128418,16.357422,-4.150391,-45.104980
1493852639.108818,-0.700195,-0.028809,-0.039551,16.357422,-3.967285,-45.837402
1493852639.111475,-0.696777,-0.017090,-0.097656,16.235352,-4.699707,-46.875000
1493852639.114158,-0.703125,-0.026367,-0.130859,16.601562,-4.211426,-48.095703
1493852639.116840,-0.712402,-0.013184,-0.172852,17.089844,-4.760742,-50.109863
1493852639.119529,-0.714355,-0.008789,-0.029297,18.737793,-4.028320,-51.879883
1493852639.122217,-0.691406,-0.008789,-0.080566,18.188477,-5.676270,-51.086426
1493852639.124901,-0.722656,-0.005371,-0.095703,16.174316,-6.591797,-51.696777
1493852639.127584,-0.729980,-0.123535,-0.078613,17.089844,-5.920410,-55.053711
1493852639.130321,-0.698242,0.017578,-0.022949,16.479492,-4.882812,-58.349609
1493852639.133000,-0.699219,0.005859,-0.050781,17.822266,-4.821777,-60.607910
1493852639.135682,-0.680664,-0.022461,-0.032715,16.479492,-4.455566,-62.500000
1493852639.138370,-0.709961,0.005371,-0.101562,14.770508,-4.760742,-63.354492
1493852639.141062,-0.713867,0.004395,-0.015625,13.366699,-5.249023,-63.781738
1493852639.143747,-0.743652,0.034668,-0.062500,13.183594,-6.774902,-65.063477
1493852639.146434,-0.706543,0.052734,-0.080078,11.047363,-7.629395,-66.772461
1493852639.149089,-0.736328,0.030762,-0.031738,12.145996,-8.789062,-68.481445
1493852639.151675,-0.767090,0.076172,-0.107422,10.681152,-10.437012,-71.350098
1493852639.154233,-0.767090,0.092773,-0.048828,7.385254,-11.962891,-74.951172
1493852639.156786,-0.817871,0.091309,-0.049805,6.042480,-12.451172,-92.163086
1493852639.159387,-0.798828,0.112793,-0.123047,3.784180,-13.061523,-80.383301
1493852639.162063,-0.834473,0.095703,-0.121582,3.662109,-11.901855,-84.655762
1493852639.164746,-0.836426,0.079590,-0.113281,0.976562,-11.901855,-89.294434
1493852639.167423,-0.826660,0.053711,-0.184570,-0.976562,-10.986328,-94.177246
1493852639.170113,-0.865234,0.034180,-0.106934,-1.098633,-11.718750,-98.510742
1493852639.172793,-0.866699,0.028809,-0.141113,-1.708984,-12.817383,-101.867676
1493852639.175473,-0.815918,0.032715,-0.093262,-1.525879,-13.916016,-104.858398
1493852639.178161,-0.841309,0.005859,-0.005371,-0.854492,-14.709473,-106.750488
1493852639.180848,-0.866699,0.052246,-0.095703,15.563965,-16.723633,-107.482910
1493852639.183533,-0.856445,0.051758,-0.022461,-0.488281,-17.272949,-109.069824
1493852639.186216,-0.763672,0.070312,-0.050781,-3.540039,-17.639160,-111.389160
1493852639.188906,-0.876465,0.052734,-0.016602,-4.150391,-17.517090,-113.830566
1493852639.191594,-0.873047,0.065918,-0.138184,-2.685547,-14.587402,-116.516113
1493852639.194276,-0.919434,0.084961,-0.210449,-5.615234,-13.427734,-119.445801
1493852639.196960,-0.968262,0.082520,-0.171387,-5.249023,-12.756348,-123.474121
1493852639.199617,-0.936035,0.099121,-0.220703,-5.493164,-12.329102,-127.685547
1493852639.202202,-1.026367,0.072266,-0.298828,-8.117676,-11.718750,-131.469727
1493852639.204753,-1.007812,0.082520,-0.244141,-6.225586,-12.023926,-135.192871
1493852639.207308,-1.036133,0.051758,-0.330566,-3.479004,-12.573242,-137.084961
1493852639.209926,-1.067383,0.069824,-0.327637,-1.403809,-11.047363,-155.273438
1493852639.212616,-1.042480,0.081543,-0.388184,2.746582,-10.559082,-140.930176
1493852639.215301,-1.096680,0.040527,-0.348633,7.141113,-10.375977,-142.456055
1493852639.217989,-1.135742,0.043457,-0.272949,10.803223,-9.765625,-143.249512
1493852639.220677,-1.203125,0.061523,-0.344238,16.601562,-8.728027,-144.409180
1493852639.223359,-1.200684,0.050781,-0.319824,22.705078,-8.789062,-145.385742
1493852639.226151,-1.250977,0.074219,-0.376465,30.578613,-7.568359,-145.141602
1493852639.228851,-1.329102,0.123047,-0.458008,42.602539,-6.530762,-145.324707
1493852639.231551,-1.323730,0.189453,-0.576172,58.227539,-8.117676,-144.958496
1493852639.234233,-1.342773,0.225586,-0.569824,71.655273,-12.390137,-146.240234
1493852639.236918,-1.374512,0.324219,-0.723633,86.242676,-19.287109,-145.446777
1493852639.239604,-1.350586,0.414062,-0.753418,100.158691,-28.381348,-146.728516
1493852639.242296,-1.366699,0.503418,-0.656738,121.337891,-39.550781,-149.536133
1493852639.244980,-1.305176,0.560059,-0.521973,112.609863,-49.682617,-154.602051
1493852639.247669,-1.216309,0.608887,-0.479492,114.807129,-54.870605,-162.231445
1493852639.250292,-1.182617,0.625000,-0.387695,114.440918,-52.978516,-172.790527
1493852639.252846,-1.003906,0.633301,-0.353027,110.168457,-34.362793,-185.729980
1493852639.255401,-1.083008,0.638184,-0.230469,105.957031,-42.297363,-202.270508
1493852639.257978,-1.243652,0.618652,-0.185547,98.754883,-36.010742,-220.581055
1493852639.260628,-1.215820,0.657715,-0.287109,93.688965,-33.142090,-239.013672
1493852639.263313,-1.289062,0.652832,-0.219238,90.698242,-35.217285,-255.310059
1493852639.265993,-1.347168,0.623535,-0.212402,89.843750,-38.635254,-268.127441
1493852639.268682,-1.395508,0.589355,-0.343262,91.003418,-43.823242,-273.620605
1493852639.271370,-1.498047,0.509277,-0.257812,89.111328,-47.241211,-283.691406
1493852639.274058,-1.494629,0.408691,-0.318848,78.308105,-50.170898,-310.119629
1493852639.276747,-1.498535,0.132324,-0.252930,67.443848,-53.039551,-305.908203
1493852639.279459,-1.437012,0.069824,-0.360840,57.861328,-54.504395,-319.641113
1493852639.282171,-1.428711,-0.137695,-0.367188,52.978516,-58.776855,-335.144043
1493852639.284858,-1.270508,-0.322266,-0.495117,51.635742,-63.476562,-350.769043
1493852639.287541,-1.348633,-0.484375,-0.424316,53.771973,-69.030762,-360.046387
1493852639.290236,-1.255371,-0.519531,-0.398926,59.509277,-73.303223,-363.342285
1493852639.292923,-1.212402,-0.388672,-0.273926,73.974609,-76.904297,-354.492188
1493852639.295609,-1.242188,-0.245605,-0.364746,86.791992,-88.256836,-332.092285
1493852639.298285,-1.325684,-0.101562,-0.341797,99.121094,-103.088379,-299.865723
1493852639.300892,-1.327637,-0.016602,-0.329590,103.027344,-110.839844,-267.395020
1493852639.303448,-1.364258,0.002930,-0.284668,101.440430,-106.628418,-244.262695
1493852639.306004,-1.314941,-0.076172,-0.373047,97.106934,-100.769043,-238.403320
1493852639.308585,-1.331055,-0.286133,-0.375488,87.951660,-86.486816,-249.755859
1493852639.311235,-1.292969,-0.416992,-0.241211,71.166992,-76.171875,-271.057129
1493852639.313919,-1.220703,-0.399902,-0.300781,58.776855,-75.317383,-297.546387
1493852639.316603,-1.216797,-0.353027,-0.467773,59.265137,-87.097168,-322.875977
1493852639.319293,-1.162109,-0.265625,-0.480469,74.340820,-104.736328,-338.134766
1493852639.321982,-1.192871,-0.182617,-0.539062,96.069336,-124.267578,-342.590332
1493852639.324671,-1.218262,-0.082031,-0.627441,105.468750,-138.854980,-333.984375
1493852639.327357,-1.214355,0.038574,-0.648926,100.036621,-146.545410,-318.115234
1493852639.330061,-1.145508,0.160156,-0.564453,91.857910,-145.263672,-297.363281
1493852639.332838,-1.097656,0.216797,-0.577637,81.726074,-135.070801,-273.986816
1493852639.335512,-1.037598,0.302734,-0.604004,70.556641,-118.957520,-245.727539
1493852639.338191,-0.948730,0.376953,-0.572754,61.096191,-101.684570,-222.961426
1493852639.340875,-0.812012,0.408203,-0.562012,49.804688,-86.975098,-217.651367
1493852639.343564,-0.713379,0.499023,-0.482422,39.794922,-78.002930,-202.453613
1493852639.346253,-0.626953,0.527832,-0.448242,29.663086,-70.434570,-194.335938
1493852639.348916,-0.406250,0.595215,-0.463379,24.414062,-64.331055,-192.932129
1493852639.351509,-0.439453,0.626953,-0.340820,21.728516,-59.204102,-197.204590
1493852639.354068,-0.363281,0.678711,-0.410156,21.728516,-55.236816,-203.430176
1493852639.356623,-0.341309,0.656738,-0.362793,33.386230,-52.978516,-207.153320
1493852639.359294,-0.233887,0.474609,-0.291504,52.612305,-51.513672,-202.636719
1493852639.361866,-0.172852,0.009277,-0.155762,59.509277,-51.818848,-189.575195
1493852639.364417,-0.153809,-0.297852,-0.160645,50.598145,-51.330566,-175.109863
1493852639.366970,-0.180664,-0.414551,-0.095703,39.123535,-45.227051,-165.893555
1493852639.369623,-0.122559,-0.603027,-0.079102,35.888672,-35.034180,-166.687012
1493852639.372338,-0.175781,-0.692383,0.111816,43.273926,-22.888184,-170.959473
1493852639.375009,-0.162598,-0.687012,-0.025391,53.649902,-12.329102,-171.630859
1493852639.377685,-0.228027,-0.617676,-0.047852,61.584473,-5.371094,-147.644043
1493852639.380357,-0.261719,-0.529297,-0.003418,61.157227,-2.380371,-123.718262
1493852639.383026,-0.377930,-0.360352,-0.122559,51.452637,-5.310059,-97.229004
1493852639.385692,-0.442383,-0.133789,-0.059570,43.334961,-8.728027,-44.555664
1493852639.388368,-0.516602,-0.074219,-0.064453,40.161133,-8.422852,8.972168
1493852639.391042,-0.453125,0.024414,0.035156,49.194336,0.976562,53.833008
1493852639.393708,-0.493652,0.127930,0.012695,55.786133,9.948730,86.914062
1493852639.396379,-0.507812,0.285156,-0.193359,48.767090,10.437012,110.168457
1493852639.399070,-0.509277,0.400391,-0.257324,24.108887,-4.760742,127.136230
1493852639.401763,-0.416992,0.512695,-0.326172,-8.544922,-28.442383,141.174316
1493852639.404433,-0.333008,0.499023,-0.019043,-21.423340,-47.973633,150.695801
1493852639.407099,-0.242188,0.484375,-0.078125,-36.987305,-57.067871,153.930664
1493852639.409770,-0.159180,0.482910,-0.078125,-32.348633,-55.847168,150.878906
1493852639.412445,-0.077148,0.478027,-0.070312,-20.080566,-49.560547,143.371582
1493852639.415114,0.005859,0.607910,-0.123535,-17.089844,-43.029785,134.277344
1493852639.417793,-0.021973,0.513184,-0.018066,-25.024414,-41.076660,123.962402
1493852639.420470,0.041016,0.548340,-0.132812,-39.916992,-38.696289,114.929199
1493852639.423137,0.060547,0.568848,-0.097656,-54.382324,-35.217285,108.398438
1493852639.425805,0.031738,0.579590,-0.116211,-59.570312,-31.494141,105.895996
1493852639.428474,-0.026855,0.607910,-0.181152,-61.279297,-26.062012,105.285645
1493852639.431150,-0.045410,0.574219,-0.154785,-64.331055,-21.301270,106.445312
1493852639.433825,-0.068359,0.555176,-0.168945,-70.129395,-18.310547,105.834961
1493852639.436497,-0.128418,0.493652,-0.166016,-76.110840,-17.333984,101.135254
1493852639.439174,-0.131836,0.496094,-0.164062,-79.833984,-15.991211,95.458984
1493852639.441852,-0.196777,0.433594,-0.153809,-80.078125,-14.648438,93.078613
1493852639.444524,-0.211426,0.408691,-0.192871,-77.026367,-12.145996,89.050293
1493852639.447195,-0.150391,0.369141,-0.164551,-75.073242,-11.108398,89.538574
1493852639.449885,-0.178711,0.336914,-0.240234,-75.256348,-10.070801,107.727051
1493852639.452582,-0.153809,0.283203,-0.129883,-77.087402,-10.131836,97.106934
1493852639.455258,-0.149902,0.242188,-0.196777,-79.162598,-9.704590,101.928711
1493852639.457943,-0.128906,0.219238,-0.172852,-80.871582,-9.948730,106.384277
1493852639.460636,-0.132324,0.217773,-0.149902,-81.604004,-10.070801,110.961914
1493852639.463320,-0.141602,0.161621,-0.228516,-82.885742,-10.559082,115.966797
1493852639.466003,-0.144043,0.166504,-0.242676,-86.303711,-9.643555,121.765137
1493852639.468693,-0.140137,0.154297,-0.156738,-88.256836,-9.460449,128.112793
1493852639.471380,-0.162109,0.154785,-0.177246,-91.003418,-8.544922,134.948730
1493852639.474062,-0.127441,0.226562,-0.168945,-92.346191,-8.728027,142.150879
1493852639.476744,-0.169434,0.097168,-0.217773,-94.665527,-8.178711,150.085449
1493852639.479430,-0.188965,0.118652,-0.233887,-97.534180,-8.178711,157.714844
1493852639.482116,-0.153809,0.121094,-0.162109,-99.487305,-8.056641,165.405273
1493852639.484801,-0.176758,0.106445,-0.170898,-102.050781,-8.972168,172.180176
1493852639.487486,-0.236328,0.110840,-0.206543,-105.346680,-8.483887,179.504395
1493852639.490180,-0.211914,0.121582,-0.197266,-107.238770,-8.728027,187.561035
1493852639.492860,-0.239746,0.118652,-0.155762,-107.116699,-8.728027,196.899414
1493852639.495544,-0.232422,0.134766,-0.265137,-109.924316,-8.605957,205.871582
1493852639.498343,-0.243164,0.145996,-0.236328,-110.900879,-8.300781,211.669922
1493852639.501031,-0.271484,0.141113,-0.145020,-110.839844,-8.605957,218.688965
1493852639.503717,-0.226562,0.166016,-0.162109,-111.511230,-8.605957,224.914551
1493852639.506402,-0.253418,0.161621,-0.241699,-109.741211,-7.995605,231.384277
1493852639.509112,-0.281250,0.169922,-0.212891,-109.497070,-7.019043,236.938477
1493852639.511756,-0.319824,0.181641,-0.236328,-109.375000,-6.225586,242.004395
1493852639.514306,-0.252441,0.169434,-0.235840,-107.055664,-4.821777,246.887207
1493852639.516855,-0.338379,0.212402,-0.249512,-105.895996,-4.638672,264.648438
1493852639.519543,-0.302246,0.183105,-0.343750,-105.346680,-4.150391,254.333496
1493852639.522281,-0.296387,0.181641,-0.225586,-102.722168,-3.784180,255.432129
1493852639.524981,-0.338379,0.166992,-0.248535,-101.562500,-4.089355,258.361816
1493852639.527776,-0.354004,0.182617,-0.272949,-98.999023,-1.770020,258.850098
1493852639.530589,-0.322266,0.203613,-0.291504,-95.581055,-0.305176,261.230469
1493852639.533314,-0.348633,0.173828,-0.231445,-93.750000,1.464844,264.038086
1493852639.535992,-0.366699,0.180664,-0.302246,-92.529297,3.356934,266.967773
1493852639.538679,-0.377930,0.173828,-0.300293,-89.904785,5.371094,269.531250
1493852639.541367,-0.339355,0.162109,-0.257324,-88.867188,8.178711,270.874023
1493852639.544047,-0.396484,0.129883,-0.265137,-87.402344,10.559082,273.864746
1493852639.546726,-0.387695,0.155762,-0.360840,-85.632324,12.695312,276.428223
1493852639.549361,-0.412109,0.154297,-0.304199,-84.167480,14.953613,278.686523
1493852639.551926,-0.410156,0.108887,-0.289551,-81.542969,16.479492,280.151367
1493852639.554473,-0.458984,0.119629,-0.371582,-80.383301,18.310547,282.348633
1493852639.557024,-0.476074,0.123047,-0.284668,-80.261230,20.446777,286.376953
1493852639.559579,-0.472656,0.132324,-0.345215,-79.101562,20.996094,290.710449
1493852639.562132,-0.390137,0.115234,-0.335449,-77.209473,22.338867,295.043945
1493852639.564684,-0.507324,0.159668,-0.395020,-77.148438,23.986816,299.682617
1493852639.567236,-0.544922,0.105469,-0.325684,-76.232910,26.062012,302.551270
1493852639.569808,-0.586914,0.127930,-0.337402,-74.951172,26.733398,306.945801
1493852639.572380,-0.569824,0.147949,-0.431152,-73.730469,29.663086,310.607910
1493852639.574932,-0.566406,0.142578,-0.330078,-73.608398,30.822754,313.598633
1493852639.577483,-0.603027,0.182617,-0.358398,-74.645996,33.508301,316.833496
1493852639.580212,-0.623535,0.168945,-0.402832,-72.998047,35.644531,319.335938
1493852639.582805,-0.658203,0.174805,-0.342773,-74.157715,36.621094,322.448730
1493852639.585356,-0.649902,0.180664,-0.345703,-74.890137,39.978027,324.462891
1493852639.588032,-0.672852,0.172852,-0.390625,-75.683594,42.968750,326.660156
1493852639.590709,-0.714355,0.150879,-0.420898,-77.514648,45.654297,328.369141
1493852639.593263,-0.694824,0.192383,-0.443848,-77.575684,47.790527,330.139160
1493852639.595812,-0.738281,0.150879,-0.291016,-80.566406,50.476074,331.237793
1493852639.598429,-0.775391,0.185547,-0.417969,-82.580566,54.016113,333.984375
1493852639.601052,-0.757324,0.173828,-0.417969,-83.129883,56.579590,336.853027
1493852639.603931,-0.825684,0.160645,-0.380371,-82.824707,59.082031,340.148926
1493852639.606813,-0.866699,0.191406,-0.423340,-85.754395,61.096191,359.069824
1493852639.609412,-0.872559,0.204590,-0.453125,-85.205078,62.377930,346.801758
1493852639.612082,-0.937012,0.191406,-0.430176,-82.824707,62.438965,349.975586
1493852639.614767,-0.982422,0.225586,-0.494141,-82.946777,63.415527,352.478027
1493852639.617447,-1.068848,0.244141,-0.453125,-84.167480,66.467285,354.614258
1493852639.620146,-1.074219,0.270020,-0.443848,-84.411621,69.152832,355.712891
1493852639.622835,-1.146484,0.251953,-0.478027,-86.303711,73.486328,355.407715
1493852639.625522,-1.205566,0.259277,-0.550781,-86.059570,79.223633,355.590820
1493852639.628411,-1.250977,0.251953,-0.536621,-87.463379,86.791992,356.201172
1493852639.631248,-1.317871,0.236328,-0.574219,-87.097168,93.688965,355.529785
1493852639.633934,-1.493164,0.212891,-0.548340,-84.045410,101.135254,357.055664
1493852639.636732,-1.453613,0.185059,-0.562988,-83.557129,106.628418,356.018066
1493852639.639369,-1.548828,0.147461,-0.641113,-86.730957,109.375000,352.722168
1493852639.641939,-1.573242,0.089844,-0.697754,-91.247559,110.168457,349.060059
1493852639.644494,-1.614258,0.012695,-0.793457,-97.656250,111.572266,345.275879
1493852639.647047,-1.716309,-0.064941,-0.646484,-100.097656,112.121582,341.857910
1493852639.649624,-1.732422,-0.127441,-0.826660,-103.881836,113.159180,339.111328
1493852639.652200,-1.780762,-0.182129,-0.841309,-110.290527,113.220215,338.195801
1493852639.654752,-1.838867,-0.258789,-0.849121,-116.271973,113.220215,338.623047
1493852639.657303,-1.822754,-0.314453,-0.944824,-118.713379,112.915039,339.050293
1493852639.659871,-1.868652,-0.447266,-0.779297,-119.445801,113.891602,339.843750
1493852639.662439,-1.908691,-0.510254,-0.898926,-116.210938,114.685059,340.759277
1493852639.664991,-1.949219,-0.589355,-0.912598,-115.783691,116.333008,339.538574
1493852639.667543,-1.923340,-0.678711,-0.892578,-116.943359,115.722656,337.402344
1493852639.670212,-1.938965,-0.729980,-1.022461,-120.300293,117.248535,334.716797
1493852639.672768,-1.887695,-0.813477,-0.932129,-122.985840,117.675781,330.383301
1493852639.675323,-1.844727,-0.880371,-1.048828,-126.953125,119.384766,324.035645
1493852639.677963,-1.791016,-0.906250,-0.941895,-130.737305,122.009277,317.871094
1493852639.680676,-1.742188,-1.010254,-0.898438,-131.225586,124.511719,309.082031
1493852639.683363,-1.688965,-1.224121,-0.853516,-133.544922,128.051758,298.461914
1493852639.686048,-1.641113,-1.234375,-0.515625,-143.249512,134.643555,285.644531
1493852639.688737,-1.593262,-1.334961,-0.356445,-154.602051,144.287109,274.291992
1493852639.691425,-1.564453,-1.339355,-0.301270,-155.395508,156.738281,265.747070
1493852639.694104,-1.560059,-1.317871,-0.150879,-147.766113,165.954590,262.145996
1493852639.696849,-1.629883,-1.145508,-0.080078,-143.554688,167.663574,261.108398
1493852639.699583,-1.683594,-1.209961,0.024414,-140.502930,165.527344,259.704590
1493852639.702193,-1.757812,-1.187012,-0.019043,-141.601562,164.306641,257.568359
1493852639.704978,-1.753906,-1.267090,0.111328,-145.202637,166.931152,243.347168
1493852639.707777,-1.728516,-1.318359,0.073730,-145.446777,173.400879,227.783203
1493852639.710413,-1.669434,-1.440918,0.050293,-145.935059,179.931641,203.369141
1493852639.713099,-1.643066,-1.619629,0.138184,-147.705078,183.898926,199.768066
1493852639.715780,-1.545898,-1.732422,0.264648,-152.038574,181.030273,164.062500
1493852639.718505,-1.454590,-1.997559,0.101074,-159.973145,174.499512,143.920898
1493852639.721234,-1.347656,-2.020996,-0.069336,-159.301758,167.480469,126.220703
1493852639.723916,-1.282715,-2.109375,-0.123535,-148.010254,158.325195,109.802246
1493852639.726598,-1.184570,-2.186035,-0.218750,-137.573242,145.019531,111.572266
1493852639.729287,-1.036621,-2.278809,-0.290527,-136.962891,130.371094,95.947266
1493852639.731978,-1.036133,-2.463867,-0.311035,-145.629883,117.492676,80.810547
1493852639.734662,-0.929199,-2.388184,-0.294922,-155.273438,107.238770,62.866211
1493852639.737346,-0.802246,-2.403809,-0.241211,-158.996582,99.243164,42.419434
1493852639.739977,-0.780762,-2.316895,-0.147949,-148.742676,91.552734,18.859863
1493852639.742538,-0.729492,-1.918945,-0.337891,-125.427246,80.261230,-22.583008
1493852639.745085,-0.616699,-1.329102,-0.513184,-129.089355,56.457520,-94.543457
1493852639.747633,-0.630371,-1.301758,-0.085449,-122.863770,0.854492,-186.706543
1493852639.750180,-1.309082,-1.398438,-0.853516,-155.578613,-22.460938,-246.826172
1493852639.752728,-1.636719,-1.288574,-0.042969,-139.770508,-60.302734,-285.644531
1493852639.755273,-1.739258,-1.118652,-0.075195,-139.770508,-76.538086,-313.903809
1493852639.757858,-1.589844,-0.993652,-0.214844,-155.578613,-50.231934,-345.153809
1493852639.760447,-1.258301,-1.080566,0.318848,-153.991699,-6.103516,-343.444824
1493852639.762995,-0.940430,-1.175781,0.332031,-153.869629,38.757324,-299.865723
1493852639.765545,-0.760742,-0.959961,0.373535,-128.051758,95.520020,-225.952148
1493852639.768282,-0.872070,-0.611816,0.289062,-81.359863,153.564453,-151.306152
1493852639.770984,-0.896484,0.122559,0.403809,-33.630371,153.442383,-89.721680
1493852639.773671,-1.158203,0.644531,0.297852,-0.976562,125.244141,-41.687012
1493852639.776353,-1.360352,1.454590,0.240234,30.273438,90.148926,-3.662109
1493852639.779054,-1.551758,2.145020,0.296387,74.218750,53.222656,32.043457
1493852639.781756,-1.752930,2.645508,0.198242,141.723633,-3.356934,61.462402
1493852639.784437,-2.163574,3.052734,-0.200684,174.255371,-9.948730,40.588379
1493852639.787118,-2.089844,2.894043,-0.255371,147.949219,-58.593750,-63.964844
1493852639.789805,-1.370117,2.367676,-0.198242,57.250977,-68.908691,-224.975586
1493852639.792492,-0.606445,1.691406,-0.060059,-35.888672,-114.562988,-381.958008
1493852639.795175,-0.049316,0.812988,0.103027,-84.350586,-151.855469,-506.835938
1493852639.797873,0.088867,-0.196777,0.451172,-80.932617,-154.785156,-605.102539
1493852639.800501,0.190430,-1.074219,0.414551,-50.292969,-132.324219,-682.373047
1493852639.803049,0.221680,-1.700684,0.577637,-14.038086,-95.214844,-744.750977
1493852639.805600,0.216309,-2.286621,0.570801,23.559570,-44.311523,-755.676270
1493852639.808172,0.127930,-2.529297,0.366211,61.218262,1.342773,-761.718750
1493852639.810809,-0.174805,-2.409668,0.058594,61.035156,68.298340,-717.407227
1493852639.813492,-0.686523,-2.092285,-0.545898,51.330566,112.182617,-630.371094
1493852639.816173,-1.542480,-1.538574,-0.641113,49.133301,150.695801,-527.465820
1493852639.818879,-2.548828,-0.994629,-0.890625,56.457520,171.386719,-425.903320
1493852639.821582,-2.695312,-0.902344,-1.206055,42.297363,171.875000,-334.960938
1493852639.824371,-2.130371,-1.175781,-1.137207,8.728027,98.937988,-265.686035
1493852639.827159,-1.679199,-1.232910,-1.039551,-2.685547,-26.123047,-207.641602
1493852639.829864,-1.420898,-1.020996,-0.585938,-39.489746,-142.333984,-145.446777
1493852639.832572,-1.326660,-0.709961,-0.033203,-68.542480,-233.520508,-73.608398
1493852639.835260,-1.222168,-0.351562,0.477051,-82.031250,-274.414062,6.530762
1493852639.837955,-1.022461,-0.030762,0.630859,-60.302734,-249.694824,78.369141
1493852639.840652,-0.794434,0.339844,0.190430,7.507324,-173.339844,133.605957
1493852639.843337,-0.588379,0.658203,-0.361328,45.593262,-85.510254,175.292969
1493852639.846025,-0.526367,0.973633,-0.833008,83.374023,-35.095215,193.054199
1493852639.848692,-0.392090,0.859863,-1.060059,67.321777,-37.719727,178.710938
1493852639.851293,-0.255859,0.745605,-0.928711,12.451172,-86.608887,133.300781
1493852639.853851,-0.167480,0.558594,-0.671875,-42.053223,-111.938477,61.096191
1493852639.856404,-0.079102,0.384766,-0.359863,-70.983887,-173.339844,-29.785156
1493852639.858959,-0.058105,0.174805,0.063477,-77.819824,-218.444824,-124.145508
1493852639.861515,-0.090820,0.005859,0.323242,-76.538086,-230.163574,-161.315918
1493852639.864065,-0.158203,-0.122070,0.493164,-75.195312,-203.796387,-216.796875
1493852639.866617,-0.168945,-0.242188,0.306152,-75.073242,-147.277832,-239.013672
1493852639.869171,-0.222656,-0.354980,0.334473,-71.350098,-80.505371,-228.698730
1493852639.871727,-0.349121,-0.469727,0.248047,-65.612793,-16.418457,-196.655273
1493852639.874278,-0.378906,-0.473633,-0.120117,-58.776855,6.469727,-152.282715
1493852639.876826,-0.458008,-0.428711,0.050781,-58.715820,36.499023,-106.262207
1493852639.879438,-0.578613,-0.368652,-0.066406,-63.293457,41.870117,-69.458008
1493852639.882053,-0.730469,-0.224609,-0.110352,-65.917969,27.648926,-51.818848
1493852639.884607,-0.812500,-0.110840,0.101562,-62.072754,7.385254,-35.949707
1493852639.887164,-0.894043,0.017578,0.094238,-40.588379,-15.441895,-39.428711
1493852639.889823,-0.964844,0.065918,0.020508,-20.019531,-28.686523,-56.579590
1493852639.892551,-0.977051,0.060547,-0.079590,-1.037598,-27.282715,-72.143555
1493852639.895239,-0.927734,0.060059,-0.054199,-7.263184,-19.042969,-77.087402
1493852639.897927,-0.902344,-0.040039,0.070312,-6.469727,-8.911133,-70.922852
1493852639.900612,-0.837402,-0.055176,-0.081543,-30.822754,-0.427246,-59.753418
1493852639.903408,-0.805664,-0.077148,-0.166504,-23.132324,3.845215,-48.034668
1493852639.906089,-0.733398,-0.085449,-0.074219,-18.920898,0.122070,-40.893555
1493852639.908754,-0.716309,-0.053711,-0.089355,-21.911621,2.624512,-39.489746
1493852639.911347,-0.675781,-0.004395,-0.034180,-18.859863,-0.488281,-40.832520
1493852639.913895,-0.678711,0.022461,-0.040527,-14.038086,-6.774902,-42.907715
1493852639.916441,-0.702148,0.050293,-0.080078,-10.131836,-10.803223,-42.053223
1493852639.919022,-0.700684,0.064453,-0.024902,-6.958008,-11.901855,-41.259766
1493852639.921655,-0.687012,0.088867,-0.116699,-6.896973,-9.521484,-39.245605
1493852639.924321,-0.690430,0.068359,-0.197754,-5.981445,-4.943848,-36.743164
1493852639.927001,-0.702148,0.060059,-0.154785,-7.385254,-0.305176,-37.231445
1493852639.929684,-0.686523,0.070801,-0.085938,-9.887695,0.915527,-38.452148
1493852639.932370,-0.707031,0.045898,-0.162598,-9.887695,0.244141,-40.832520
1493852639.935051,-0.733887,0.016602,-0.195801,-8.361816,-1.586914,-43.151855
1493852639.937737,-0.685059,-0.016602,-0.041016,-6.530762,-2.685547,-44.189453
1493852639.940422,-0.690918,-0.034668,-0.172852,-4.943848,-4.089355,-43.334961
1493852639.943106,-0.689941,-0.034668,-0.119629,-1.892090,-4.272461,-41.564941
1493852639.945788,-0.688477,-0.044434,-0.171875,14.892578,-3.601074,-38.513184
1493852639.948477,-0.660645,-0.047363,-0.220215,1.220703,-3.417969,-33.874512
1493852639.951165,-0.658691,-0.031738,-0.251953,2.014160,-5.187988,-30.517578
1493852639.953843,-0.670898,-0.022461,-0.151855,5.249023,-6.042480,-27.099609
1493852639.956521,-0.643066,-0.029297,-0.169922,6.469727,-7.202148,-25.329590
1493852639.959163,-0.535645,-0.017090,-0.190918,9.948730,-8.483887,-23.071289
1493852639.961733,-0.660156,-0.125000,-0.203125,11.779785,-8.911133,-22.399902
1493852639.964282,-0.630859,-0.002930,-0.139648,12.268066,-9.094238,-20.263672
1493852639.966833,-0.654297,-0.013184,-0.151855,13.793945,-8.300781,-18.249512
1493852639.969440,-0.634277,-0.005371,-0.093750,14.465332,-6.530762,-17.272949
1493852639.972122,-0.656738,-0.006836,-0.095703,15.380859,-4.821777,-15.136719
1493852639.974810,-0.689941,-0.022461,-0.041992,17.395020,-4.089355,-12.329102
1493852639.977493,-0.696289,0.004395,-0.087402,19.409180,-4.577637,-10.375977
1493852639.980189,-0.740234,0.007812,-0.093750,20.080566,-4.943848,-8.361816
1493852639.982874,-0.741211,0.024902,-0.149902,19.836426,-5.676270,-7.934570
1493852639.985560,-0.729004,0.036133,-0.128906,19.897461,-7.080078,-6.530762
1493852639.988266,-0.729980,0.052246,-0.191406,22.399902,-8.300781,-6.103516
1493852639.990972,-0.716309,0.022949,-0.085449,24.047852,-8.361816,-5.432129
1493852639.993655,-0.720215,0.029297,-0.162598,23.986816,-7.873535,-5.737305
1493852639.996336,-0.711426,0.015625,-0.095215,25.451660,-7.568359,-5.615234
1493852639.999023,-0.695312,0.007324,-0.099609,25.634766,-7.141113,-5.859375
1493852640.001715,-0.623047,-0.009277,-0.179688,25.085449,-7.080078,-5.493164
1493852640.004398,-0.670410,-0.012695,-0.133301,26.000977,-7.263184,-4.760742
1493852640.007082,-0.675781,-0.014648,-0.123535,25.268555,-5.859375,-4.455566
1493852640.009720,-0.649902,0.023438,-0.154785,24.414062,-7.751465,-5.004883
1493852640.012282,-0.729004,0.028809,-0.020508,17.578125,-13.244629,-5.859375
1493852640.014832,-0.819336,0.047852,-0.033203,11.596680,-31.127930,-4.943848
1493852640.017385,-0.726074,0.050293,-0.005859,11.352539,-18.127441,-3.112793
1493852640.020004,-0.745117,0.028320,-0.069824,17.333984,-17.578125,-0.427246
1493852640.022688,-0.735352,0.034180,-0.109375,24.536133,-13.549805,1.098633
1493852640.025373,-0.712402,0.007812,-0.085938,27.221680,-9.826660,0.427246
1493852640.028080,-0.753906,0.001465,-0.005371,26.611328,-7.690430,-0.427246
1493852640.030786,-0.719727,0.012207,-0.120605,23.742676,-7.446289,-0.854492
1493852640.033463,-0.700684,0.034668,-0.028809,20.446777,-8.972168,-3.479004
1493852640.036144,-0.749512,0.046875,-0.071777,22.460938,-11.901855,-3.662109
1493852640.038851,-0.671387,0.077637,-0.039551,22.460938,-13.977051,-4.516602
1493852640.041558,-0.724121,0.043945,-0.041504,25.390625,-15.747070,-3.234863
1493852640.044353,-0.710449,0.059570,-0.079590,25.390625,-15.991211,-2.990723
1493852640.047038,-0.684570,0.060059,-0.052246,25.451660,-16.296387,-3.234863
1493852640.049733,-0.672363,0.058594,-0.019531,24.353027,-15.014648,-4.028320
1493852640.052424,-0.665039,0.034668,-0.007324,24.414062,-14.221191,-4.699707
1493852640.055109,-0.663574,0.026855,-0.047852,23.193359,-13.854980,-5.554199
1493852640.057788,-0.559570,0.017578,-0.073730,23.010254,-13.549805,-6.774902
1493852640.060398,-0.641113,-0.091797,-0.129883,23.071289,-13.427734,-8.239746
1493852640.062948,-0.633301,0.031738,-0.097168,22.766113,-13.793945,-9.582520
1493852640.065504,-0.636719,0.014648,-0.105469,24.108887,-13.244629,-10.498047
1493852640.068069,-0.621582,-0.077148,-0.187500,24.108887,-13.732910,-11.230469
1493852640.070704,-0.620605,0.122070,-0.054199,23.986816,-13.916016,-11.596680
1493852640.073390,-0.636719,0.002441,-0.164062,24.658203,-13.732910,-11.291504
1493852640.076072,-0.608887,0.009766,-0.179688,23.498535,-12.878418,-11.596680
1493852640.078759,-0.592285,-0.003418,-0.196777,22.888184,-12.634277,-11.352539
1493852640.081451,-0.571777,0.007812,-0.098633,23.742676,-11.291504,-10.864258
1493852640.084143,-0.562500,0.005859,-0.188965,21.728516,-10.620117,-10.498047
1493852640.086833,-0.570312,-0.011230,-0.146484,21.728516,-8.728027,-10.070801
1493852640.089531,-0.597168,0.023438,-0.132812,24.353027,-9.033203,-7.873535
1493852640.092229,-0.694824,0.011230,-0.160156,25.756836,-10.314941,-7.568359
1493852640.094914,-0.607422,-0.008789,-0.170898,26.306152,-11.291504,-6.774902
1493852640.097598,-0.640625,0.003418,-0.085449,27.038574,-12.145996,-6.835938
1493852640.100343,-0.609375,0.011230,-0.248047,25.939941,-13.244629,-6.774902
1493852640.103027,-0.605469,0.018555,-0.097656,24.597168,-13.366699,-8.666992
1493852640.105714,-0.505371,0.021484,-0.145020,25.451660,-13.977051,-11.352539
1493852640.108391,-0.609375,0.024902,-0.113281,24.108887,-12.634277,-12.695312
1493852640.110998,-0.592285,0.022461,-0.090820,24.353027,-10.620117,-14.587402
1493852640.113552,-0.622559,-0.105469,-0.164551,26.489258,-9.399414,-14.526367
1493852640.116106,-0.594727,0.046875,-0.083984,25.512695,-9.460449,-15.930176
1493852640.118680,-0.588867,0.120117,-0.109863,18.127441,-8.178711,-18.737793
1493852640.121255,-0.606934,0.035156,-0.087402,15.991211,-7.629395,-19.226074
1493852640.123806,-0.598633,0.118164,-0.070801,17.883301,-7.141113,-18.859863
1493852640.126357,-0.617188,0.005371,-0.087402,20.080566,-7.263184,-18.981934
1493852640.128954,-0.642578,0.031250,-0.093750,19.592285,-8.789062,-18.981934
1493852640.131618,-0.619141,-0.015137,-0.091797,16.784668,-10.803223,-19.470215
1493852640.134303,-0.636230,0.033203,-0.097168,20.141602,-12.451172,-20.874023
1493852640.136989,-0.607422,0.044922,-0.103516,18.737793,-14.099121,-22.583008
1493852640.139677,-0.531738,0.027344,-0.092773,15.319824,-11.779785,-24.291992
1493852640.142369,-0.657715,0.030273,-0.085938,14.160156,-8.850098,-26.428223
1493852640.145055,-0.606445,0.030273,-0.066406,12.207031,-6.774902,-28.381348
1493852640.147743,-0.617188,0.058105,-0.066406,8.850098,-5.065918,-31.127930
1493852640.150425,-0.666992,0.015625,-0.012695,7.873535,-4.394531,-35.034180
1493852640.153100,-0.610840,0.039062,-0.097168,4.333496,-3.906250,-38.757324
1493852640.155782,-0.621582,0.043945,-0.018555,3.967285,-4.333496,-41.625977
1493852640.158472,-0.616699,0.024902,-0.055664,4.455566,-3.540039,-42.236328
1493852640.161155,-0.611816,-0.002441,-0.104980,3.784180,-2.380371,-41.564941
1493852640.163834,-0.647949,-0.019043,-0.119141,3.784180,-1.892090,-40.710449
1493852640.166512,-0.742188,-0.026855,-0.052734,6.713867,-0.976562,-40.405273
1493852640.169160,-0.747559,-0.027344,-0.056641,5.615234,-0.732422,-39.794922
1493852640.171746,-0.606445,-0.042480,-0.065430,6.347656,0.122070,-40.039062
1493852640.174295,-0.661621,-0.015137,-0.128906,6.042480,0.488281,-40.222168
1493852640.176848,-0.654297,-0.028320,-0.065918,7.446289,0.915527,-39.978027
1493852640.179446,-0.674316,-0.019043,-0.074219,6.958008,1.647949,-39.916992
1493852640.182217,-0.645996,-0.022949,-0.020020,6.347656,0.488281,-40.588379
1493852640.184896,-0.640137,-0.016602,-0.091797,5.920410,1.098633,-42.175293
1493852640.187573,-0.653809,-0.016113,-0.120605,6.591797,1.098633,-42.358398
1493852640.190256,-0.626953,0.002441,-0.089355,6.958008,0.610352,-42.968750
1493852640.192943,-0.635742,-0.012695,-0.077148,6.286621,0.427246,-43.334961
1493852640.195624,-0.683105,-0.120117,-0.113281,7.019043,0.976562,-42.480469
1493852640.198316,-0.669434,-0.004395,-0.068359,7.812500,0.122070,-42.724609
1493852640.201005,-0.664551,-0.010254,-0.062988,6.896973,-0.610352,-42.846680
1493852640.203684,-0.704590,-0.014160,-0.091797,6.530762,-1.037598,-43.518066
1493852640.206363,-0.650879,0.004883,-0.126953,6.896973,-1.708984,-44.128418
1493852640.209068,-0.640137,-0.111328,-0.082031,6.347656,-2.380371,-46.081543
1493852640.211775,-0.690430,-0.011230,-0.062500,5.310059,-2.502441,-47.546387
1493852640.214458,-0.680176,0.007324,-0.020996,5.615234,-2.807617,-48.950195
1493852640.217139,-0.684570,0.026367,-0.106934,6.042480,-3.601074,-51.635742
1493852640.219765,-0.687012,0.020996,-0.024902,6.713867,-3.784180,-53.894043
1493852640.222322,-0.673340,0.022949,-0.043945,5.004883,-3.479004,-56.152344
1493852640.224871,-0.694336,0.022949,0.009277,1.892090,-4.150391,-57.983398
1493852640.227420,-0.678223,0.047852,-0.068359,1.831055,-3.479004,-59.448242
1493852640.230032,-0.690430,0.055664,0.013184,0.122070,-3.723145,-60.791016
1493852640.232716,-0.694336,0.065918,-0.015625,-2.441406,-2.868652,-61.828613
1493852640.235397,-0.753418,0.058594,-0.014648,-4.943848,-4.760742,-63.232422
1493852640.238081,-0.717773,0.080566,-0.018555,-7.324219,-7.019043,-64.636230
1493852640.240769,-0.800781,0.065430,0.012695,-10.925293,-7.324219,-65.368652
1493852640.243453,-0.790527,0.085938,-0.086914,-12.145996,-9.521484,-68.237305
1493852640.246134,-0.836914,0.078613,-0.034180,-13.488770,-11.047363,-71.105957
1493852640.248825,-0.805664,0.079590,-0.039551,-16.174316,-12.573242,-74.584961
1493852640.251518,-0.841797,0.040527,-0.017578,-17.639160,-14.282227,-93.750000
1493852640.254202,-0.842773,0.043945,-0.094238,-17.517090,-15.075684,-81.787109
1493852640.256886,-0.851074,0.062988,-0.056641,-16.784668,-15.991211,-85.083008
1493852640.259568,-0.847656,0.050293,-0.038086,-18.615723,-16.723633,-88.867188
1493852640.262256,-0.806152,0.069824,-0.004883,-17.028809,-17.089844,-93.017578
1493852640.264941,-0.836426,0.032715,0.052246,-18.676758,-16.479492,-95.520020
1493852640.267622,-0.854492,0.041504,-0.021484,-19.470215,-16.540527,-95.153809
1493852640.270288,-0.801758,0.037109,-0.056152,-21.179199,-19.042969,-95.458984
1493852640.272839,-0.870117,0.033203,0.032227,-22.583008,-20.690918,-95.092773
1493852640.275391,-0.856934,0.048340,-0.048340,-21.179199,-21.240234,-96.618652
1493852640.277967,-0.880371,0.043457,-0.120605,-21.240234,-21.850586,-99.060059
1493852640.280614,-0.897461,0.064453,-0.112793,-20.324707,-22.766113,-100.585938
1493852640.283299,-0.913574,0.044922,-0.095703,-19.653320,-23.315430,-104.064941
1493852640.285980,-0.907715,0.082520,-0.128418,-17.639160,-22.766113,-108.825684
1493852640.288685,-0.944824,0.077637,-0.195312,-19.470215,-21.118164,-113.403320
1493852640.291397,-1.115723,0.132324,-0.272949,-19.897461,-18.493652,-118.591309
1493852640.294084,-1.034668,0.104004,-0.333984,-20.874023,-14.160156,-123.840332
1493852640.296765,-1.133301,0.093750,-0.404785,-19.409180,-12.390137,-127.136230
1493852640.299468,-1.115723,0.108887,-0.468262,-16.601562,-9.216309,-130.859375
1493852640.302174,-1.170898,0.106445,-0.455566,-14.038086,-7.324219,-134.887695
1493852640.304855,-1.206543,0.113770,-0.556152,-9.948730,-6.225586,-140.441895
1493852640.307534,-1.251465,0.000000,-0.562012,-5.859375,-5.493164,-143.188477
1493852640.310219,-1.231934,0.088867,-0.504883,-2.136230,-7.446289,-148.071289
1493852640.312901,-1.287109,0.097656,-0.591797,5.004883,-11.596680,-151.794434
1493852640.315586,-1.283691,0.128418,-0.566406,13.427734,-16.662598,-153.381348
1493852640.318263,-1.261719,0.144043,-0.498535,22.094727,-22.277832,-154.113770
1493852640.320978,-1.273926,0.197266,-0.498047,31.066895,-28.930664,-154.296875
1493852640.323527,-1.304199,0.140137,-0.478027,37.841797,-35.156250,-155.883789
1493852640.326080,-1.256348,0.287598,-0.356445,39.855957,-38.269043,-158.508301
1493852640.328690,-1.298340,0.333984,-0.377930,42.236328,-39.733887,-162.658691
1493852640.331363,-1.308105,0.378418,-0.297363,45.471191,-39.245605,-168.457031
1493852640.334051,-1.263184,0.406250,-0.160156,50.415039,-36.987305,-174.133301
1493852640.336736,-1.315918,0.419434,-0.273438,52.978516,-32.836914,-181.335449
1493852640.339436,-1.304199,0.447754,-0.225586,55.603027,-30.395508,-187.500000
1493852640.342134,-1.358398,0.439453,-0.212402,60.180664,-27.954102,-192.932129
1493852640.344815,-1.438965,0.482422,-0.185547,66.284180,-25.573730,-197.692871
1493852640.347503,-1.468262,0.568359,-0.261719,73.120117,-25.024414,-201.965332
1493852640.350199,-1.517578,0.561035,-0.347168,80.078125,-25.817871,-206.970215
1493852640.352884,-1.504883,0.576660,-0.282715,86.791992,-29.052734,-212.646484
1493852640.355567,-1.536621,0.568359,-0.351074,95.581055,-34.301758,-219.970703
1493852640.358274,-1.536133,0.535645,-0.275879,99.609375,-40.405273,-227.172852
1493852640.360986,-1.503906,0.515137,-0.375000,101.318359,-48.339844,-233.703613
1493852640.363677,-1.420898,0.438965,-0.261719,101.806641,-57.556152,-240.173340
1493852640.366362,-1.462402,0.381836,-0.247559,100.280762,-67.260742,-245.544434
1493852640.369051,-1.366699,0.292969,-0.190430,95.092773,-78.247070,-252.319336
1493852640.371669,-1.291016,0.185547,-0.210938,85.998535,-90.515137,-255.554199
1493852640.374216,-1.209961,0.076172,-0.127930,73.669434,-103.027344,-262.756348
1493852640.376768,-1.153809,-0.028320,-0.148926,62.866211,-113.891602,-273.803711
1493852640.379325,-1.064453,-0.158203,-0.062988,59.997559,-121.765137,-288.024902
1493852640.381884,-1.036133,-0.250977,-0.171875,57.556152,-123.840332,-303.649902
1493852640.384435,-0.982910,-0.287598,-0.197754,61.950684,-122.497559,-318.969727
1493852640.386984,-0.979492,-0.247070,-0.111816,68.237305,-117.919922,-329.101562
1493852640.389595,-0.964355,-0.154297,-0.258301,67.138672,-113.830566,-331.054688
1493852640.392279,-1.086914,-0.040039,-0.292969,57.128906,-118.103027,-322.448730
1493852640.394962,-1.159668,-0.053223,-0.286621,37.048340,-128.540039,-303.894043
1493852640.397666,-1.221680,-0.117188,-0.233398,23.620605,-137.023926,-280.456543
1493852640.400369,-1.037109,-0.229004,-0.211914,17.944336,-136.352539,-259.094238
1493852640.403050,-0.992188,-0.328125,-0.320801,19.592285,-128.784180,-246.032715
1493852640.405735,-0.907227,-0.361328,-0.301270,26.000977,-118.896484,-242.858887
1493852640.408418,-0.821777,-0.347656,-0.327637,25.817871,-111.389160,-241.394043
1493852640.411103,-0.810059,-0.322266,-0.265625,18.554688,-108.459473,-244.689941
1493852640.413790,-0.764648,-0.237305,-0.317871,12.023926,-114.807129,-246.948242
1493852640.416471,-0.725586,-0.196777,-0.259766,9.155273,-122.131348,-244.201660
1493852640.419156,-0.707031,-0.122070,-0.196777,10.131836,-129.882812,-236.694336
1493852640.421844,-0.704590,-0.075684,-0.203613,10.864258,-134.765625,-226.806641
1493852640.424530,-0.691406,-0.002441,-0.268066,9.338379,-133.605957,-216.308594
1493852640.427214,-0.504883,0.053711,-0.182617,8.911133,-126.342773,-203.979492
1493852640.429843,-0.554688,0.240234,-0.251465,10.864258,-115.417480,-189.819336
1493852640.432405,-0.481934,0.186523,-0.175293,11.840820,-100.891113,-173.095703
1493852640.434953,-0.425781,0.372559,-0.214844,16.906738,-86.242676,-154.418945
1493852640.437500,-0.352539,0.312500,-0.212402,22.094727,-62.805176,-136.230469
1493852640.440128,-0.315430,0.487793,-0.186523,25.207520,-62.194824,-117.614746
1493852640.442813,-0.280762,0.448242,-0.062012,30.029297,-46.325684,-101.989746
1493852640.445501,-0.247070,0.499023,-0.170898,42.358398,-29.846191,-90.332031
1493852640.448189,-0.204102,0.479492,-0.195312,63.659668,-14.282227,-86.486816
1493852640.450878,-0.166992,0.395996,-0.173828,79.406738,-2.746582,-89.843750
1493852640.453557,-0.118652,0.244629,-0.201172,84.167480,4.821777,-101.684570
1493852640.456363,-0.065918,0.007324,-0.131836,75.805664,8.666992,-117.675781
1493852640.459072,-0.103027,-0.119141,-0.084961,63.415527,8.544922,-132.995605
1493852640.461781,-0.124512,-0.202148,-0.113281,55.053711,4.211426,-141.357422
1493852640.464466,-0.225586,-0.196289,-0.094238,50.170898,-5.065918,-136.108398
1493852640.467147,-0.272461,-0.120117,-0.080078,41.687012,-18.127441,-120.178223
1493852640.469777,-0.382324,-0.068359,-0.025391,31.433105,-30.456543,-92.163086
1493852640.472336,-0.395996,0.035156,-0.004883,20.141602,-35.583496,-79.406738
1493852640.474890,-0.423828,0.133301,-0.040527,6.225586,-36.926270,-51.940918
1493852640.477443,-0.448730,0.169434,-0.007324,-1.647949,-37.902832,-31.005859
1493852640.480104,-0.405762,0.231934,-0.169434,-30.334473,-45.959473,-18.615723
1493852640.482790,-0.278809,0.185547,-0.099609,-22.766113,-56.335449,-11.108398
1493852640.485477,-0.348633,0.182617,-0.138184,-25.146484,-65.917969,-2.136230
1493852640.488169,-0.237305,0.156738,-0.073730,-21.972656,-67.260742,7.202148
1493852640.490860,-0.127930,0.119629,-0.089844,-20.141602,-62.927246,17.211914
1493852640.493544,-0.102539,0.112793,-0.085449,-23.925781,-56.213379,25.939941
1493852640.496229,-0.022949,0.187012,-0.121094,-30.944824,-53.710938,36.499023
1493852640.498923,-0.057129,0.187988,-0.101074,-37.048340,-52.429199,48.217773
1493852640.501616,-0.012207,0.260254,-0.060059,-41.442871,-52.124023,59.753418
1493852640.504302,-0.005371,0.305176,-0.043945,-46.508789,-52.673340,70.312500
