1493852613.967862,-0.975098,0.078125,-0.132812,9.460449,-26.489258,-116.210938
1493852613.970463,-0.962891,0.085449,-0.227051,12.084961,-27.038574,-119.140625
1493852613.973010,-0.943848,0.077637,-0.138672,13.732910,-26.489258,-122.131348
1493852613.975562,-0.982910,0.075684,-0.150391,14.404297,-26.611328,-124.328613
1493852613.978132,-1.013184,0.080078,-0.134277,14.160156,-26.123047,-128.112793
1493852613.980700,-0.992188,0.127930,-0.207031,14.099121,-26.000977,-131.896973
1493852613.983250,-1.018555,0.117188,-0.131836,14.160156,-25.634766,-132.629395
1493852613.985846,-1.027344,0.169434,-0.090820,12.756348,-25.634766,-133.117676
1493852613.988468,-1.065430,0.188965,-0.176758,11.718750,-27.465820,-134.094238
1493852613.991041,-1.076660,0.183105,-0.125488,11.230469,-29.052734,-136.108398
1493852613.993587,-1.066406,0.197754,-0.124512,12.451172,-32.287598,-139.282227
1493852613.996195,-1.114746,0.183105,-0.138184,13.183594,-34.179688,-141.052246
1493852613.998830,-1.242676,0.230469,-0.224609,14.038086,-32.653809,-141.967773
1493852614.001676,-1.119629,0.374512,-0.177734,11.718750,-29.296875,-142.883301
1493852614.004546,-1.250000,0.270996,-0.228516,10.864258,-25.268555,-144.409180
1493852614.007253,-1.238281,0.261719,-0.195801,9.887695,-23.498535,-148.437500
1493852614.009932,-1.158691,0.285645,-0.187988,11.230469,-23.071289,-169.433594
1493852614.012502,-1.092285,0.254883,-0.187012,12.512207,-22.949219,-160.095215
1493852614.015056,-1.116699,0.255859,-0.003418,14.526367,-23.315430,-167.114258
1493852614.017612,-1.120605,0.266113,-0.187012,30.029297,-21.728516,-173.400879
1493852614.020166,-1.156250,0.270996,-0.200684,18.981934,-21.728516,-177.124023
1493852614.022717,-1.104980,0.306641,-0.117188,23.010254,-21.362305,-179.748535
1493852614.025267,-1.134277,0.308105,-0.126465,25.512695,-22.583008,-180.053711
1493852614.027878,-1.142090,0.356445,-0.175293,29.846191,-24.963379,-180.664062
1493852614.030582,-1.213867,0.386230,-0.189453,32.226562,-27.404785,-183.837891
1493852614.033314,-1.284668,0.440918,-0.250488,37.841797,-31.738281,-185.729980
1493852614.035985,-1.279785,0.496582,-0.335938,43.029785,-33.813477,-202.636719
1493852614.038605,-1.289551,0.532715,-0.318848,47.973633,-36.254883,-191.833496
1493852614.041262,-1.287109,0.570312,-0.310059,50.476074,-39.306641,-196.594238
1493852614.043926,-1.289062,0.604492,-0.308105,57.006836,-41.259766,-200.866699
1493852614.046594,-1.275391,0.625488,-0.455566,61.157227,-39.978027,-203.979492
1493852614.053683,-1.192383,0.626953,-0.365234,61.584473,-27.465820,-241.088867
1493852614.059596,-1.160156,0.608887,-0.298828,51.818848,-24.658203,-252.197266
1493852614.062258,-1.166992,0.572754,-0.284668,42.907715,-21.972656,-264.221191
1493852614.064810,-1.192383,0.494629,-0.285645,35.339355,-18.615723,-279.907227
1493852614.067360,-1.208496,0.366211,-0.162598,25.817871,-15.014648,-303.771973
1493852614.069970,-1.203613,0.246582,-0.169434,18.554688,-14.221191,-321.350098
1493852614.072579,-1.225098,0.063965,-0.125488,13.366699,-14.587402,-322.082520
1493852614.075303,-1.291016,-0.044434,-0.170898,7.080078,-17.944336,-354.797363
1493852614.078031,-1.285645,-0.204590,-0.125488,5.859375,-21.667480,-351.013184
1493852614.080581,-1.276855,-0.287598,-0.137695,11.779785,-24.780273,-357.543945
1493852614.083127,-1.239746,-0.334961,-0.067871,16.540527,-25.573730,-359.375000
1493852614.085755,-1.262695,-0.304199,-0.128906,34.912109,-27.648926,-354.003906
1493852614.088614,-1.151855,-0.168945,-0.285156,83.557129,-35.278320,-341.796875
1493852614.091470,-1.327637,0.089844,-0.302246,108.581543,-47.790527,-321.289062
1493852614.094154,-1.475586,0.296875,-0.427734,122.558594,-64.941406,-294.677734
1493852614.096836,-1.265137,0.361816,-0.486328,109.436035,-80.810547,-268.127441
1493852614.099481,-1.395996,0.395020,-0.493652,117.492676,-89.416504,-248.229980
1493852614.102057,-1.342773,0.250000,-0.419922,99.670410,-87.707520,-240.539551
1493852614.104611,-1.239746,0.130859,-0.385254,74.707031,-84.960938,-246.093750
1493852614.107164,-1.167969,0.152832,-0.490723,52.795410,-80.871582,-260.864258
1493852614.110031,-1.086914,0.046387,-0.367676,42.236328,-78.063965,-279.968262
1493852614.113126,-1.015137,-0.003418,-0.397461,40.588379,-78.613281,-298.828125
1493852614.115810,-0.989746,-0.008301,-0.325684,60.791016,-80.932617,-311.340332
1493852614.118483,-0.921387,0.069336,-0.415527,53.222656,-82.641602,-315.673828
1493852614.121086,-0.888672,0.142090,-0.380859,61.645508,-82.763672,-311.584473
1493852614.123639,-0.998535,0.200684,-0.360840,61.218262,-81.115723,-303.161621
1493852614.126194,-0.856445,0.258301,-0.376465,55.847168,-75.683594,-289.672852
1493852614.128785,-0.854492,0.350586,-0.449219,49.560547,-66.833496,-274.047852
1493852614.131452,-0.839355,0.421387,-0.447266,43.029785,-55.541992,-257.446289
1493852614.134139,-0.745117,0.421875,-0.471680,40.710449,-42.114258,-248.413086
1493852614.136827,-0.688965,0.537109,-0.279297,35.095215,-29.235840,-232.788086
1493852614.139518,-0.673340,0.572754,-0.340820,33.630371,-18.798828,-203.491211
1493852614.142210,-0.603516,0.605469,-0.372559,34.484863,-8.789062,-208.801270
1493852614.144897,-0.526367,0.600098,-0.234863,40.893555,0.488281,-199.523926
1493852614.147577,-0.420898,0.581055,-0.375488,52.673340,9.338379,-193.237305
1493852614.150249,-0.312500,0.639160,-0.364746,73.059082,23.254395,-187.072754
1493852614.152809,-0.312500,0.540527,-0.328613,100.708008,38.696289,-180.236816
1493852614.155364,-0.233887,0.366211,-0.347656,110.900879,47.241211,-172.546387
1493852614.158087,-0.178711,0.134766,-0.288574,115.417480,47.912598,-170.227051
1493852614.160884,-0.182129,-0.240234,-0.238770,93.933105,43.395996,-173.645020
1493852614.163570,-0.173340,-0.461426,-0.229980,98.815918,39.672852,-181.274414
1493852614.166253,-0.125977,-0.492676,-0.077148,95.825195,36.865234,-191.040039
1493852614.168911,-0.164062,-0.587891,0.042480,122.192383,42.114258,-201.477051
1493852614.171500,-0.154297,-0.617188,0.117188,127.258301,48.950195,-206.726074
1493852614.174057,-0.245117,-0.589355,0.018555,140.136719,77.941895,-198.730469
1493852614.176610,-0.305664,-0.453613,-0.243652,132.995605,62.133789,-167.358398
1493852614.179193,-0.328125,-0.253418,-0.359375,91.430664,40.588379,-107.055664
1493852614.181958,-0.310059,-0.000488,-0.466309,6.225586,-4.150391,-25.634766
1493852614.184680,-0.275391,-0.135742,-0.270020,-77.392578,-53.649902,53.161621
1493852614.187582,-0.224121,-0.194824,0.100586,-112.915039,-105.957031,110.717773
1493852614.190445,-0.244141,-0.199219,0.029785,-97.351074,-107.055664,142.150879
1493852614.193016,-0.275391,-0.122559,0.023926,-67.138672,-105.346680,156.738281
1493852614.196455,-0.308594,-0.019043,-0.110840,-48.767090,-95.520020,165.954590
1493852614.199905,-0.326660,0.203125,-0.010742,-54.748535,-74.890137,185.974121
1493852614.202465,-0.250488,0.315918,-0.039062,-64.086914,-57.250977,205.749512
1493852614.205050,-0.255859,0.445312,-0.083496,-61.889648,-39.306641,232.788086
1493852614.207634,-0.221680,0.546875,-0.109863,-52.612305,-23.437500,238.708496
1493852614.210714,-0.171387,0.748535,-0.149902,-46.875000,-10.925293,259.704590
1493852614.213795,-0.144531,0.767578,-0.232422,-44.616699,-8.361816,258.605957
1493852614.216343,-0.059570,0.817871,-0.210449,-52.001953,-9.521484,244.567871
1493852614.218916,-0.085449,0.787598,-0.088867,-60.180664,-15.258789,219.543457
1493852614.221497,-0.019531,0.873535,-0.232422,-61.645508,-20.385742,190.124512
1493852614.224056,0.122559,0.859863,-0.685547,-66.955566,-29.541016,158.020020
1493852614.226615,0.026855,0.801270,-0.194824,-76.416016,-38.330078,144.409180
1493852614.229178,0.117676,0.760254,-0.165527,-61.401367,-12.268066,119.201660
1493852614.231742,-0.111328,0.666992,-0.101562,-59.997559,-5.493164,99.731445
1493852614.234299,-0.020508,0.589355,-0.157715,-55.847168,10.070801,90.637207
1493852614.236856,-0.063965,0.483887,-0.140137,-59.692383,30.944824,91.125488
1493852614.239486,-0.210449,0.397949,-0.176758,-61.035156,22.216797,96.862793
1493852614.242185,-0.237793,0.301270,-0.143066,-63.232422,15.747070,105.957031
1493852614.244873,-0.161133,0.233398,-0.157715,-62.805176,28.137207,111.022949
1493852614.247559,-0.222656,0.175293,-0.213867,-60.974121,28.564453,117.553711
1493852614.250360,-0.156250,0.142090,-0.222168,-58.532715,23.010254,121.154785
1493852614.252917,-0.292969,0.125488,-0.166504,-56.945801,19.470215,126.586914
1493852614.255471,-0.290527,0.125488,-0.198730,-52.185059,16.113281,130.004883
1493852614.258071,-0.285156,0.103516,-0.089844,-50.415039,12.817383,153.320312
1493852614.260677,-0.284668,0.099609,-0.143066,-48.156738,13.122559,149.963379
1493852614.263235,-0.261719,0.128906,-0.178711,-46.997070,11.352539,160.827637
1493852614.265790,-0.362305,0.119629,-0.155762,-31.555176,12.634277,171.020508
1493852614.268403,-0.209473,0.126465,-0.125488,-45.410156,12.023926,178.955078
1493852614.271013,-0.159668,0.241211,-0.143066,-46.020508,11.840820,184.204102
1493852614.273571,-0.210449,0.135254,-0.208496,-45.898438,13.244629,189.025879
1493852614.276129,-0.161133,0.141113,-0.168457,-45.776367,11.047363,191.894531
1493852614.278728,-0.186523,0.171875,-0.137695,-46.691895,11.413574,195.617676
1493852614.281385,-0.194336,0.191406,-0.140137,-45.959473,7.385254,195.495605
1493852614.284050,-0.197754,0.226562,-0.160156,-49.255371,7.629395,190.917969
1493852614.286716,-0.270508,0.177246,-0.077637,-47.912598,8.178711,172.119141
1493852614.289387,-0.257812,0.171387,-0.195312,-47.180176,10.803223,187.927246
1493852614.292063,-0.338379,0.121582,-0.142090,-43.701172,16.174316,197.143555
1493852614.294732,-0.364258,0.104980,-0.178711,-41.992188,18.920898,213.134766
1493852614.297405,-0.337402,0.085449,-0.133301,-40.161133,25.451660,230.651855
1493852614.300074,-0.364258,0.086914,-0.131836,-39.123535,25.817871,244.812012
1493852614.302721,-0.343262,0.101562,-0.162109,-38.330078,27.465820,253.906250
1493852614.305364,-0.472168,0.117188,-0.116699,-37.292480,26.062012,260.131836
1493852614.308175,-0.280762,0.246094,-0.145996,-34.301758,26.611328,264.099121
1493852614.310881,-0.409180,0.183105,-0.075195,-17.089844,27.221680,268.981934
1493852614.313432,-0.411133,0.207031,-0.139648,-29.541016,28.259277,274.780273
1493852614.316485,-0.423828,0.217773,-0.160645,-25.817871,30.700684,285.217285
1493852614.319610,-0.444824,0.342773,-0.083496,-24.719238,31.555176,291.320801
1493852614.322229,-0.431641,0.219238,-0.225586,-24.536133,34.118652,293.701172
1493852614.324779,-0.455078,0.361328,-0.216309,-22.155762,34.545898,296.813965
1493852614.327326,-0.476074,0.127930,-0.123535,-20.690918,35.705566,297.912598
1493852614.329878,-0.451172,0.262695,-0.228516,-19.592285,36.010742,296.997070
1493852614.332432,-0.478516,0.271484,-0.158691,-18.127441,35.888672,295.288086
1493852614.334977,-0.505371,0.287598,-0.192871,-17.639160,36.926270,293.457031
1493852614.337526,-0.474121,0.277832,-0.177734,-17.700195,38.208008,291.748047
1493852614.340137,-0.531250,0.278809,-0.202637,-16.601562,39.306641,290.832520
1493852614.342688,-0.557617,0.312012,-0.173828,-16.601562,40.710449,290.527344
1493852614.345238,-0.525391,0.266113,-0.125488,-15.747070,42.358398,290.710449
1493852614.347801,-0.575684,0.299316,-0.212402,-17.028809,44.921875,290.649414
1493852614.350370,-0.589844,0.298828,-0.168457,-17.395020,46.569824,290.771484
1493852614.352921,-0.640137,0.274902,-0.169922,-16.479492,49.560547,292.175293
1493852614.355470,-0.623535,0.265625,-0.169922,-16.662598,50.720215,294.677734
1493852614.358064,-0.659668,0.259766,-0.181641,-15.380859,51.696777,296.508789
1493852614.360657,-0.686523,0.249512,-0.171875,-16.235352,54.443359,299.743652
1493852614.363243,-0.651855,0.341797,-0.089355,-15.930176,55.480957,301.513672
1493852614.365829,-0.721191,0.130859,-0.195801,-17.272949,58.532715,302.856445
1493852614.368473,-0.734375,0.134766,-0.216309,-18.310547,60.363770,306.335449
1493852614.371121,-0.778320,0.245605,-0.142578,-19.714355,62.744141,308.837891
1493852614.373667,-0.812012,0.235840,-0.153809,-19.226074,63.720703,311.645508
1493852614.376213,-0.784180,0.232422,-0.142090,-20.751953,65.307617,314.331055
1493852614.378831,-0.816406,0.233887,-0.089355,-20.019531,66.589355,317.199707
1493852614.381452,-0.853027,0.214844,-0.162598,-22.216797,66.528320,318.908691
1493852614.384290,-0.903320,0.231934,-0.134766,-21.972656,66.528320,320.983887
1493852614.387264,-0.921875,0.241211,-0.101074,-20.629883,66.345215,323.608398
1493852614.389907,-0.934570,0.286621,-0.158691,-21.362305,65.795898,325.256348
1493852614.392753,-0.945312,0.289551,-0.170898,-20.263672,64.941406,326.110840
1493852614.395589,-1.050293,0.293945,-0.134766,-21.423340,66.040039,325.012207
1493852614.398290,-1.098633,0.319824,-0.233887,-21.667480,68.054199,323.242188
1493852614.400983,-1.154785,0.346680,-0.192871,-22.155762,69.274902,318.969727
1493852614.403671,-1.193848,0.355469,-0.173340,-22.460938,70.678711,314.270020
1493852614.406356,-1.236816,0.314941,-0.163574,-21.728516,70.251465,309.631348
1493852614.409063,-1.287598,0.326660,-0.259766,-19.470215,70.678711,305.847168
1493852614.411769,-1.363281,0.324219,-0.267578,-19.836426,70.434570,303.466797
1493852614.414451,-1.411133,0.317871,-0.314453,-17.639160,72.998047,300.964355
1493852614.417138,-1.437012,0.283203,-0.277344,-17.272949,76.232910,298.217773
1493852614.419771,-1.491699,0.198730,-0.306641,-19.287109,80.871582,293.762207
1493852614.422328,-1.510254,0.131836,-0.263672,-20.507812,84.655762,287.658691
1493852614.424875,-1.462402,0.027344,-0.259277,-24.475098,93.078613,280.822754
1493852614.427425,-1.515625,-0.077148,-0.356445,-31.005859,102.539062,275.634766
1493852614.430001,-1.558594,-0.149902,-0.463867,-41.870117,109.436035,272.705078
1493852614.432704,-1.640625,-0.234375,-0.352051,-53.466797,113.403320,268.615723
1493852614.435386,-1.634277,-0.302246,-0.400391,-59.448242,112.243652,269.653320
1493852614.438107,-1.664551,-0.406250,-0.324219,-59.936523,107.971191,274.047852
1493852614.440830,-1.712891,-0.460938,-0.312012,-60.180664,102.233887,283.386230
1493852614.443377,-1.733887,-0.521484,-0.263672,-62.561035,95.031738,296.569824
1493852614.445924,-1.769531,-0.510254,-0.263184,-65.490723,91.003418,310.607910
1493852614.448579,-1.723633,-0.500977,-0.270996,-66.772461,89.050293,325.012207
1493852614.451237,-1.710449,-0.486816,-0.250488,-68.603516,88.684082,336.486816
1493852614.453786,-1.675781,-0.484375,-0.248535,-71.533203,89.111328,343.017578
1493852614.456330,-1.597656,-0.486328,-0.240234,-72.082520,89.355469,343.261719
1493852614.458899,-1.524902,-0.474121,-0.234375,-72.509766,90.026855,337.585449
1493852614.461473,-1.273438,-0.364258,-0.240234,-80.444336,86.975098,306.457520
1493852614.464024,-1.159668,-0.326660,-0.233887,-98.876953,85.937500,251.281738
1493852614.466568,-1.249512,-0.370117,-0.185547,-101.257324,99.182129,239.196777
1493852614.469116,-1.358887,-0.427734,-0.278809,-94.787598,123.596191,219.848633
1493852614.471668,-1.548340,-0.495605,-0.250000,-108.520508,142.822266,223.022461
1493852614.474220,-1.738281,-0.603027,-0.312988,-99.487305,145.874023,236.450195
1493852614.476766,-1.834961,-0.671387,-0.372559,-109.802246,126.037598,253.417969
1493852614.479360,-1.915039,-0.753418,-0.268066,-114.379883,127.075195,262.512207
1493852614.482029,-1.886230,-0.865234,-0.267090,-103.637695,106.750488,267.517090
1493852614.484713,-1.886230,-0.907227,-0.189453,-80.871582,87.707520,270.507812
1493852614.487393,-1.820312,-1.100098,-0.202148,-63.781738,73.608398,267.761230
1493852614.490089,-1.636230,-0.966309,-0.250000,-50.292969,68.420410,266.296387
1493852614.492779,-1.524414,-0.948242,-0.066406,-46.630859,69.763184,259.460449
1493852614.495466,-1.475098,-0.984863,-0.099609,-48.095703,72.631836,250.549316
1493852614.498156,-1.397949,-1.042480,-0.124512,-50.048828,74.768066,246.337891
1493852614.500846,-1.392090,-1.087402,-0.069824,-47.546387,77.209473,242.065430
1493852614.503532,-1.398438,-1.203125,-0.023438,-44.677734,80.261230,240.783691
1493852614.506308,-1.375488,-1.239746,-0.132812,-38.574219,82.946777,242.004395
1493852614.509076,-1.330566,-1.312988,-0.055664,-40.283203,82.641602,232.360840
1493852614.511783,-1.286621,-1.383789,-0.042480,-47.607422,78.613281,208.129883
1493852614.514471,-1.208984,-1.450684,-0.029297,-50.292969,73.730469,201.110840
1493852614.517158,-1.158203,-1.534668,0.040039,-45.227051,70.251465,160.156250
1493852614.519813,-1.013672,-1.557617,0.061523,-37.414551,66.528320,152.099609
1493852614.522510,-1.067383,-1.569824,0.077637,-29.235840,62.927246,131.164551
1493852614.525062,-1.028809,-1.612793,0.096680,-22.888184,58.776855,115.417480
1493852614.527610,-1.029297,-1.564453,0.067383,-20.812988,54.565430,103.149414
1493852614.530231,-0.996094,-1.554688,0.122559,-17.211914,50.048828,91.735840
1493852614.532917,-1.022461,-1.512695,0.075195,-15.014648,45.104980,79.162598
1493852614.535600,-0.965820,-1.464844,0.104980,-12.451172,38.696289,64.575195
1493852614.538278,-0.962891,-1.265625,0.079590,-10.070801,32.531738,43.945312
1493852614.540886,-0.839355,-1.144531,0.084473,-16.601562,29.724121,13.061523
1493852614.543436,-0.692383,-1.013184,0.037109,-25.329590,23.010254,-33.935547
1493852614.545991,-0.641602,-0.976074,-0.014648,-36.499023,16.296387,-89.416504
1493852614.548596,-0.845215,-1.338379,0.000977,-38.513184,-3.540039,-110.717773
1493852614.551573,-1.036621,-1.385742,-0.025391,-44.189453,-34.301758,-129.699707
1493852614.554547,-1.192383,-1.375488,0.119141,-66.101074,-52.185059,-132.690430
1493852614.557192,-1.085938,-1.457031,0.200684,-66.833496,-27.587891,-120.605469
1493852614.559835,-1.030762,-1.445801,0.118652,-38.085938,-17.639160,-99.792480
1493852614.562395,-1.053711,-1.355469,0.034180,3.173828,-4.150391,-81.604004
1493852614.564939,-1.021484,-1.223633,-0.087402,17.089844,-13.244629,-78.002930
1493852614.567491,-0.989746,-1.079590,-0.095703,13.061523,-32.775879,-80.261230
1493852614.570065,-0.911133,-0.909668,0.026367,5.493164,-51.818848,-88.867188
1493852614.572628,-0.925781,-0.707031,0.090332,-14.953613,-56.091309,-102.905273
1493852614.575181,-0.899414,-0.623535,0.073242,-10.986328,-42.236328,-119.995117
1493852614.577746,-0.841309,-0.568359,0.035156,-18.798828,-16.967773,-131.530762
1493852614.580319,-0.885254,-0.326172,-0.073242,-24.291992,-19.653320,-136.474609
1493852614.582871,-0.948242,-0.257324,-0.396484,-46.569824,-28.747559,-140.869141
1493852614.585420,-0.854980,-0.206543,0.288574,-19.714355,3.845215,-147.033691
1493852614.587981,-0.698242,0.057617,0.094727,0.366211,78.491211,-157.653809
1493852614.590540,-0.686523,0.446777,0.219727,21.179199,142.700195,-151.367188
1493852614.593091,-0.713867,0.902344,0.209473,33.569336,173.217773,-122.070312
1493852614.595641,-0.839355,1.388184,-0.198730,56.396484,156.921387,-66.650391
1493852614.598193,-0.917480,1.776367,-0.242676,65.246582,130.249023,4.516602
1493852614.600749,-0.992676,1.998535,-0.472656,97.656250,127.197266,68.786621
1493852614.603300,-1.098633,2.195801,-0.537598,105.529785,97.473145,105.041504
1493852614.605850,-1.080566,2.308594,-0.556641,82.824707,45.043945,109.313965
1493852614.608443,-1.007812,2.215332,-0.451660,46.997070,-18.493652,54.504395
1493852614.611084,-0.925781,2.101074,-0.164062,22.460938,-79.223633,16.723633
1493852614.613687,-0.901367,1.685547,0.059570,13.427734,-119.567871,-96.374512
1493852614.616242,-0.828613,1.169922,0.067871,16.296387,-128.051758,-228.576660
1493852614.618867,-0.636230,0.748535,0.008789,22.216797,-109.924316,-346.252441
1493852614.621494,-0.456543,0.346680,0.141602,20.507812,-78.613281,-418.884277
1493852614.624043,-0.300781,-0.024902,0.180664,15.075684,-46.386719,-448.974609
1493852614.626592,-0.245117,-0.367188,0.145996,17.883301,-29.907227,-453.979492
1493852614.629210,-0.228027,-0.668945,0.191406,28.259277,5.249023,-449.157715
1493852614.631874,-0.299805,-0.844727,0.114746,33.935547,35.461426,-441.040039
1493852614.634673,-0.508789,-0.979492,-0.036621,31.921387,56.762695,-436.218262
1493852614.637490,-0.904297,-0.948730,-0.062500,23.925781,67.199707,-430.664062
1493852614.640172,-1.351562,-0.812500,-0.241699,28.320312,69.580078,-415.893555
1493852614.642845,-1.534180,-0.679199,-0.333984,37.902832,56.701660,-385.070801
1493852614.645514,-1.757324,-0.693359,-0.263672,52.612305,32.470703,-344.360352
1493852614.648189,-1.711914,-0.704102,-0.264648,64.880371,0.915527,-304.016113
1493852614.650864,-1.576172,-0.616699,-0.250488,75.683594,-34.301758,-251.159668
1493852614.653536,-1.380859,-0.530762,-0.200195,86.914062,-63.842773,-204.833984
1493852614.656207,-1.154297,-0.411621,-0.169922,99.792480,-83.618164,-170.532227
1493852614.658988,-1.001465,-0.296875,-0.171387,114.624023,-91.796875,-120.300293
1493852614.661645,-0.875488,-0.101074,-0.220215,125.305176,-88.256836,-81.298828
1493852614.664294,-0.758789,0.048828,-0.349121,128.356934,-81.115723,-71.716309
1493852614.666943,-0.666992,0.143066,-0.291992,123.046875,-71.838379,-59.387207
1493852614.669558,-0.556152,0.258301,-0.365234,117.553711,-66.284180,-58.166504
1493852614.672127,-0.448730,0.325684,-0.561035,114.562988,-69.396973,-65.002441
1493852614.674677,-0.284668,0.386719,-0.453613,114.013672,-59.570312,-84.045410
1493852614.677228,-0.491699,0.414062,-0.599609,100.097656,-55.725098,-116.882324
1493852614.679869,-0.354004,0.429199,-0.561035,85.083008,-46.325684,-156.799316
1493852614.682509,-0.358398,0.252930,-0.632812,66.101074,-32.653809,-188.232422
1493852614.685061,-0.394531,0.288574,-0.671875,42.602539,-20.446777,-211.791992
1493852614.687614,-0.494141,0.199219,-0.635254,14.160156,-12.207031,-221.313477
1493852614.690532,-0.577637,0.062012,-0.520996,-15.319824,-8.911133,-236.938477
1493852614.693220,-0.657715,-0.063477,-0.551270,-38.452148,-17.333984,-232.177734
1493852614.695904,-0.854492,-0.269531,-0.388672,-55.603027,-29.602051,-223.388672
1493852614.698594,-0.815430,-0.495117,-0.395020,-69.152832,-47.363281,-204.895020
1493852614.701283,-0.889648,-0.552734,-0.220215,-80.444336,-65.124512,-176.391602
1493852614.703961,-0.993652,-0.614258,-0.037109,-84.960938,-81.665039,-148.071289
1493852614.706641,-0.945312,-0.581543,-0.095703,-79.467773,-95.092773,-118.774414
1493852614.709288,-0.956543,-0.526367,-0.027344,-68.481445,-101.806641,-99.548340
1493852614.711867,-0.864746,-0.443359,-0.023438,-57.067871,-99.487305,-61.462402
1493852614.714416,-0.632324,-0.323730,-0.109863,-36.254883,-90.209961,-32.775879
1493852614.716963,-0.683594,-0.208008,-0.042480,-42.907715,-78.735352,-16.845703
1493852614.719570,-0.729492,-0.102539,-0.077148,-37.902832,-71.594238,-9.155273
1493852614.722177,-0.580566,0.107910,-0.055664,-33.569336,-69.946289,-5.981445
1493852614.724721,-0.580078,0.039551,-0.052734,-32.531738,-70.007324,-11.474609
1493852614.727272,-0.585449,0.034180,0.002930,-29.785156,-72.937012,-22.216797
1493852614.729899,-0.710449,0.024902,0.037109,-28.991699,-71.044922,-43.518066
1493852614.732595,-0.594727,-0.010742,0.049316,-27.160645,-63.110352,-34.667969
1493852614.735319,-0.563477,-0.030273,0.055176,-25.573730,-50.231934,-36.682129
1493852614.738065,-0.620605,-0.036621,0.010254,-24.414062,-33.020020,-17.456055
1493852614.740774,-0.609863,-0.001465,-0.145996,-23.864746,-15.380859,-26.794434
1493852614.743456,-0.636719,0.039062,-0.120605,-26.794434,-4.211426,-19.531250
1493852614.746205,-0.706055,-0.014160,-0.013672,-28.442383,-1.464844,-17.761230
1493852614.749063,-0.714844,0.018555,-0.125488,-26.794434,-5.981445,-23.681641
1493852614.751899,-0.675781,0.013672,-0.089844,-22.094727,-13.000488,-26.245117
1493852614.754587,-0.720215,-0.014648,-0.027344,-16.601562,-17.089844,-26.733398
1493852614.757272,-0.687012,0.000000,-0.101074,-14.526367,-16.967773,-23.559570
1493852614.759962,-0.691406,0.034180,-0.183105,-14.465332,-12.023926,-19.287109
1493852614.762654,-0.684570,0.046387,-0.166504,-16.601562,-7.019043,-17.333984
1493852614.765336,-0.671387,0.031738,-0.218262,-18.676758,-2.624512,-13.427734
1493852614.768013,-0.673340,0.066406,-0.221680,-20.751953,-1.342773,-10.192871
1493852614.770618,-0.666992,0.060547,-0.197266,-20.446777,-3.112793,-10.986328
1493852614.773166,-0.608887,0.082031,-0.174805,-20.507812,-5.310059,-12.451172
1493852614.775722,-0.625000,0.087402,-0.138184,-20.751953,-7.141113,-13.977051
1493852614.778304,-0.656738,0.068359,-0.119141,-19.958496,-7.690430,-15.319824
1493852614.780884,-0.513184,0.040527,-0.123047,-20.263672,-7.202148,-17.089844
1493852614.783436,-0.664062,0.045898,-0.125000,-20.446777,-6.652832,-17.883301
1493852614.785985,-0.739746,0.022461,-0.194824,-21.118164,-3.112793,-17.395020
1493852614.788543,-0.626465,0.028320,-0.108398,-21.911621,-1.159668,-17.333984
1493852614.791100,-0.630859,0.002441,-0.152832,-21.789551,1.464844,-17.211914
1493852614.793762,-0.656738,-0.014160,-0.091797,-19.897461,1.892090,-15.747070
1493852614.796793,-0.666992,-0.001465,-0.173828,-18.432617,1.770020,-13.366699
1493852614.799392,-0.687988,0.009277,-0.129883,-16.784668,2.075195,-11.657715
1493852614.802064,-0.697754,0.011230,-0.196777,-15.380859,0.366211,-7.873535
1493852614.804743,-0.695312,0.022949,-0.194824,-14.038086,0.122070,-4.821777
1493852614.807417,-0.729004,0.052246,-0.166504,-11.108398,-1.525879,-2.136230
1493852614.810107,-0.683105,0.022949,-0.206543,-8.666992,-2.624512,0.671387
1493852614.812786,-0.674316,0.042480,-0.129883,-6.774902,-3.112793,2.929688
1493852614.815690,-0.646484,0.051758,-0.162598,-5.126953,-3.723145,4.638672
1493852614.818578,-0.645996,0.044434,-0.189453,-3.784180,-3.112793,5.798340
1493852614.821164,-0.656738,0.039062,-0.098633,-0.854492,-2.868652,5.859375
1493852614.823711,-0.650391,0.058105,-0.154297,0.732422,-2.014160,5.126953
1493852614.826257,-0.635742,0.052734,-0.117676,0.732422,-0.183105,4.882812
1493852614.828808,-0.669434,0.039062,-0.101074,1.525879,1.037598,4.516602
1493852614.831357,-0.655762,0.052734,-0.134766,1.464844,1.586914,3.540039
1493852614.833895,-0.683105,0.035156,-0.163574,2.807617,0.610352,2.624512
1493852614.836437,-0.648926,0.052246,-0.208496,3.662109,2.197266,2.136230
1493852614.839016,-0.657715,0.077637,-0.020996,4.211426,2.380371,1.647949
1493852614.841663,-0.677246,0.023438,-0.126465,5.004883,3.295898,1.098633
1493852614.844338,-0.660645,0.050781,-0.173828,6.042480,4.821777,0.183105
1493852614.847012,-0.668457,0.052246,-0.152832,6.896973,5.065918,0.610352
1493852614.849641,-0.683594,0.054199,-0.174805,6.408691,6.225586,-0.061035
1493852614.852200,-0.668457,0.048340,-0.111816,6.958008,6.347656,-0.305176
1493852614.854742,-0.692871,0.022949,-0.177246,7.385254,5.371094,-0.061035
1493852614.857285,-0.658691,0.003418,-0.145996,9.155273,3.417969,0.976562
1493852614.859909,-0.674805,0.011230,-0.214844,9.582520,-14.038086,3.112793
1493852614.862534,-0.680176,0.007324,-0.244141,14.038086,-3.112793,5.004883
1493852614.865084,-0.719727,-0.120605,-0.160645,17.028809,-8.911133,7.629395
1493852614.867635,-0.703125,0.026367,-0.187500,20.141602,-12.756348,8.422852
1493852614.870178,-0.653809,0.024414,-0.179688,21.301270,-16.845703,9.948730
1493852614.872736,-0.708496,0.049805,-0.249512,20.202637,-19.042969,10.620117
1493852614.875288,-0.670898,0.056641,-0.175293,19.775391,-19.653320,11.047363
1493852614.877851,-0.681152,0.050781,-0.147461,19.165039,-20.812988,9.399414
1493852614.880483,-0.599609,0.062988,-0.216309,18.188477,-21.484375,7.934570
1493852614.883167,-0.616699,0.061523,-0.194336,19.287109,-21.179199,5.615234
1493852614.885849,-0.636719,0.058105,-0.144531,19.470215,-21.362305,2.319336
1493852614.888537,-0.603516,0.085938,-0.202637,19.104004,-21.362305,-0.122070
1493852614.891227,-0.555664,0.070801,-0.175293,17.822266,-21.057129,-3.784180
1493852614.893910,-0.607422,0.113770,-0.212891,15.258789,-18.981934,-6.286621
1493852614.896589,-0.570312,0.104980,-0.134277,14.099121,-17.822266,-8.544922
1493852614.899278,-0.576660,0.061523,-0.135254,11.291504,-15.991211,-9.582520
1493852614.901967,-0.588867,0.072754,-0.136230,11.413574,-14.099121,-11.352539
1493852614.904649,-0.601074,0.099609,-0.220703,8.850098,-12.817383,-13.122559
1493852614.907331,-0.632812,0.062988,-0.150879,8.666992,-11.535645,-14.953613
1493852614.910016,-0.669434,0.048828,-0.169434,7.385254,-9.399414,-16.174316
1493852614.912700,-0.631348,0.065918,-0.181641,9.033203,-10.375977,-15.869141
1493852614.915381,-0.668457,0.054199,-0.117188,11.108398,-10.681152,-15.502930
1493852614.918080,-0.664062,0.036621,-0.109375,12.145996,-10.253906,-15.502930
1493852614.920713,-0.670898,0.029297,-0.190430,12.817383,-11.169434,-14.831543
1493852614.923264,-0.693359,0.052734,-0.200684,14.770508,-11.657715,-13.854980
1493852614.925855,-0.714355,0.057617,-0.236816,17.700195,-13.183594,-13.488770
1493852614.928499,-0.714355,0.035156,-0.162598,17.761230,-15.380859,-13.061523
1493852614.931171,-0.678711,0.056641,-0.195312,17.822266,-17.944336,-13.000488
1493852614.933972,-0.660645,0.075195,-0.158691,19.042969,-19.653320,-13.061523
1493852614.936656,-0.621582,0.072754,-0.180664,19.165039,-20.874023,-13.244629
1493852614.939341,-0.682617,0.089844,-0.194336,21.789551,-22.216797,-13.610840
1493852614.942025,-0.651855,0.106445,-0.150391,20.263672,-23.010254,-15.380859
1493852614.944705,-0.636230,0.065430,-0.154785,17.517090,-22.766113,-16.723633
1493852614.947388,-0.670898,0.082031,-0.142578,19.409180,-23.071289,-18.310547
1493852614.950108,-0.632812,0.070801,-0.183105,20.446777,-23.742676,-20.324707
1493852614.952796,-0.648926,0.086914,-0.189453,18.676758,-22.766113,-21.545410
1493852614.955480,-0.662598,0.053711,-0.152344,16.723633,-22.155762,-23.010254
1493852614.958159,-0.597656,0.063965,-0.165527,18.493652,-20.568848,-24.230957
1493852614.960770,-0.744141,0.084961,-0.137695,17.517090,-20.874023,-26.489258
1493852614.963320,-0.638672,0.069824,-0.142090,13.366699,-21.911621,-28.747559
1493852614.965869,-0.654785,0.087891,-0.194336,11.779785,-20.568848,-30.700684
1493852614.968421,-0.645508,0.068359,-0.152832,13.000488,-19.714355,-31.433105
1493852614.970972,-0.733887,0.058594,-0.161621,12.023926,-19.531250,-32.592773
1493852614.973658,-0.659668,0.039551,-0.117188,10.559082,-18.859863,-33.264160
1493852614.976507,-0.640625,0.069824,-0.179688,8.789062,-18.371582,-34.790039
1493852614.979407,-0.680176,0.013672,-0.156738,11.413574,-18.310547,-34.606934
1493852614.982080,-0.682129,0.031738,-0.183105,12.207031,-17.272949,-34.851074
1493852614.984762,-0.674316,0.024902,-0.145020,13.488770,-18.005371,-35.156250
1493852614.987445,-0.651855,0.008789,-0.160645,12.512207,-18.493652,-35.705566
1493852614.990138,-0.621094,0.037109,-0.160645,12.817383,-18.432617,-37.353516
1493852614.992819,-0.676758,0.019043,-0.171387,13.000488,-18.249512,-37.780762
1493852614.995503,-0.642578,0.034180,-0.217773,15.136719,-18.066406,-38.208008
1493852614.998189,-0.659668,0.035156,-0.141113,14.953613,-18.615723,-37.963867
1493852615.000875,-0.698730,0.008789,-0.139648,16.296387,-20.385742,-36.254883
1493852615.003559,-0.674316,0.012207,-0.211914,18.371582,-21.240234,-34.118652
1493852615.006241,-0.692871,0.013184,-0.211914,18.127441,-22.888184,-31.616211
1493852615.008901,-0.657715,0.040527,-0.160156,20.080566,-25.451660,-30.578613
1493852615.011491,-0.638184,0.030273,-0.181152,19.958496,-26.123047,-31.494141
1493852615.014045,-0.680176,0.009277,-0.144043,19.409180,-26.306152,-34.301758
1493852615.016599,-0.628418,0.040527,-0.187988,21.728516,-25.146484,-35.644531
1493852615.019218,-0.634277,0.015625,-0.177734,22.949219,-23.925781,-37.048340
1493852615.021935,-0.633301,0.028809,-0.126465,24.108887,-21.728516,-37.841797
1493852615.024492,-0.677246,0.014648,-0.116699,22.033691,-20.751953,-37.597656
1493852615.027048,-0.662109,0.032715,-0.142578,24.230957,-20.141602,-37.658691
1493852615.029782,-0.693359,0.004395,-0.141113,22.888184,-18.310547,-39.550781
1493852615.032521,-0.662598,-0.005371,-0.144043,22.460938,-17.761230,-40.222168
1493852615.035077,-0.688965,0.005371,-0.075195,21.667480,-17.639160,-41.137695
1493852615.037629,-0.688477,-0.000488,-0.079590,21.484375,-17.456055,-41.870117
1493852615.040230,-0.698242,0.018555,-0.089355,21.789551,-17.211914,-41.870117
1493852615.042873,-0.728027,0.028320,0.011230,18.920898,-19.409180,-41.259766
1493852615.046155,-0.782227,0.016602,-0.066406,18.493652,-20.446777,-41.259766
1493852615.048864,-0.772461,0.042480,-0.054199,22.399902,-19.653320,-38.635254
1493852615.051569,-0.752930,0.022461,-0.146484,25.634766,-19.775391,-37.170410
1493852615.054679,-0.757812,0.034668,-0.068359,27.465820,-20.935059,-37.414551
1493852615.057793,-0.704102,0.026367,-0.081543,27.587891,-20.263672,-39.978027
1493852615.060410,-0.756836,0.028809,-0.002930,27.099609,-20.507812,-42.724609
1493852615.062961,-0.724121,0.060059,-0.033203,27.893066,-20.935059,-44.616699
1493852615.065512,-0.747559,0.048340,-0.123535,25.756836,-19.714355,-46.142578
1493852615.068079,-0.719238,0.064453,-0.031250,26.367188,-17.456055,-46.386719
1493852615.070717,-0.706055,0.069336,-0.068359,24.230957,-16.845703,-47.058105
1493852615.073529,-0.647949,0.066406,-0.013672,24.353027,-16.296387,-48.461914
1493852615.076213,-0.772461,0.085449,-0.076172,23.437500,-16.723633,-49.011230
1493852615.078871,-0.746094,0.075195,-0.077637,22.521973,-18.859863,-50.537109
1493852615.081460,-0.783203,0.086914,-0.080078,21.484375,-17.272949,-54.748535
1493852615.084012,-0.729980,0.090820,-0.054199,20.446777,-15.625000,-59.265137
1493852615.086560,-0.735840,0.064453,-0.043457,20.080566,-13.793945,-64.453125
1493852615.089127,-0.757324,0.083984,-0.019043,18.981934,-11.657715,-68.237305
1493852615.091695,-0.773438,0.048828,-0.046387,16.906738,-10.925293,-70.861816
1493852615.094249,-0.786133,0.069336,-0.097168,15.502930,-10.070801,-71.777344
1493852615.096805,-0.769531,0.044434,-0.051758,17.456055,-11.169434,-71.716309
1493852615.099405,-0.791504,0.091309,-0.101074,15.625000,-12.695312,-73.059082
1493852615.102008,-0.834473,0.069336,-0.004883,15.747070,-12.939453,-73.852539
1493852615.104561,-0.814453,0.088867,-0.095215,15.502930,-12.268066,-76.660156
1493852615.107112,-0.833008,0.078125,-0.040527,14.892578,-13.305664,-79.956055
1493852615.109726,-0.831543,0.080078,-0.205078,14.282227,-13.793945,-83.435059
1493852615.112343,-0.875488,0.078125,-0.016113,12.023926,-14.343262,-87.402344
1493852615.114897,-0.844727,0.090820,-0.224121,11.657715,-14.709473,-89.538574
1493852615.117450,-0.857422,0.095215,-0.216309,11.413574,-14.953613,-90.332031
1493852615.120109,-0.854980,0.108398,-0.099121,10.925293,-17.395020,-92.041016
1493852615.122792,-0.862793,0.087891,-0.086914,10.742188,-19.775391,-94.177246
1493852615.125475,-0.923340,0.079590,-0.084961,9.887695,-20.080566,-97.290039
1493852615.128162,-0.880859,0.113770,-0.168457,10.070801,-21.728516,-101.013184
1493852615.130853,-0.904297,0.110840,-0.117676,9.460449,-24.841309,-105.651855
1493852615.133570,-0.966309,0.119629,-0.121582,8.361816,-25.146484,-109.985352
1493852615.136221,-0.937012,0.123047,-0.179199,8.178711,-24.475098,-111.572266
1493852615.138883,-0.965820,0.128418,-0.130371,7.934570,-24.353027,-115.051270
1493852615.141591,-0.984375,0.116211,-0.117676,9.521484,-24.841309,-118.225098
1493852615.144331,-0.959961,0.114746,-0.126953,9.277344,-25.085449,-121.398926
1493852615.147093,-0.972168,0.120605,-0.214355,10.131836,-26.245117,-122.863770
1493852615.149734,-1.020508,0.116211,-0.178711,11.230469,-28.320312,-125.305176
1493852615.152304,-1.112793,0.143066,-0.188965,12.207031,-28.320312,-129.150391
1493852615.154856,-1.033203,0.119629,-0.116699,11.901855,-28.991699,-133.605957
1493852615.157406,-1.120605,0.154297,-0.135254,11.657715,-29.296875,-139.282227
1493852615.160021,-0.909668,0.151855,-0.145996,11.840820,-28.564453,-142.883301
1493852615.162707,-1.039062,0.188965,-0.218262,12.512207,-26.977539,-144.287109
1493852615.165392,-1.063965,0.189453,-0.219238,11.352539,-26.489258,-146.728516
1493852615.168080,-1.093262,0.200684,-0.242676,10.498047,-26.306152,-149.902344
1493852615.170772,-1.119141,0.206543,-0.242676,9.704590,-25.451660,-154.724121
1493852615.173454,-1.028809,0.187988,-0.323242,8.666992,-20.812988,-158.996582
1493852615.176135,-1.142090,0.177734,-0.302734,9.826660,-17.944336,-162.902832
1493852615.178788,-1.231934,0.150879,-0.214355,12.756348,-16.174316,-166.198730
1493852615.181376,-1.236816,0.155762,-0.305176,16.296387,-15.258789,-167.541504
1493852615.183928,-1.284668,0.151855,-0.278809,19.775391,-11.779785,-166.687012
1493852615.186479,-1.275879,0.168457,-0.296875,22.705078,-7.080078,-163.757324
1493852615.189115,-1.304199,0.179688,-0.324219,23.498535,-2.380371,-164.184570
1493852615.191751,-1.373535,0.234375,-0.310059,31.982422,-0.549316,-164.123535
1493852615.194301,-1.359375,0.328125,-0.423340,38.818359,-3.234863,-164.794922
1493852615.196851,-1.344727,0.433105,-0.390137,54.565430,-9.765625,-167.602539
1493852615.199483,-1.361328,0.527344,-0.464844,68.481445,-19.104004,-173.828125
1493852615.202118,-1.286133,0.589844,-0.472168,83.374023,-41.015625,-178.588867
1493852615.204671,-1.491699,0.716797,-0.482910,90.576172,-38.757324,-184.814453
1493852615.207224,-1.314453,0.769531,-0.464844,91.796875,-50.109863,-191.223145
1493852615.210001,-1.343262,0.775879,-0.343750,89.965820,-55.053711,-196.166992
1493852615.212738,-1.270508,0.803711,-0.371094,85.449219,-58.288574,-203.369141
1493852615.215422,-1.232910,0.821777,-0.323242,75.439453,-57.067871,-214.599609
1493852615.218109,-1.140625,0.795898,-0.244629,69.519043,-53.833008,-228.698730
1493852615.220796,-1.241699,0.794922,-0.305176,65.979004,-48.645020,-244.262695
1493852615.223476,-1.215820,0.730469,-0.321777,61.035156,-43.945312,-262.695312
1493852615.226160,-1.258301,0.671875,-0.145996,54.565430,-37.658691,-271.972656
1493852615.228851,-1.265137,0.583984,-0.132324,45.776367,-31.921387,-305.908203
1493852615.231524,-1.283203,0.551270,-0.155762,34.790039,-24.719238,-326.232910
1493852615.234504,-1.306152,0.439453,-0.119141,19.104004,-0.122070,-340.087891
1493852615.237507,-1.337402,0.246094,-0.025391,0.793457,-6.958008,-356.506348
1493852615.240199,-1.390137,-0.079102,0.008301,-13.427734,-2.258301,-369.262695
1493852615.242881,-1.382812,-0.172852,-0.124512,-24.414062,-2.624512,-375.244141
1493852615.245563,-1.410156,-0.291504,-0.086914,-17.272949,-10.131836,-375.427246
1493852615.248269,-1.422852,-0.321777,-0.205566,12.756348,-23.193359,-368.164062
1493852615.250974,-1.433105,-0.125977,-0.341797,59.326172,-41.687012,-356.628418
1493852615.253660,-1.490723,-0.134277,-0.480957,105.529785,-61.889648,-339.111328
1493852615.256344,-1.470703,0.002930,-0.511719,137.451172,-84.533691,-317.504883
1493852615.259053,-1.453125,0.166504,-0.661133,149.536133,-107.177734,-293.701172
1493852615.261759,-1.448242,0.290527,-0.637207,141.418457,-129.638672,-269.470215
1493852615.264441,-1.402344,0.338867,-0.602051,118.713379,-149.169922,-251.037598
1493852615.267128,-1.294434,0.292969,-0.669922,88.989258,-154.418945,-244.323730
1493852615.269754,-1.251465,0.158691,-0.536133,59.692383,-142.456055,-262.207031
1493852615.272313,-1.097168,0.097656,-0.676758,40.466309,-119.567871,-259.521484
1493852615.274865,-1.071777,-0.002930,-0.554199,37.658691,-95.642090,-278.747559
1493852615.277417,-0.940430,0.001465,-0.607910,40.527344,-78.552246,-299.499512
1493852615.279991,-0.879883,0.056152,-0.503906,47.424316,-70.312500,-316.345215
1493852615.282564,-0.884277,0.117188,-0.596191,54.016113,-68.237305,-324.768066
1493852615.285118,-0.869141,0.248535,-0.573242,52.917480,-67.321777,-323.974609
1493852615.287668,-0.834961,0.353516,-0.429688,47.912598,-69.396973,-314.147949
1493852615.290455,-0.862793,0.425781,-0.375000,40.466309,-70.251465,-297.302246
1493852615.293140,-0.833496,0.518066,-0.454590,37.353516,-67.687988,-275.329590
1493852615.295823,-0.780762,0.600098,-0.437012,38.513184,-58.105469,-252.624512
1493852615.298492,-0.761719,0.642090,-0.410645,43.701172,-42.114258,-230.895996
1493852615.301095,-0.648438,0.692383,-0.483398,47.790527,-25.024414,-206.909180
1493852615.303647,-0.585449,0.706543,-0.275879,50.659180,-9.582520,-207.458496
1493852615.306195,-0.497559,0.720703,-0.287109,54.565430,3.295898,-196.655273
1493852615.308783,-0.409668,0.716309,-0.274902,74.096680,14.343262,-189.331055
1493852615.311442,-0.324219,0.737793,-0.380371,87.524414,25.268555,-181.945801
1493852615.314129,-0.214355,0.632812,-0.410156,95.397949,34.729004,-176.391602
1493852615.316818,-0.188965,0.402344,-0.236816,119.506836,39.611816,-174.133301
1493852615.319593,-0.121094,0.111816,-0.228516,128.295898,37.475586,-177.246094
1493852615.322347,-0.065918,-0.235352,-0.186523,121.643066,32.653809,-186.401367
1493852615.325185,-0.034668,-0.455078,-0.041504,114.807129,33.691406,-198.547363
1493852615.328071,-0.104492,-0.602051,0.118164,129.272461,40.222168,-210.998535
1493852615.330781,-0.080078,-0.638184,-0.006836,145.874023,52.368164,-222.412109
1493852615.333474,-0.110352,-0.604492,0.284668,167.968750,74.096680,-226.989746
1493852615.336163,-0.234375,-0.551758,0.102539,162.414551,84.350586,-215.332031
1493852615.339053,-0.276855,-0.327637,-0.236328,133.239746,73.486328,-144.287109
1493852615.341938,-0.320801,-0.034668,-0.552246,52.917480,32.409668,-53.588867
1493852615.344623,-0.389648,-0.108398,-0.354004,-51.940918,-29.052734,39.672852
1493852615.347436,-0.162598,-0.168457,0.069336,-119.506836,-75.317383,106.506348
1493852615.350071,-0.233887,-0.203125,0.186523,-121.887207,-105.651855,131.652832
1493852615.353106,-0.254883,-0.171387,0.153809,-83.557129,-112.609863,173.278809
1493852615.355668,-0.351074,-0.046387,0.061523,-47.302246,-105.529785,179.748535
1493852615.358227,-0.328613,0.104004,-0.028320,-33.203125,-90.759277,189.392090
1493852615.360787,-0.298828,0.263184,0.020508,-37.109375,-74.707031,201.110840
1493852615.363340,-0.311035,0.405762,0.021973,-40.405273,-57.800293,217.346191
1493852615.365889,-0.313965,0.582031,-0.051758,-44.616699,-39.123535,234.497070
1493852615.368443,-0.246094,0.717773,-0.066406,-40.344238,-30.212402,250.854492
1493852615.370996,-0.155762,0.835449,-0.168457,-32.775879,-14.038086,261.352539
1493852615.373549,-0.110840,0.900391,-0.168945,-29.357910,-2.929688,262.451172
1493852615.376100,0.002441,0.976562,-0.220215,-32.653809,1.831055,257.568359
1493852615.378864,0.038086,0.992188,-0.143066,-41.748047,3.784180,229.248047
1493852615.381703,0.089844,0.984863,-0.233398,-53.405762,2.624512,201.599121
1493852615.384386,0.156738,0.950684,-0.054199,-60.180664,4.821777,168.579102
1493852615.387066,0.154785,0.909668,-0.173828,-62.988281,10.314941,135.253906
1493852615.389707,0.156738,0.828125,-0.103027,-62.133789,18.249512,103.820801
1493852615.392504,0.051758,0.769531,-0.106445,-60.852051,28.076172,85.327148
1493852615.395284,0.075684,0.635742,-0.216309,-62.866211,40.344238,64.147949
1493852615.397839,-0.010742,0.535156,-0.047852,-67.077637,50.476074,93.505859
1493852615.400397,-0.083496,0.438965,-0.181152,-74.279785,55.786133,83.862305
1493852615.402954,-0.176758,0.367188,-0.222168,-75.866699,56.091309,92.346191
1493852615.405504,-0.215820,0.293945,-0.031250,-76.660156,54.687500,98.937988
1493852615.408070,-0.241699,0.230469,-0.130371,-75.439453,50.354004,102.905273
1493852615.410707,-0.340820,0.177246,-0.118652,-71.838379,32.958984,106.201172
1493852615.413395,-0.330566,0.185547,-0.130859,-66.589355,42.785645,109.985352
1493852615.416079,-0.344727,0.243652,-0.078613,-60.668945,39.245605,116.455078
1493852615.418766,-0.289551,0.121582,-0.099121,-58.288574,37.475586,126.892090
1493852615.421454,-0.328613,0.102051,-0.021484,-54.626465,34.484863,140.319824
1493852615.424137,-0.256836,0.112793,-0.149902,-53.955078,32.958984,154.052734
1493852615.426821,-0.234375,0.070312,-0.050293,-53.466797,31.677246,165.649414
1493852615.429613,-0.202637,0.099609,-0.148438,-53.222656,30.456543,173.217773
1493852615.432335,-0.170410,0.108398,-0.183105,-50.781250,29.785156,179.199219
1493852615.434890,-0.171387,0.128906,-0.076172,-51.879883,30.578613,183.471680
1493852615.437442,-0.144531,0.101562,-0.009277,-52.673340,31.188965,201.293945
1493852615.440103,-0.176758,0.116211,-0.053711,-53.283691,32.043457,191.711426
1493852615.442789,-0.187988,0.097168,-0.086914,-51.696777,33.325195,199.279785
1493852615.445473,-0.163574,0.135254,-0.077148,-52.795410,34.973145,206.115723
1493852615.448180,-0.229492,0.244629,-0.031738,-52.612305,36.926270,212.219238
1493852615.450823,-0.285156,0.143066,-0.104004,-50.598145,38.513184,217.773438
1493852615.453377,-0.280762,0.127930,-0.080566,-47.973633,39.978027,223.510742
1493852615.455926,-0.311035,0.147461,-0.156738,-45.349121,41.809082,229.431152
1493852615.458500,-0.313965,0.156738,-0.088867,-42.175293,43.640137,235.351562
1493852615.461074,-0.311035,0.179688,-0.093750,-39.794922,44.372559,240.234375
1493852615.463625,-0.372070,0.183105,-0.103516,-36.193848,46.447754,244.689941
1493852615.466174,-0.328125,0.210938,-0.046387,-33.630371,47.729492,263.671875
1493852615.468739,-0.357422,0.183105,-0.102051,-28.808594,49.194336,252.807617
1493852615.471309,-0.360352,0.186523,-0.207520,-26.977539,49.072266,256.896973
1493852615.473860,-0.352539,0.216797,-0.040527,-23.437500,50.781250,260.253906
1493852615.476412,-0.366699,0.193359,-0.004883,-21.484375,51.269531,264.465332
1493852615.478971,-0.356445,0.200684,-0.190430,-20.812988,51.940918,268.432617
1493852615.481524,-0.380859,0.202637,-0.111328,-20.324707,52.246094,271.057129
1493852615.484191,-0.437012,0.227051,-0.119141,-17.150879,51.818848,273.986816
1493852615.486741,-0.402344,0.259766,-0.144043,-15.625000,51.147461,277.160645
1493852615.489367,-0.426758,0.249512,-0.050293,-15.869141,51.879883,280.639648
1493852615.491998,-0.464844,0.271484,-0.171875,-14.038086,51.879883,281.860352
1493852615.494552,-0.462891,0.281738,-0.097656,-13.366699,52.368164,284.301758
1493852615.497100,-0.524414,0.271484,-0.100586,-13.244629,53.039551,286.437988
1493852615.499730,-0.486816,0.287598,-0.169922,-12.817383,55.053711,287.658691
1493852615.502360,-0.548340,0.261230,-0.043457,-11.352539,56.152344,288.940430
1493852615.504913,-0.550293,0.278809,-0.154785,-10.986328,58.227539,290.161133
1493852615.507466,-0.544922,0.256836,-0.067871,-9.643555,59.143066,291.625977
1493852615.510118,-0.574219,0.271484,-0.099121,-11.352539,59.753418,293.395996
1493852615.512804,-0.567383,0.291504,-0.159668,-10.131836,61.828613,295.959473
1493852615.515491,-0.611328,0.267090,-0.192871,-10.009766,62.316895,298.461914
1493852615.518179,-0.606934,0.283691,-0.100586,-9.155273,63.537598,301.574707
1493852615.520867,-0.609375,0.270996,-0.103516,-8.850098,65.856934,304.992676
1493852615.523550,-0.531250,0.273926,-0.091309,-8.422852,67.199707,307.739258
1493852615.526230,-0.662598,0.288574,-0.106934,-7.568359,69.274902,310.180664
1493852615.528920,-0.674316,0.289551,-0.094238,-7.385254,71.838379,311.340332
1493852615.531608,-0.707031,0.291016,-0.202637,-9.216309,74.829102,312.805176
1493852615.534290,-0.721191,0.268066,-0.047852,-9.948730,76.416016,314.392090
1493852615.536973,-0.860352,0.263672,-0.147461,-11.108398,78.491211,316.223145
1493852615.539626,-0.775391,0.277832,-0.067383,-11.108398,79.650879,318.054199
1493852615.542212,-0.800293,0.279297,-0.095703,-10.192871,80.261230,320.373535
1493852615.544804,-0.848633,0.298340,-0.162598,-10.925293,80.444336,322.692871
1493852615.547392,-0.888184,0.291992,-0.073730,-10.681152,81.237793,325.500488
1493852615.550005,-0.898438,0.325684,-0.113770,-8.300781,80.505371,328.430176
1493852615.552691,-0.946777,0.337402,-0.044922,-8.361816,81.359863,330.627441
1493852615.555427,-1.002441,0.331055,-0.187012,-9.094238,81.787109,331.909180
1493852615.558248,-1.018555,0.354980,-0.122559,-9.033203,85.693359,330.444336
1493852615.561033,-1.068848,0.384277,-0.136230,-12.390137,88.378906,328.002930
1493852615.563728,-1.119141,0.375488,-0.153809,-13.732910,90.698242,325.134277
1493852615.566414,-1.200684,0.365234,-0.174805,-13.793945,92.346191,324.035645
1493852615.569099,-1.334961,0.379883,-0.207520,-16.662598,92.224121,323.669434
1493852615.571790,-1.282715,0.377930,-0.168457,-18.249512,89.965820,323.181152
1493852615.574474,-1.351074,0.381836,-0.241211,-17.272949,87.341309,321.838379
1493852615.577158,-1.411133,0.384277,-0.230469,-15.930176,87.585449,318.603516
1493852615.579871,-1.499512,0.359375,-0.272949,-15.747070,91.003418,314.636230
1493852615.582587,-1.549805,0.301270,-0.174805,-17.150879,97.534180,310.119629
1493852615.585275,-1.547852,0.255859,-0.255859,-20.935059,104.553223,305.725098
1493852615.587965,-1.611816,0.183105,-0.298340,-28.869629,123.352051,300.964355
1493852615.590585,-1.720703,0.040527,-0.298340,-36.621094,114.624023,297.119141
1493852615.593142,-1.690918,-0.036133,-0.363770,-44.616699,118.469238,294.677734
1493852615.595695,-1.783691,-0.131836,-0.294434,-53.894043,119.567871,294.433594
1493852615.598250,-1.851562,-0.208008,-0.341797,-58.654785,118.041992,294.921875
1493852615.600803,-1.837891,-0.263184,-0.343262,-64.270020,116.149902,298.400879
1493852615.603351,-1.901855,-0.330566,-0.260254,-70.251465,114.746094,304.077148
1493852615.605898,-1.904297,-0.362793,-0.322754,-72.387695,113.525391,311.279297
1493852615.608449,-1.895508,-0.397949,-0.330078,-75.866699,113.220215,320.190430
1493852615.611002,-1.919922,-0.406250,-0.319824,-80.749512,111.999512,330.200195
1493852615.613552,-1.876953,-0.417969,-0.275391,-86.669922,109.313965,340.515137
1493852615.616102,-1.916992,-0.459961,-0.163574,-89.355469,105.651855,344.970703
1493852615.618822,-1.877930,-0.459961,-0.287109,-91.552734,102.783203,355.346680
1493852615.621430,-1.844727,-0.447266,-0.236328,-91.491699,102.844238,355.834961
1493852615.623985,-1.835938,-0.458496,-0.204590,-91.125488,104.125977,353.088379
1493852615.626540,-1.818848,-0.433105,-0.300781,-91.918945,106.018066,343.811035
1493852615.629191,-1.806641,-0.450195,-0.242188,-90.759277,104.248047,330.444336
1493852615.631917,-1.776855,-0.519531,-0.277832,-89.782715,103.149414,317.138672
1493852615.634602,-1.739258,-0.595703,-0.291504,-90.820312,103.576660,305.114746
1493852615.637285,-1.791016,-0.644043,-0.132324,-89.904785,104.614258,293.151855
1493852615.639975,-1.789551,-0.567871,-0.347168,-109.252930,100.708008,280.700684
1493852615.642708,-1.832031,-0.665039,-0.342773,-107.055664,92.712402,259.582520
1493852615.645371,-1.748535,-0.966309,0.005371,-98.388672,101.989746,230.468750
1493852615.648007,-1.636719,-1.098633,-0.087891,-84.167480,124.328613,204.589844
1493852615.650642,-1.520508,-1.225098,-0.173340,-82.458496,136.596680,188.171387
1493852615.653199,-1.466797,-1.264160,0.081543,-86.608887,127.197266,178.894043
1493852615.655862,-1.424805,-1.384277,-0.154297,-94.421387,125.183105,172.485352
1493852615.658530,-1.478027,-1.515625,-0.071777,-99.060059,115.173340,164.978027
1493852615.661173,-1.532227,-1.625000,-0.087402,-103.515625,103.332520,158.020020
1493852615.663821,-1.698242,-1.755371,-0.050293,-104.919434,95.642090,155.151367
1493852615.666471,-1.638184,-1.998047,0.019531,-99.975586,92.102051,151.123047
1493852615.669137,-1.658691,-2.012695,-0.034668,-90.942383,90.026855,152.709961
1493852615.671825,-1.617188,-2.193848,0.081543,-77.087402,84.838867,161.132812
1493852615.674515,-1.429199,-2.285645,0.167480,-61.035156,76.049805,174.011230
1493852615.677203,-1.133301,-2.314453,0.189941,-44.677734,65.063477,178.344727
1493852615.679893,-1.078125,-2.269043,0.190918,-30.761719,54.321289,166.198730
1493852615.682586,-0.872070,-2.203125,0.302734,-18.371582,43.395996,140.808105
1493852615.685272,-0.788574,-2.042969,0.313965,-8.789062,33.325195,106.262207
1493852615.687959,-0.828125,-1.785156,0.181152,-9.216309,23.254395,68.237305
1493852615.690574,-1.072266,-1.470215,-0.087402,-30.761719,6.591797,26.000977
1493852615.693120,-1.369629,-1.356445,0.018555,-45.043945,-6.835938,-26.000977
1493852615.695667,-1.224121,-1.253906,0.272461,-36.499023,-7.202148,-77.026367
1493852615.698263,-1.107422,-1.015625,-0.126953,-45.959473,1.159668,-132.934570
1493852615.700862,-0.818848,-0.755859,-0.068359,-46.142578,30.090332,-214.782715
1493852615.703420,-0.873047,-1.318848,0.300781,-43.701172,43.273926,-284.240723
1493852615.705970,-0.938477,-1.791992,0.075195,-20.874023,28.747559,-294.494629
1493852615.708616,-1.098633,-1.754883,-0.075195,13.610840,12.207031,-268.310547
1493852615.711331,-1.264160,-1.693848,-0.093750,17.272949,2.441406,-271.057129
1493852615.714013,-1.188965,-1.598633,-0.210938,19.348145,10.864258,-266.906738
1493852615.716701,-1.171875,-1.463867,0.120605,54.382324,25.085449,-256.225586
1493852615.719394,-1.313965,-1.065918,0.180176,100.891113,34.912109,-220.275879
1493852615.722086,-1.440430,-0.393555,0.040039,134.704590,52.001953,-165.771484
1493852615.724774,-1.612793,0.434082,0.049805,160.888672,72.082520,-105.041504
1493852615.727456,-1.958496,1.268066,-0.070801,173.461914,75.622559,-36.010742
1493852615.730152,-2.425293,2.025879,-0.135254,211.425781,77.880859,30.639648
1493852615.732839,-2.164551,1.904297,-0.482422,227.050781,85.449219,80.749512
1493852615.735523,-1.683594,1.612305,-0.819824,167.480469,43.457031,72.875977
1493852615.738208,-0.948730,1.156250,-0.902344,124.877930,-29.968262,9.704590
1493852615.740896,-0.306641,1.000488,-0.797363,69.702148,-120.239258,-84.167480
1493852615.743582,0.004395,0.711914,-0.513184,52.124023,-205.383301,-190.490723
1493852615.746270,0.063965,0.408691,-0.144043,57.067871,-264.465332,-304.443359
1493852615.748930,-0.055664,0.111328,0.094727,79.345703,-283.081055,-412.353516
1493852615.751570,-0.319336,-0.136719,0.443848,93.688965,-265.991211,-499.816895
1493852615.754171,-0.310059,-0.481445,0.562500,87.768555,-214.294434,-550.292969
1493852615.756855,-0.462891,-0.538574,0.568848,77.148438,-183.105469,-557.617188
1493852615.759464,-0.700684,-0.652832,0.382812,66.894531,-101.440430,-528.991699
1493852615.762125,-0.939453,-0.711426,0.001465,55.419922,-18.310547,-474.853516
1493852615.765481,-1.183594,-0.719727,-0.190430,35.705566,54.870605,-371.643066
1493852615.769031,-1.526367,-0.612793,-0.480957,35.217285,53.039551,-311.462402
1493852615.771902,-1.591309,-0.473633,-0.569824,43.518066,-8.605957,-261.718750
1493852615.774601,-1.478516,-0.337402,-0.516113,52.551270,-56.579590,-216.125488
1493852615.777288,-1.279297,-0.196289,-0.348633,53.833008,-85.754395,-175.903320
1493852615.779983,-1.075684,-0.085449,-0.316406,53.588867,-102.172852,-143.615723
1493852615.782673,-0.778809,0.039551,-0.385254,56.274414,-115.417480,-116.210938
1493852615.785358,-0.424805,0.087402,-0.339844,66.040039,-109.130859,-94.787598
1493852615.788058,-0.276855,0.174805,-0.563965,66.284180,-93.078613,-81.420898
1493852615.790685,-0.262695,0.214844,-0.664062,56.274414,-71.350098,-82.763672
1493852615.793235,-0.260254,0.136719,-0.687500,32.836914,-55.786133,-104.492188
1493852615.795788,-0.286133,0.301270,-0.751465,-10.070801,-45.593262,-115.722656
1493852615.798348,-0.321777,0.261719,-0.584961,-53.100586,-47.729492,-158.264160
1493852615.800917,-0.440918,0.229980,-0.508301,-88.623047,-59.326172,-193.969727
1493852615.803942,-0.494141,0.113770,-0.285156,-98.693848,-80.017090,-208.312988
1493852615.807059,-0.648438,-0.239258,-0.031738,-122.192383,-98.266602,-208.374023
1493852615.809646,-0.640137,-0.396484,0.042480,-128.173828,-114.074707,-207.946777
1493852615.812227,-0.770996,-0.517578,0.178223,-128.540039,-120.239258,-195.556641
1493852615.814777,-0.804199,-0.678223,0.167480,-115.600586,-113.342285,-174.072266
1493852615.817328,-0.792969,-0.648926,0.157715,-106.994629,-98.937988,-151.428223
1493852615.819954,-0.797852,-0.643066,0.029297,-89.965820,-80.871582,-119.506836
1493852615.822587,-0.862793,-0.578125,-0.041016,-70.129395,-66.101074,-84.289551
1493852615.825146,-0.759277,-0.453125,-0.146484,-55.908203,-60.241699,-51.940918
1493852615.827693,-0.804688,-0.331543,-0.146484,-45.043945,-55.358887,-24.658203
1493852615.830473,-0.808594,-0.231934,-0.086914,-39.916992,-56.457520,-6.225586
1493852615.833149,-0.796875,-0.085449,-0.246582,-35.705566,-64.086914,4.821777
1493852615.835825,-0.726074,-0.026367,-0.132812,-36.560059,-73.730469,8.056641
1493852615.838573,-0.697754,0.024902,0.069824,-34.912109,-81.298828,5.798340
1493852615.841256,-0.643066,0.062500,0.059570,-27.221680,-85.815430,1.342773
1493852615.843814,-0.531250,0.065918,0.088379,-15.075684,-79.406738,-0.976562
1493852615.846366,-0.510742,0.134277,-0.014648,-6.958008,-65.063477,-5.676270
1493852615.848967,-0.473633,0.169922,-0.090820,-7.202148,-48.217773,-10.986328
1493852615.851572,-0.501465,0.168457,-0.021484,-14.221191,-30.944824,-16.479492
1493852615.854117,-0.509277,0.158203,-0.039062,-19.836426,-12.512207,-23.681641
1493852615.856669,-0.492676,0.137695,-0.044922,-18.371582,-12.329102,-30.822754
1493852615.859368,-0.578125,0.025391,-0.043945,-26.733398,-9.460449,-37.658691
1493852615.862065,-0.606934,0.136230,-0.062988,-27.221680,-6.469727,-44.555664
1493852615.864792,-0.659668,0.080078,-0.042480,-22.888184,-1.403809,-48.889160
1493852615.867522,-0.686523,0.054199,-0.050781,-21.118164,2.258301,-49.743652
1493852615.870223,-0.702637,0.011230,-0.033203,-19.226074,5.432129,-48.583984
1493852615.872913,-0.724609,0.019043,-0.233887,-20.629883,6.530762,-44.311523
1493852615.875597,-0.739746,0.009277,-0.128906,-21.484375,6.042480,-39.184570
1493852615.878289,-0.702148,0.011230,-0.140625,-24.536133,3.906250,-34.973145
1493852615.880982,-0.684570,0.022949,-0.107422,-26.916504,2.380371,-31.677246
1493852615.883669,-0.691406,0.048828,-0.002930,-25.451660,-15.625000,-31.311035
1493852615.886358,-0.713379,0.031738,-0.118652,-23.315430,-0.915527,-31.188965
1493852615.889029,-0.657715,0.041016,-0.113770,-21.789551,-2.380371,-32.592773
1493852615.891631,-0.670410,0.015137,-0.072266,-20.751953,-1.037598,-34.545898
1493852615.894330,-0.659668,-0.018555,-0.177246,-18.127441,1.037598,-34.179688
1493852615.896883,-0.621094,0.122559,-0.072266,-15.991211,2.746582,-33.691406
1493852615.899462,-0.650391,-0.014160,-0.128906,-15.136719,4.272461,-31.311035
1493852615.902039,-0.634766,-0.010742,-0.190430,-14.404297,3.662109,-27.099609
1493852615.904593,-0.681152,-0.003418,-0.132812,-13.671875,2.319336,-23.498535
1493852615.907150,-0.673340,-0.005371,-0.139648,-13.732910,-0.122070,-19.897461
1493852615.909760,-0.640137,-0.041992,-0.111328,-10.620117,0.427246,-17.883301
1493852615.912371,-0.697754,-0.007324,-0.159668,-8.850098,0.305176,-15.625000
1493852615.914921,-0.681152,0.118652,-0.127930,-7.324219,0.854492,-14.343262
1493852615.917466,-0.686523,-0.025879,-0.125488,-5.126953,2.136230,-12.390137
1493852615.920209,-0.675293,0.005859,-0.055664,-2.075195,3.601074,-9.765625
1493852615.922887,-0.721191,0.009277,-0.212402,-0.122070,3.295898,-7.690430
1493852615.925565,-0.692871,0.002930,-0.120605,1.708984,2.380371,-6.286621
1493852615.928265,-0.667480,0.040527,-0.122559,3.845215,-0.061035,-4.394531
1493852615.930961,-0.688477,0.032715,-0.091797,5.004883,-3.112793,-2.502441
1493852615.933637,-0.666992,0.017090,-0.021484,6.774902,-5.249023,14.953613
1493852615.936314,-0.652832,0.039551,-0.080566,9.765625,-6.164551,1.037598
1493852615.938960,-0.685547,0.025391,-0.072754,11.596680,-5.920410,2.197266
1493852615.941577,-0.689941,0.029297,-0.121582,13.977051,-6.103516,4.150391
1493852615.944160,-0.668945,0.042480,-0.123535,30.700684,-3.906250,5.004883
1493852615.946710,-0.682129,0.038574,-0.029297,15.380859,-3.295898,5.737305
1493852615.949406,-0.670410,0.056641,-0.158203,15.747070,-2.746582,5.004883
1493852615.952164,-0.710449,0.050781,-0.007812,15.625000,-3.479004,5.371094
1493852615.954770,-0.696289,0.046387,-0.109863,17.883301,-4.760742,4.455566
1493852615.957321,-0.680176,0.022461,-0.038574,20.324707,-5.615234,2.929688
1493852615.959878,-0.675293,0.062500,-0.196777,19.958496,-6.042480,1.708984
1493852615.962432,-0.702637,0.051758,-0.097168,18.432617,-6.286621,1.159668
1493852615.964977,-0.683105,0.050293,-0.242188,19.104004,-6.042480,0.976562
1493852615.967522,-0.672363,0.080078,-0.142090,19.165039,-5.737305,0.183105
1493852615.970235,-0.649902,0.038086,-0.123535,16.357422,-4.638672,-0.915527
1493852615.972878,-0.672852,0.058594,-0.228027,15.563965,-3.662109,-1.953125
1493852615.975982,-0.650391,0.052734,-0.164062,15.441895,-3.173828,-3.051758
1493852615.978678,-0.666504,0.038086,-0.136719,15.869141,-4.760742,-2.868652
1493852615.981369,-0.626953,0.041016,-0.175293,18.249512,-6.408691,-3.784180
1493852615.984053,-0.638184,0.116699,-0.130859,18.066406,-7.934570,-2.258301
1493852615.986732,-0.668945,0.020508,-0.163574,21.057129,-10.009766,14.953613
1493852615.989376,-0.641113,0.036133,-0.217773,24.780273,-10.620117,1.892090
1493852615.991948,-0.661621,0.024902,-0.196777,25.451660,-10.864258,3.234863
1493852615.994499,-0.706543,0.040527,-0.202637,26.550293,-11.657715,4.211426
1493852615.997055,-0.637695,0.052246,-0.152344,25.878906,-12.573242,3.295898
1493852615.999685,-0.648926,0.048340,-0.109863,27.648926,-12.573242,2.807617
1493852616.002387,-0.650391,0.058594,-0.143066,29.663086,-12.084961,2.258301
1493852616.005073,-0.666992,0.042480,-0.164062,30.700684,-13.366699,1.770020
1493852616.007764,-0.621582,0.055664,-0.161621,30.456543,-13.366699,0.183105
1493852616.010383,-0.626465,0.063965,-0.208496,29.785156,-13.916016,-1.159668
1493852616.012931,-0.627930,0.082520,-0.149902,27.770996,-14.404297,-1.892090
1493852616.015481,-0.669434,0.081543,-0.136719,26.794434,-14.282227,-1.892090
1493852616.018056,-0.609863,0.072754,-0.070312,26.000977,-14.099121,-3.540039
1493852616.020632,-0.613281,0.073730,-0.035645,25.939941,-13.916016,-4.516602
1493852616.023185,-0.590820,0.098633,-0.171387,25.878906,-14.038086,-6.286621
1493852616.025737,-0.632812,0.060547,-0.097656,20.935059,-13.854980,-8.972168
1493852616.028361,-0.648438,0.055664,-0.201172,19.042969,-13.244629,-11.474609
1493852616.030993,-0.644043,0.062988,-0.242188,19.592285,-13.000488,-12.084961
1493852616.033668,-0.652832,0.067871,-0.187988,19.042969,-12.451172,-13.977051
1493852616.036216,-0.616699,0.066406,-0.155762,19.226074,-12.634277,-14.648438
1493852616.038800,-0.668945,0.062500,-0.118652,16.906738,-13.854980,-15.075684
1493852616.041451,-0.642578,0.059570,-0.187012,18.127441,-16.052246,-15.380859
1493852616.044139,-0.657715,0.050781,-0.151855,18.066406,-17.211914,-0.183105
1493852616.046762,-0.680176,0.054688,-0.191406,18.554688,-18.066406,-15.502930
1493852616.049426,-0.668457,0.032715,-0.148926,19.592285,-19.531250,-14.587402
1493852616.052139,-0.669434,0.026367,-0.216797,20.080566,-19.104004,-14.770508
1493852616.054888,-0.672852,0.034180,-0.137695,21.362305,-19.226074,-14.160156
1493852616.057681,-0.668945,0.046875,-0.103027,22.338867,-19.836426,-13.549805
1493852616.060389,-0.642578,0.045898,-0.233887,21.667480,-20.263672,-13.671875
1493852616.063073,-0.686523,0.043945,-0.104004,21.850586,-20.202637,-14.038086
1493852616.065758,-0.658203,0.051758,-0.128906,21.789551,-21.545410,-14.709473
1493852616.068466,-0.677246,0.048828,-0.107422,24.353027,-23.193359,-14.404297
1493852616.071175,-0.678223,0.069824,-0.183594,23.559570,-23.620605,-13.977051
1493852616.073855,-0.666992,0.041504,-0.134766,22.949219,-24.475098,-14.038086
1493852616.076533,-0.642578,0.062500,-0.117188,24.841309,-24.230957,-13.244629
1493852616.079175,-0.679199,0.068359,-0.113770,24.475098,-24.658203,-12.695312
1493852616.081752,-0.684570,0.075195,-0.171875,23.315430,-26.733398,-13.000488
1493852616.084304,-0.682129,0.073730,-0.137695,19.653320,-27.893066,-15.319824
1493852616.086856,-0.641113,0.076172,-0.123535,20.751953,-27.893066,-16.418457
1493852616.089445,-0.677246,0.029297,-0.091309,21.911621,-27.282715,-16.479492
1493852616.092036,-0.673340,0.017578,-0.101074,22.949219,-27.160645,-16.052246
1493852616.094594,-0.683594,0.060059,-0.156738,24.597168,-27.221680,-16.845703
1493852616.097148,-0.678711,0.099121,-0.113281,21.057129,-27.099609,-18.981934
1493852616.099727,-0.629883,0.086914,-0.119629,18.859863,-27.648926,-22.399902
1493852616.102304,-0.543945,0.089355,-0.093750,1.953125,-27.404785,-27.526855
1493852616.104856,-0.674805,0.085938,-0.087891,13.122559,-27.160645,-30.822754
1493852616.107409,-0.643066,0.093262,-0.148926,10.742188,-25.939941,-32.775879
1493852616.110042,-0.669434,0.099121,-0.085449,13.366699,-22.155762,-32.165527
1493852616.112741,-0.714355,0.073730,-0.145020,14.465332,-19.836426,-28.686523
1493852616.115419,-0.702148,0.052734,-0.190430,15.075684,-20.385742,-26.306152
1493852616.118097,-0.660645,0.039062,-0.113281,13.610840,-21.972656,-26.794434
1493852616.120705,-0.625000,0.048340,-0.098633,11.962891,-22.521973,-30.883789
1493852616.123255,-0.691406,0.048828,-0.059570,13.183594,-22.888184,-33.081055
1493852616.125811,-0.685547,0.038574,-0.089844,12.634277,-21.606445,-36.499023
1493852616.128389,-0.715820,0.036621,-0.104004,14.831543,-19.714355,-36.499023
1493852616.131039,-0.693359,0.027344,-0.024902,13.854980,-18.066406,-35.156250
1493852616.133721,-0.694336,0.050293,-0.148926,13.305664,-17.700195,-33.874512
1493852616.136402,-0.699219,0.052734,-0.046875,13.000488,-17.578125,-33.935547
1493852616.139090,-0.688965,0.033203,-0.067871,14.038086,-18.981934,-33.874512
1493852616.141781,-0.706055,0.020508,-0.119629,13.610840,-18.493652,-36.132812
1493852616.144467,-0.713867,0.037109,-0.146484,13.000488,-18.371582,-37.475586
1493852616.147151,-0.721680,0.041504,-0.049805,14.831543,-18.127441,-37.902832
1493852616.149859,-0.711914,0.025391,-0.126465,14.648438,-17.272949,-38.330078
1493852616.152565,-0.673340,0.029297,-0.078125,14.343262,-17.089844,-38.757324
1493852616.155248,-0.688965,0.025391,-0.080566,16.357422,-16.113281,-39.428711
1493852616.157975,-0.672852,0.013672,-0.078125,17.089844,-14.221191,-41.259766
1493852616.160707,-0.664062,0.038574,-0.128906,16.845703,-13.244629,-43.579102
1493852616.163394,-0.677246,0.028809,-0.065430,16.662598,-11.657715,-45.166016
1493852616.166154,-0.693359,0.018555,-0.047852,18.127441,-11.901855,-45.715332
1493852616.169167,-0.723633,0.026855,-0.134277,16.357422,-12.695312,-45.104980
1493852616.172199,-0.738281,0.019043,-0.078125,17.456055,-13.183594,-44.311523
1493852616.174757,-0.682129,0.034668,-0.102051,17.822266,-14.648438,-43.212891
1493852616.177312,-0.749512,0.044434,-0.138184,18.371582,-14.953613,-42.236328
1493852616.179931,-0.729492,0.039551,-0.077637,18.310547,-15.502930,-42.541504
1493852616.182619,-0.769531,0.044434,-0.168457,18.310547,-14.282227,-43.579102
1493852616.185304,-0.724121,0.055664,-0.012695,18.554688,-14.953613,-44.128418
1493852616.187993,-0.769043,0.046875,-0.123535,20.324707,-16.418457,-44.677734
1493852616.190686,-0.793945,0.046387,-0.080566,21.301270,-18.188477,-45.776367
1493852616.193377,-0.776855,0.058105,-0.104004,20.507812,-19.226074,-47.424316
1493852616.196060,-0.733398,0.070801,-0.040527,20.202637,-20.202637,-48.522949
1493852616.198728,-0.747559,0.048828,-0.103027,20.751953,-20.202637,-48.950195
1493852616.201327,-0.766602,0.054199,-0.024902,22.705078,-20.385742,-50.537109
1493852616.203876,-0.777344,0.070312,-0.095703,22.338867,-20.263672,-52.124023
1493852616.206429,-0.763184,0.089844,-0.062988,22.155762,-21.484375,-53.161621
1493852616.208986,-0.731445,0.103516,-0.015137,19.836426,-22.338867,-56.274414
1493852616.211541,-0.807617,0.085938,-0.047852,18.493652,-22.521973,-58.776855
1493852616.214092,-0.755371,0.136230,-0.007812,17.944336,-22.583008,-62.011719
1493852616.216644,-0.748047,0.145020,-0.029297,0.915527,-22.216797,-66.894531
1493852616.219194,-0.797852,0.144531,-0.060059,12.390137,-21.240234,-72.937012
1493852616.221749,-0.769043,0.156250,-0.017578,9.216309,-19.104004,-77.392578
1493852616.224294,-0.770508,0.126953,-0.048340,6.958008,-16.174316,-82.397461
1493852616.226842,-0.785156,0.131836,-0.123047,4.394531,-14.343262,-84.411621
1493852616.229417,-0.828125,0.121094,-0.054199,1.037598,-12.634277,-88.623047
1493852616.231988,-0.836914,0.104980,-0.054688,1.098633,-13.427734,-91.003418
1493852616.234538,-0.865234,0.113281,-0.073730,-14.892578,-14.160156,-93.627930
1493852616.237089,-0.916504,0.085938,-0.081543,-0.671387,-15.930176,-97.534180
1493852616.239764,-0.852539,0.099121,-0.067871,-1.647949,-18.371582,-101.806641
1493852616.242510,-0.777344,0.117188,0.004395,-2.014160,-19.653320,-106.384277
1493852616.245189,-0.887695,0.101074,-0.065918,-2.807617,-20.019531,-110.229492
1493852616.247948,-0.893555,0.168945,-0.023438,0.122070,-18.066406,-115.356445
1493852616.250642,-0.878906,0.145020,-0.087402,0.549316,-13.122559,-121.520996
1493852616.253192,-0.907227,0.117188,-0.060547,-0.366211,-11.718750,-124.511719
1493852616.255740,-0.881836,0.108398,-0.150391,-2.380371,-10.925293,-126.098633
1493852616.258386,-0.919922,0.097168,-0.212402,-5.859375,-12.451172,-126.464844
1493852616.261086,-0.903320,0.098633,-0.150391,-5.493164,-13.488770,-125.793457
1493852616.264005,-0.928711,0.046387,-0.168945,-5.493164,-17.333984,-124.450684
1493852616.266945,-0.992188,0.040527,-0.162109,-2.136230,-25.268555,-123.413086
1493852616.269630,-1.017090,0.052246,-0.156738,0.671387,-28.015137,-122.436523
1493852616.272312,-1.042969,0.025391,-0.181641,2.990723,-32.470703,-120.178223
1493852616.274993,-1.009277,0.054199,-0.179688,6.591797,-35.644531,-117.614746
1493852616.277681,-1.078125,0.102051,-0.181152,10.803223,-37.963867,-115.783691
1493852616.280300,-1.020996,0.139648,-0.193359,12.023926,-40.161133,-115.356445
1493852616.282849,-1.070801,0.148438,-0.161621,11.535645,-40.344238,-116.271973
1493852616.285401,-1.056152,0.205566,-0.187012,14.648438,-41.748047,-117.614746
1493852616.287971,-1.041992,0.253906,-0.197266,16.906738,-41.015625,-123.840332
1493852616.290614,-1.107910,0.132324,-0.189453,14.465332,-39.978027,-132.751465
1493852616.293297,-1.080566,0.257812,-0.205566,12.634277,-36.743164,-142.028809
1493852616.295976,-1.085449,0.286621,-0.149902,12.268066,-33.935547,-150.390625
1493852616.298655,-1.130371,0.246582,-0.261719,13.488770,-29.846191,-156.555176
1493852616.301265,-1.148438,0.275879,-0.218262,14.099121,-24.353027,-160.461426
1493852616.303814,-1.142090,0.245605,-0.341309,13.854980,-17.761230,-164.978027
1493852616.306478,-1.213867,0.238281,-0.296387,14.831543,-0.183105,-167.236328
1493852616.309116,-1.314453,0.190430,-0.332520,18.737793,-14.160156,-168.640137
1493852616.311762,-1.253906,0.197754,-0.289062,25.146484,-14.099121,-169.799805
1493852616.314316,-1.278809,0.368652,-0.400879,37.841797,-15.258789,-171.813965
1493852616.316869,-1.334961,0.302734,-0.437500,52.246094,-19.592285,-172.302246
1493852616.319531,-1.308105,0.388184,-0.460938,66.284180,-28.686523,-175.292969
1493852616.322253,-1.362305,0.533691,-0.439941,81.359863,-41.625977,-176.696777
1493852616.324908,-1.329102,0.630859,-0.574219,91.552734,-53.771973,-179.199219
1493852616.327580,-1.282715,0.730469,-0.517090,93.505859,-64.147949,-200.073242
1493852616.330368,-1.251953,0.755859,-0.460938,87.341309,-69.885254,-191.284180
1493852616.332923,-1.169434,0.774902,-0.474609,77.453613,-71.044922,-199.462891
1493852616.335765,-1.160645,0.757324,-0.408203,67.687988,-67.138672,-216.186523
1493852616.338629,-1.142578,0.761230,-0.279297,55.297852,-59.448242,-223.327637
1493852616.341285,-1.144043,0.630371,-0.271484,42.053223,-50.598145,-240.844727
1493852616.343970,-1.162598,0.712891,-0.281738,32.226562,-41.015625,-274.597168
1493852616.346656,-1.217285,0.604004,-0.332031,19.592285,-30.761719,-294.128418
1493852616.349343,-1.276855,0.523438,-0.291504,12.634277,-22.827148,-299.255371
1493852616.352034,-1.295410,0.330566,-0.253418,5.920410,-17.944336,-318.542480
1493852616.354714,-1.346191,0.010254,-0.125000,3.234863,-17.639160,-336.242676
1493852616.357396,-1.341309,-0.094238,-0.011230,2.014160,-23.071289,-350.830078
1493852616.360090,-1.368164,-0.237305,-0.150879,7.385254,-32.897949,-360.778809
1493852616.362779,-1.375488,-0.366699,-0.095215,19.653320,-42.785645,-364.624023
1493852616.365592,-1.336914,-0.439453,-0.106445,37.963867,-53.955078,-360.656738
1493852616.368350,-1.341309,-0.390137,-0.320801,68.603516,-67.626953,-347.656250
1493852616.370957,-1.435059,-0.183594,-0.372559,97.961426,-84.899902,-326.538086
1493852616.373509,-1.537598,0.021484,-0.454590,124.328613,-104.736328,-298.767090
1493852616.376316,-1.528320,0.191406,-0.558105,122.131348,-119.812012,-273.315430
1493852616.379190,-1.534668,0.285645,-0.598145,120.666504,-121.337891,-254.211426
1493852616.381807,-1.466309,0.261719,-0.590332,105.712891,-114.807129,-248.168945
1493852616.384356,-1.388184,0.201172,-0.419922,80.139160,-105.468750,-252.746582
1493852616.386908,-1.341309,0.134766,-0.421387,75.195312,-101.257324,-265.502930
1493852616.389532,-1.206543,0.046875,-0.589844,58.166504,-96.679688,-282.958984
1493852616.392225,-1.131348,-0.012207,-0.546875,51.818848,-94.970703,-299.682617
1493852616.394910,-1.111816,-0.035156,-0.505859,55.786133,-95.153809,-313.049316
1493852616.397594,-1.047852,0.002930,-0.509277,59.509277,-95.520020,-318.603516
1493852616.400331,-0.944824,0.081543,-0.524902,58.471680,-95.581055,-316.833496
1493852616.403017,-0.943359,0.138672,-0.466797,59.631348,-93.505859,-308.227539
1493852616.405702,-0.915527,0.187012,-0.485840,58.166504,-90.270996,-295.471191
1493852616.408375,-0.933594,0.246094,-0.602051,55.480957,-86.791992,-280.395508
1493852616.410975,-0.908203,0.320312,-0.494141,52.734375,-82.885742,-265.075684
1493852616.413525,-0.868652,0.378418,-0.520020,51.818848,-78.796387,-257.629395
1493852616.416076,-0.806152,0.414551,-0.466797,49.926758,-74.707031,-244.018555
1493852616.418656,-0.826172,0.488770,-0.471191,48.217773,-70.251465,-231.262207
1493852616.421234,-0.742188,0.534668,-0.510254,46.020508,-64.086914,-220.947266
1493852616.423787,-0.694824,0.550293,-0.462891,44.311523,-56.091309,-212.524414
1493852616.426337,-0.571777,0.597656,-0.474121,45.654297,-35.095215,-205.261230
1493852616.428960,-0.532715,0.625000,-0.358887,49.255371,-40.466309,-198.242188
1493852616.431588,-0.433594,0.684570,-0.354004,58.410645,-28.137207,-192.749023
1493852616.434139,-0.333008,0.704590,-0.361328,73.852539,-12.695312,-190.063477
1493852616.436694,-0.272461,0.697266,-0.338867,93.811035,2.502441,-185.791016
1493852616.439312,-0.233887,0.465332,-0.356934,112.243652,12.207031,-184.326172
1493852616.441996,-0.099121,0.126953,-0.057617,119.079590,14.831543,-189.880371
1493852616.444808,-0.099609,-0.178223,-0.036621,113.586426,12.145996,-200.866699
1493852616.447495,-0.075684,-0.404785,-0.052734,110.351562,13.610840,-215.576172
1493852616.450193,-0.101562,-0.566406,0.101074,115.539551,19.653320,-228.332520
1493852616.452956,-0.149414,-0.622559,0.073242,122.924805,27.587891,-237.182617
1493852616.455645,-0.205078,-0.640137,0.146484,133.422852,41.564941,-239.501953
1493852616.458202,-0.244141,-0.528809,0.180176,140.258789,53.955078,-231.506348
1493852616.460758,-0.453613,-0.440918,0.070312,135.864258,50.170898,-202.209473
1493852616.463310,-0.381836,-0.296875,-0.301270,106.933594,29.663086,-138.366699
1493852616.465859,-0.288574,-0.177246,-0.436035,34.423828,-22.033691,-51.330566
1493852616.468503,-0.298340,-0.062988,-0.238770,-63.842773,-77.392578,30.029297
1493852616.471203,-0.189941,-0.132812,0.063477,-132.446289,-96.374512,84.045410
1493852616.473940,-0.142090,-0.228027,0.239258,-145.324707,-130.737305,112.426758
1493852616.476696,-0.092773,-0.185059,0.161133,-118.041992,-134.704590,126.098633
1493852616.479344,-0.161133,-0.168945,0.084961,-86.242676,-115.539551,132.812500
1493852616.481916,-0.221680,0.007324,0.001465,-69.396973,-95.458984,142.211914
1493852616.484469,-0.198730,0.139648,-0.118652,-70.495605,-75.012207,165.344238
1493852616.487024,-0.220215,0.273438,-0.096680,-74.707031,-53.405762,172.607422
1493852616.489633,-0.172363,0.376465,-0.125000,-76.293945,-29.724121,202.758789
1493852616.492312,-0.132812,0.602051,-0.125488,-78.674316,-10.803223,233.520508
1493852616.494998,-0.108887,0.563965,-0.228027,-81.542969,2.319336,257.751465
1493852616.497684,-0.120117,0.656250,-0.185547,-89.965820,9.521484,272.155762
1493852616.500371,-0.114258,0.727051,-0.337402,-94.665527,10.803223,276.062012
1493852616.503055,-0.112305,0.774902,-0.225586,-102.050781,7.629395,266.296387
1493852616.505733,-0.093262,0.833984,-0.244141,-109.680176,2.990723,244.140625
1493852616.508399,-0.065430,0.821777,-0.228516,-111.877441,-0.244141,213.195801
1493852616.510993,-0.051758,0.818848,-0.189453,-107.727051,0.671387,179.199219
1493852616.513544,0.003418,0.809082,-0.259766,-101.196289,2.746582,144.531250
1493852616.516097,0.005371,0.775879,-0.210938,-95.642090,8.422852,114.074707
1493852616.518733,-0.002930,0.695801,-0.225586,-89.660645,16.479492,89.050293
1493852616.521371,0.021484,0.601562,-0.294922,-89.111328,23.986816,65.368652
1493852616.523926,-0.034668,0.472168,-0.244629,-89.477539,28.808594,73.974609
1493852616.526482,-0.066406,0.392578,-0.155762,-91.247559,32.470703,74.462891
1493852616.529115,-0.147949,0.249512,-0.236328,-92.651367,33.386230,80.505371
1493852616.531747,-0.147461,0.195801,-0.238281,-92.651367,32.836914,87.036133
1493852616.534298,-0.161133,0.148438,-0.202148,-88.745117,31.311035,92.102051
1493852616.536850,-0.233398,0.072754,-0.124512,-85.327148,30.639648,97.656250
1493852616.539476,-0.233887,0.054199,-0.191406,-81.054688,27.709961,102.783203
1493852616.542173,-0.134277,0.038086,-0.192383,-77.453613,25.634766,108.520508
1493852616.544860,-0.272949,0.046387,-0.157715,-73.608398,23.376465,117.553711
1493852616.547547,-0.231445,0.028809,-0.241699,-71.716309,23.254395,128.662109
1493852616.550237,-0.203125,0.019043,-0.250000,-67.565918,22.277832,140.869141
1493852616.552921,-0.219238,0.038086,-0.119629,-64.880371,22.949219,151.489258
1493852616.555607,-0.156250,0.044434,-0.224121,-62.194824,22.277832,160.949707
1493852616.558299,-0.162109,0.044434,-0.174805,-61.767578,22.827148,167.968750
1493852616.560993,-0.174316,0.065918,-0.135254,-59.082031,23.925781,174.072266
1493852616.563681,-0.118652,0.063965,-0.248535,-57.922363,25.756836,180.725098
1493852616.566370,-0.010254,0.066406,-0.097656,-57.983398,26.428223,188.476562
1493852616.569036,-0.161133,0.078613,-0.173340,-58.959961,26.611328,192.810059
1493852616.571636,-0.166504,0.102051,-0.160645,-59.753418,27.587891,200.500488
1493852616.574284,-0.222656,0.099609,-0.158203,-58.837891,28.808594,209.289551
1493852616.576931,-0.266602,0.109863,-0.097656,-57.189941,30.273438,217.346191
1493852616.579691,-0.237793,0.125488,-0.156738,-55.664062,31.799316,224.426270
1493852616.582405,-0.279785,0.148438,-0.171387,-53.161621,32.836914,231.445312
1493852616.585089,-0.326172,0.154297,-0.125000,-51.574707,34.057617,236.633301
1493852616.587775,-0.328125,0.177734,-0.214355,-49.438477,36.071777,241.699219
1493852616.590463,-0.332031,0.207520,-0.150879,-45.959473,37.109375,246.032715
1493852616.593149,-0.336426,0.193359,-0.241211,-43.762207,38.269043,249.206543
1493852616.595833,-0.303711,0.211914,-0.197266,-42.602539,38.635254,252.258301
1493852616.598504,-0.366211,0.195801,-0.150879,-37.536621,39.733887,254.516602
1493852616.601103,-0.350586,0.217773,-0.154785,-36.743164,41.381836,257.446289
1493852616.603654,-0.364746,0.200684,-0.151855,-34.851074,41.687012,258.728027
1493852616.606208,-0.279297,0.203125,-0.135254,-30.456543,43.762207,261.230469
1493852616.608829,-0.354004,0.222656,-0.203125,-27.954102,45.471191,263.671875
1493852616.611452,-0.362305,0.213867,-0.164551,-26.062012,45.715332,265.625000
1493852616.614006,-0.419922,0.207520,-0.231445,-24.658203,45.593262,266.723633
1493852616.616556,-0.426758,0.234375,-0.200684,-24.047852,47.058105,268.920898
1493852616.619170,-0.412598,0.230469,-0.179199,-24.414062,48.950195,271.118164
1493852616.621784,-0.470703,0.248047,-0.197266,-23.742676,49.865723,274.108887
1493852616.624335,-0.449219,0.247559,-0.184570,-22.766113,51.391602,275.573730
