1493852624.601512,-0.643066,0.158203,-0.248047,10.864258,1.403809,-20.080566
1493852624.604112,-0.713867,0.158203,-0.291504,13.122559,0.732422,-20.385742
1493852624.606661,-0.501953,0.166016,-0.294434,13.610840,0.061035,-21.301270
1493852624.609248,-0.619141,0.183594,-0.344238,13.854980,-1.403809,-22.888184
1493852624.611835,-0.594727,0.227051,-0.367676,17.333984,-2.014160,-24.902344
1493852624.614378,-0.613281,0.196777,-0.292969,18.615723,-2.136230,-28.076172
1493852624.616921,-0.597656,0.205566,-0.383301,18.737793,-2.990723,-32.104492
1493852624.619985,-0.594727,0.175293,-0.343262,18.005371,-3.173828,-36.865234
1493852624.622602,-0.605469,0.143066,-0.382324,18.371582,-5.310059,-40.222168
1493852624.625149,-0.601562,0.120605,-0.298340,17.211914,-6.835938,-43.151855
1493852624.627697,-0.629883,0.077637,-0.330566,16.601562,-7.446289,-43.395996
1493852624.630375,-0.621582,0.099121,-0.376465,16.967773,-8.483887,-44.372559
1493852624.632926,-0.733887,0.127930,-0.379883,16.052246,-10.375977,-43.579102
1493852624.635826,-0.634766,0.130859,-0.269043,16.235352,-12.451172,-41.503906
1493852624.638823,-0.511230,0.154297,-0.335449,16.784668,-14.587402,-40.954590
1493852624.641466,-0.632324,0.138184,-0.312988,18.066406,-16.540527,-41.259766
1493852624.644070,-0.587891,0.156250,-0.366699,16.967773,-17.761230,-41.870117
1493852624.646675,-0.619141,0.173340,-0.358398,17.150879,-20.568848,-42.724609
1493852624.650826,-0.580566,0.192383,-0.328125,15.563965,-23.315430,-47.790527
1493852624.653690,-0.602051,0.160156,-0.302246,13.305664,-24.597168,-49.377441
1493852624.656244,-0.608887,0.231445,-0.302246,9.643555,-28.015137,-53.405762
1493852624.658840,-0.614746,0.117676,-0.345215,6.591797,-30.334473,-56.091309
1493852624.661436,-0.638672,0.087891,-0.210938,2.685547,-33.142090,-55.969238
1493852624.663982,-0.615234,0.047852,-0.234863,1.586914,-33.569336,-55.297852
1493852624.666534,-0.630371,0.121582,-0.278809,1.098633,-34.484863,-52.795410
1493852624.669130,-0.692871,-0.100586,-0.319824,-5.249023,-34.851074,-47.668457
1493852624.671725,-0.676758,0.031250,-0.125488,-8.056641,-39.245605,-39.916992
1493852624.674275,-0.694336,0.022949,-0.236816,-8.972168,-43.090820,-29.846191
1493852624.676823,-0.721680,0.028809,-0.238770,-11.474609,-45.837402,-23.986816
1493852624.679377,-0.649902,0.038574,-0.371094,-13.305664,-49.682617,-13.549805
1493852624.681928,-0.698730,0.070312,-0.262695,-15.380859,-52.673340,-7.141113
1493852624.684469,-0.689941,0.076172,-0.243652,-16.662598,-53.894043,-5.554199
1493852624.687015,-0.648926,0.116211,-0.248047,-15.808105,-55.786133,-8.911133
1493852624.689565,-0.695312,0.156738,-0.300781,-13.305664,-57.556152,-8.239746
1493852624.692113,-0.675293,0.150879,-0.261230,-16.052246,-62.316895,-4.394531
1493852624.694662,-0.696289,0.242676,-0.279297,-18.859863,-68.176270,-4.272461
1493852624.697212,-0.724609,0.144531,-0.302734,-26.306152,-72.814941,-5.798340
1493852624.699809,-0.743164,0.134277,-0.185059,-30.517578,-76.660156,-10.437012
1493852624.702413,-0.782227,0.091309,-0.269043,-30.639648,-81.237793,-14.892578
1493852624.704968,-0.767578,0.062012,-0.229004,-31.127930,-83.984375,-18.676758
1493852624.707522,-0.801758,0.084961,-0.280762,-29.724121,-84.838867,-20.507812
1493852624.710226,-0.784668,0.062500,-0.304688,-27.587891,-82.397461,-23.498535
1493852624.712914,-0.750488,0.042480,-0.198730,-26.123047,-79.589844,-26.000977
1493852624.715597,-0.870117,0.053711,-0.189453,-25.329590,-77.880859,-28.015137
1493852624.718283,-0.704102,0.053711,-0.156738,-22.155762,-76.904297,-28.320312
1493852624.720972,-0.700684,0.027344,-0.239746,-22.460938,-77.148438,-27.954102
1493852624.723660,-0.711426,0.028809,-0.141113,-17.761230,-76.721191,-28.259277
1493852624.726344,-0.691406,0.038086,-0.226074,-16.784668,-75.256348,-28.686523
1493852624.728996,-0.694336,0.051758,-0.184570,-16.418457,-74.279785,-30.822754
1493852624.731578,-0.642090,0.071777,-0.145996,-17.089844,-72.753906,-31.188965
1493852624.734129,-0.682129,0.082031,-0.109863,-16.479492,-70.800781,-31.311035
1493852624.736684,-0.704102,0.091309,-0.161621,-14.770508,-67.016602,-31.921387
1493852624.739383,-0.701172,0.091797,-0.174805,-14.099121,-64.453125,-33.142090
1493852624.741945,-0.648438,0.097168,-0.048340,-15.197754,-60.729980,-35.766602
1493852624.744618,-0.673340,0.070801,-0.168945,-14.038086,-59.875488,-38.635254
1493852624.747288,-0.658203,0.073730,-0.154785,-14.526367,-57.617188,-40.771484
1493852624.749966,-0.684570,0.046875,-0.158691,-13.610840,-55.969238,-41.625977
1493852624.752644,-0.662598,0.055664,-0.218750,-13.549805,-52.551270,-43.518066
1493852624.755189,-0.744629,0.043945,-0.166504,-11.413574,-48.828125,-44.433594
1493852624.757783,-0.652344,0.038086,-0.220703,-7.202148,-31.677246,-44.311523
1493852624.760377,-0.636230,0.069824,-0.197266,-6.286621,-44.433594,-45.166016
1493852624.762926,-0.648438,0.066406,-0.181641,-5.310059,-43.334961,-45.593262
1493852624.765517,-0.702148,0.062500,-0.232422,-5.493164,-43.457031,-46.875000
1493852624.768138,-0.687988,0.091309,-0.216309,-5.187988,-44.128418,-62.316895
1493852624.770715,-0.692383,0.067383,-0.191406,-4.394531,-43.579102,-47.973633
1493852624.773260,-0.664062,0.066406,-0.204590,-3.906250,-41.748047,-48.828125
1493852624.775808,-0.711426,0.070312,-0.195312,-2.319336,-39.306641,-51.269531
1493852624.778363,-0.689941,0.034668,-0.265625,-0.732422,-36.621094,-53.222656
1493852624.780916,-0.706543,0.059570,-0.256836,-0.366211,-35.522461,-55.236816
1493852624.783468,-0.658203,0.057617,-0.233887,0.122070,-34.484863,-56.335449
1493852624.786017,-0.662598,0.056152,-0.199219,1.037598,-32.897949,-57.312012
1493852624.788596,-0.709961,0.037109,-0.233398,2.990723,-33.691406,-58.044434
1493852624.791245,-0.652344,0.078125,-0.250488,6.774902,-34.912109,-59.143066
1493852624.793925,-0.655762,0.044922,-0.154785,7.385254,-36.010742,-58.837891
1493852624.796603,-0.675781,0.026855,-0.209961,10.192871,-37.353516,-59.020996
1493852624.799250,-0.687988,0.015137,-0.125488,10.681152,-38.513184,-56.823730
1493852624.801830,-0.694336,0.027344,-0.282715,13.122559,-38.818359,-54.870605
1493852624.804384,-0.707031,0.056152,-0.207031,13.916016,-38.330078,-51.940918
1493852624.806940,-0.658203,0.061523,-0.197754,13.244629,-38.696289,-51.025391
1493852624.809544,-0.703125,0.061523,-0.214844,13.793945,-38.452148,-50.170898
1493852624.812150,-0.623535,0.081543,-0.220703,13.610840,-37.292480,-51.391602
1493852624.814703,-0.628906,0.067383,-0.269043,12.878418,-37.414551,-51.330566
1493852624.817257,-0.625000,0.082031,-0.150879,12.207031,-36.865234,-52.734375
1493852624.819941,-0.724121,0.067871,-0.235840,11.474609,-37.292480,-54.687500
1493852624.822690,-0.594727,0.070312,-0.205566,9.704590,-37.963867,-55.358887
1493852624.825370,-0.630859,0.048828,-0.186523,5.676270,-39.001465,-57.556152
1493852624.828062,-0.575195,0.031738,-0.199219,3.540039,-39.916992,-59.936523
1493852624.830684,-0.606445,0.008789,-0.169922,2.319336,-40.771484,-61.584473
1493852624.833235,-0.609375,-0.014160,-0.183594,1.037598,-40.161133,-62.561035
1493852624.835784,-0.577637,-0.022461,-0.257324,1.770020,-39.978027,-63.354492
1493852624.838361,-0.591797,-0.018066,-0.168457,1.464844,-39.550781,-62.561035
1493852624.840997,-0.550781,-0.014160,-0.195312,3.173828,-38.879395,-60.363770
1493852624.843657,-0.584961,-0.040527,-0.173828,4.638672,-38.757324,-58.288574
1493852624.846317,-0.573730,-0.008301,-0.255371,6.896973,-38.452148,-55.847168
1493852624.848986,-0.568359,-0.001465,-0.196777,8.056641,-36.499023,-54.199219
1493852624.851649,-0.532715,0.009277,-0.159668,8.361816,-36.682129,-52.734375
1493852624.854310,-0.558594,0.007324,-0.239746,7.385254,-35.278320,-53.344727
1493852624.856972,-0.565918,0.002441,-0.199219,8.117676,-35.156250,-53.649902
1493852624.859660,-0.566406,-0.002441,-0.168457,7.019043,-34.179688,-54.504395
1493852624.862347,-0.581543,-0.000488,-0.154785,6.469727,-32.714844,-55.358887
1493852624.865009,-0.555664,0.122559,-0.132812,4.577637,-31.677246,-56.579590
1493852624.867676,-0.558594,-0.034180,-0.241211,2.624512,-28.930664,-56.701660
1493852624.870410,-0.517578,-0.024414,-0.137695,1.953125,-27.526855,-56.945801
1493852624.873082,-0.519043,-0.050293,-0.119141,0.366211,-25.268555,-57.189941
1493852624.875746,-0.502441,-0.080078,-0.063965,0.610352,-23.986816,-57.250977
1493852624.878407,-0.462402,-0.069824,-0.151855,0.854492,-21.301270,-57.434082
1493852624.881068,-0.490723,-0.084961,-0.129883,0.610352,-19.409180,-56.457520
1493852624.883612,-0.539551,-0.089355,-0.150879,-0.427246,-18.249512,-54.931641
1493852624.886158,-0.507812,-0.088379,-0.212402,-0.671387,-18.493652,-53.833008
1493852624.888751,-0.503418,-0.001465,-0.103516,-1.037598,-20.935059,-52.978516
1493852624.891422,-0.487793,-0.101562,-0.028809,1.098633,-21.728516,-52.001953
1493852624.894045,-0.504883,-0.150391,-0.072754,2.624512,-23.986816,-50.598145
1493852624.896591,-0.547852,-0.179199,-0.069336,3.723145,-24.719238,-48.889160
1493852624.899205,-0.463867,-0.151367,-0.178711,5.249023,-24.597168,-46.508789
1493852624.901817,-0.445312,-0.180664,-0.097168,6.652832,-24.291992,-44.860840
1493852624.904410,-0.458008,-0.171387,-0.123535,7.690430,-24.414062,-41.381836
1493852624.907006,-0.437012,-0.162109,-0.160645,8.911133,-25.146484,-38.330078
1493852624.910753,-0.421387,-0.125977,-0.291016,11.779785,-25.756836,-34.851074
1493852624.913306,-0.386719,-0.099609,-0.181152,13.427734,-26.672363,-31.860352
1493852624.915851,-0.400391,-0.123535,-0.166016,13.793945,-27.160645,-30.944824
1493852624.918422,-0.428711,-0.084473,-0.262695,10.864258,-28.198242,-29.663086
1493852624.921064,-0.410156,-0.057129,-0.160645,8.972168,-27.282715,-29.602051
1493852624.923749,-0.425781,-0.067383,-0.170898,6.896973,-25.573730,-29.907227
1493852624.926435,-0.404785,-0.071289,-0.145020,3.356934,-21.972656,-31.311035
1493852624.929088,-0.513672,-0.091309,-0.185059,0.488281,-17.700195,-33.569336
1493852624.931674,-0.491699,-0.073730,-0.247559,-2.685547,-12.878418,-34.729004
1493852624.934225,-0.463867,-0.088867,-0.011719,-3.906250,-9.826660,-37.475586
1493852624.936776,-0.522949,-0.104004,-0.006836,-4.150391,-8.911133,-39.306641
1493852624.939336,-0.506836,-0.095215,-0.165527,-4.882812,-7.385254,-41.259766
1493852624.941892,-0.558594,-0.114258,-0.116699,-3.540039,-8.178711,-41.625977
1493852624.944443,-0.573242,-0.107422,-0.009277,-0.122070,-9.460449,-39.916992
1493852624.946995,-0.547852,-0.110352,-0.091309,2.258301,-12.634277,-38.879395
1493852624.949552,-0.583008,-0.136230,-0.083984,2.746582,-14.709473,-36.376953
1493852624.952111,-0.548340,-0.111328,-0.046387,2.807617,-15.441895,-35.156250
1493852624.954666,-0.628906,-0.114258,-0.038086,2.441406,-16.845703,-31.677246
1493852624.957223,-0.582031,-0.118652,-0.004883,3.173828,-18.676758,-29.052734
1493852624.959809,-0.603516,-0.069336,-0.012207,4.211426,-19.592285,-27.648926
1493852624.962392,-0.575684,-0.086914,-0.110840,6.530762,-19.592285,-24.963379
1493852624.964947,-0.563965,-0.049316,-0.023438,5.920410,-20.080566,-23.681641
1493852624.967501,-0.522949,-0.053711,-0.028320,5.371094,-22.094727,-23.803711
1493852624.970219,-0.568848,-0.036133,-0.027344,4.699707,-22.888184,-23.315430
1493852624.972901,-0.498535,-0.041504,-0.035156,2.502441,-22.338867,-24.291992
1493852624.975582,-0.551758,-0.077637,-0.020508,1.464844,-22.033691,-27.404785
1493852624.978257,-0.585449,-0.057129,-0.041016,0.427246,-20.141602,-29.357910
1493852624.980867,-0.537598,-0.055176,-0.024902,-1.098633,-18.188477,-45.959473
1493852624.983418,-0.575684,-0.045410,-0.052246,-5.737305,-14.160156,-32.897949
1493852624.985970,-0.590820,-0.062012,-0.062988,-8.850098,-10.742188,-34.118652
1493852624.988554,-0.560059,-0.083496,-0.034668,-9.948730,-7.507324,-35.461426
1493852624.991182,-0.614258,-0.083008,0.035156,-11.535645,-5.432129,-36.132812
1493852624.993831,-0.607422,-0.095215,-0.056152,-9.826660,-3.479004,-37.536621
1493852624.996559,-0.638672,-0.086914,-0.137695,-7.934570,-1.464844,-37.353516
1493852624.999359,-0.638184,-0.117188,-0.056641,-6.286621,-1.220703,-36.987305
1493852625.002029,-0.663574,-0.102539,-0.145996,-7.568359,-1.525879,-36.560059
1493852625.004573,-0.660645,-0.100586,-0.121094,-7.812500,-0.610352,-34.851074
1493852625.007120,-0.684570,-0.081055,-0.149902,-6.591797,15.502930,-32.409668
1493852625.009709,-0.641113,-0.073242,-0.187500,-6.530762,1.647949,-30.151367
1493852625.012414,-0.648438,-0.081543,-0.172852,-4.699707,2.868652,-28.564453
1493852625.014960,-0.673340,-0.071777,-0.162109,-5.065918,5.004883,-27.954102
1493852625.017503,-0.689941,-0.052246,-0.239746,-6.774902,6.408691,-26.367188
1493852625.020092,-0.663574,-0.045898,-0.054688,-8.666992,8.850098,-25.390625
1493852625.022654,-0.663574,-0.043457,-0.177246,-9.155273,9.826660,-26.245117
1493852625.025249,-0.713379,-0.068359,-0.171875,-8.789062,10.375977,-27.832031
1493852625.027851,-0.685059,-0.034668,-0.162109,-7.446289,9.155273,-29.785156
1493852625.030399,-0.733398,-0.034668,-0.125488,-7.019043,8.850098,-33.447266
1493852625.032948,-0.765137,-0.034180,-0.192871,-6.225586,8.056641,-36.560059
1493852625.035497,-0.757812,-0.037109,-0.161621,-7.324219,8.972168,-39.062500
1493852625.038059,-0.833496,-0.032227,-0.183594,-9.338379,9.765625,-40.344238
1493852625.040691,-0.796875,-0.049316,-0.151855,-9.948730,11.901855,-41.320801
1493852625.043372,-0.861328,-0.067383,-0.148438,-8.972168,13.488770,-42.053223
1493852625.046053,-0.975586,-0.049316,-0.047852,-9.033203,14.282227,-41.809082
1493852625.048741,-0.914551,-0.019531,-0.136719,-9.643555,14.526367,-42.053223
1493852625.051432,-0.885742,-0.026855,-0.087402,-8.300781,12.817383,-41.992188
1493852625.054114,-0.998047,-0.019531,-0.082520,-6.286621,10.131836,-42.480469
1493852625.056798,-0.958984,-0.014648,-0.108398,-3.845215,7.080078,-43.273926
1493852625.059437,-0.945801,-0.020508,-0.019531,-2.075195,5.310059,-45.227051
1493852625.062008,-0.985840,-0.004883,-0.046387,-1.953125,1.708984,-46.081543
1493852625.064558,-1.076172,0.002930,-0.078613,0.427246,-15.258789,-46.508789
1493852625.067111,-0.978027,0.004395,-0.087891,4.211426,-1.525879,-47.424316
1493852625.069722,-0.942871,-0.104004,-0.128906,5.493164,-4.577637,-47.851562
1493852625.072335,-0.936035,0.119629,-0.100586,6.896973,-5.981445,-49.865723
1493852625.074886,-0.968750,-0.019043,-0.093750,6.530762,-7.507324,-50.720215
1493852625.077434,-0.903320,-0.000977,-0.117188,6.225586,-8.056641,-52.368164
1493852625.080062,-0.875488,-0.022461,-0.132324,7.080078,-8.972168,-54.748535
1493852625.082695,-0.919434,-0.021973,-0.166992,5.554199,-8.361816,-58.654785
1493852625.085247,-0.883789,-0.049316,-0.106445,5.737305,-9.216309,-61.950684
1493852625.087803,-0.912598,-0.047852,-0.186523,5.554199,-9.643555,-65.612793
1493852625.090420,-0.895508,-0.041504,-0.166016,9.033203,-9.643555,-68.664551
1493852625.093086,-0.901367,-0.050781,-0.158203,10.559082,-10.131836,-71.716309
1493852625.095754,-0.962402,-0.045898,-0.160156,10.986328,-11.352539,-74.340820
1493852625.098423,-0.912598,-0.056152,-0.185059,12.390137,-13.549805,-76.354980
1493852625.101098,-0.945312,-0.065430,-0.132812,14.526367,-15.258789,-77.697754
1493852625.103769,-0.912109,-0.051758,-0.205078,14.831543,-16.296387,-79.467773
1493852625.106438,-0.958496,-0.077637,-0.171387,17.333984,-18.127441,-81.054688
1493852625.109113,-0.860840,-0.072754,-0.227051,19.042969,-18.615723,-81.359863
1493852625.111792,-0.892090,-0.104492,-0.134766,21.606445,-17.761230,-83.435059
1493852625.114463,-0.756836,-0.080078,-0.183594,22.399902,-18.371582,-83.740234
1493852625.117133,-0.868164,-0.071777,-0.181152,22.216797,-18.920898,-85.632324
1493852625.119793,-0.909668,-0.068359,-0.095215,22.216797,-19.714355,-86.120605
1493852625.122526,-0.838867,-0.079102,-0.127930,22.033691,-20.812988,-87.463379
1493852625.125160,-0.848633,-0.069824,-0.111816,24.475098,-21.850586,-86.669922
1493852625.127822,-0.862305,-0.066406,-0.056641,25.695801,-21.484375,-86.486816
1493852625.130490,-0.852539,-0.073730,-0.138184,25.756836,-21.545410,-86.914062
1493852625.133038,-0.866211,-0.069336,-0.101074,24.780273,-22.583008,-87.585449
1493852625.135585,-0.839844,-0.066406,-0.107422,24.658203,-23.315430,-89.355469
1493852625.138179,-0.751465,-0.040527,-0.181641,25.512695,-23.315430,-89.782715
1493852625.140773,-0.844238,-0.051758,-0.096680,25.146484,-23.193359,-90.637207
1493852625.143319,-0.844238,-0.020996,-0.152832,24.780273,-22.460938,-90.515137
1493852625.145865,-0.846680,-0.026855,-0.123047,25.817871,-22.583008,-90.332031
1493852625.148551,-0.828613,-0.081543,-0.148438,26.062012,-22.766113,-91.125488
1493852625.151123,-0.834961,-0.018066,-0.128906,25.695801,-22.094727,-92.102051
1493852625.153671,-0.832031,-0.043945,-0.090820,25.207520,-22.033691,-92.468262
1493852625.156219,-0.798340,-0.069336,-0.157715,25.390625,-21.972656,-92.895508
1493852625.158771,-0.808105,-0.053223,-0.147949,25.512695,-20.935059,-93.322754
1493852625.161325,-0.806641,-0.083008,-0.113281,23.315430,-20.751953,-94.177246
1493852625.163878,-0.798340,-0.059570,-0.166504,24.414062,-20.141602,-94.848633
1493852625.166429,-0.817871,-0.075195,-0.108887,24.780273,-20.080566,-94.848633
1493852625.169019,-0.774902,-0.091309,-0.180664,25.207520,-20.446777,-94.299316
1493852625.171683,-0.767578,-0.094727,-0.147949,26.550293,-21.484375,-94.665527
1493852625.174370,-0.808105,-0.104492,-0.166992,28.015137,-22.949219,-78.674316
1493852625.177055,-0.772461,-0.081543,-0.128418,27.954102,-22.583008,-93.139648
1493852625.179698,-0.795898,-0.061523,-0.179688,28.930664,-22.583008,-93.200684
1493852625.182270,-0.783203,-0.086426,-0.145996,30.517578,-22.216797,-91.369629
1493852625.184824,-0.777344,-0.083496,-0.195801,30.700684,-22.583008,-90.942383
1493852625.187377,-0.804688,-0.055664,-0.185059,29.602051,-22.888184,-90.820312
1493852625.189997,-0.773438,-0.060547,-0.217773,26.977539,-21.850586,-91.247559
1493852625.192689,-0.786621,-0.028320,-0.208984,28.076172,-21.423340,-91.735840
1493852625.195378,-0.793945,-0.049805,-0.150879,28.869629,-20.935059,-91.613770
1493852625.198071,-0.836914,-0.008789,-0.138672,29.968262,-21.301270,-91.918945
1493852625.200761,-0.836914,0.017090,-0.235840,28.869629,-21.301270,-92.834473
1493852625.203449,-0.867188,0.015137,-0.189453,29.235840,-22.827148,-93.933105
1493852625.206139,-0.978027,0.023438,-0.168457,29.785156,-23.193359,-93.994141
1493852625.208827,-0.863281,0.020508,-0.156250,30.456543,-24.169922,-94.726562
1493852625.211511,-0.897949,0.034668,-0.198730,32.409668,-25.756836,-95.825195
1493852625.214196,-0.948242,0.063965,-0.185547,33.996582,-27.038574,-96.496582
1493852625.216883,-0.931641,0.070801,-0.226562,37.170410,-30.273438,-98.205566
1493852625.219575,-0.935059,0.069336,-0.145996,39.489746,-31.250000,-100.952148
1493852625.222267,-0.959961,0.094238,-0.171387,39.916992,-31.616211,-104.248047
1493852625.224952,-0.944824,0.095703,-0.131836,42.175293,-31.127930,-107.482910
1493852625.227657,-0.927246,0.087891,-0.130371,44.006348,-31.311035,-109.863281
1493852625.230295,-0.907715,0.077637,-0.113281,46.813965,-32.531738,-110.961914
1493852625.232846,-0.796875,0.035156,-0.085938,52.062988,-37.536621,-111.511230
1493852625.235399,-0.893555,0.041504,-0.126953,56.396484,-45.654297,-110.717773
1493852625.237969,-0.987793,0.059570,-0.057617,57.678223,-54.809570,-109.619141
1493852625.240592,-0.763672,0.030273,-0.033203,62.988281,-62.805176,-108.764648
1493852625.243237,-0.871094,0.064453,-0.119629,64.575195,-70.068359,-107.910156
1493852625.245929,-0.856934,0.075684,-0.022949,66.467285,-75.866699,-109.436035
1493852625.248661,-0.853027,0.074219,-0.117676,67.138672,-80.688477,-109.802246
1493852625.251288,-0.812500,0.039062,0.055664,64.147949,-81.542969,-113.037109
1493852625.253837,-0.813965,0.060547,-0.118164,62.377930,-84.716797,-118.041992
1493852625.256385,-0.829590,0.043945,0.121582,58.471680,-83.801270,-124.145508
1493852625.258976,-0.774902,0.035156,0.032227,54.687500,-84.594727,-126.586914
1493852625.261564,-0.787598,0.009277,0.062012,53.222656,-84.472656,-133.666992
1493852625.264108,-0.812012,-0.001465,0.034180,50.659180,-85.510254,-141.601562
1493852625.266655,-0.757324,0.006836,-0.071777,49.987793,-84.106445,-151.611328
1493852625.269204,-0.771484,-0.060059,0.064941,48.461914,-80.505371,-161.987305
1493852625.271755,-0.741211,-0.051758,-0.068848,49.133301,-77.880859,-172.058105
1493852625.274298,-0.720215,-0.090820,0.018555,49.316406,-72.326660,-180.541992
1493852625.276841,-0.735352,-0.108887,0.119141,48.339844,-68.054199,-186.523438
1493852625.279391,-0.710449,-0.109375,-0.057617,46.813965,-65.917969,-188.110352
1493852625.282050,-0.743164,-0.094727,0.057617,44.677734,-64.208984,-189.147949
1493852625.284592,-0.782227,-0.050293,-0.125000,37.658691,-64.270020,-186.523438
1493852625.287136,-0.848633,-0.045410,0.111328,33.630371,-65.368652,-176.696777
1493852625.289746,-0.827637,-0.042480,-0.038086,31.127930,-63.781738,-166.931152
1493852625.292429,-0.841309,-0.099609,-0.016602,30.273438,-59.570312,-161.071777
1493852625.295110,-0.763184,-0.118164,0.051758,46.447754,-52.062988,-158.935547
1493852625.297799,-0.726562,-0.010254,-0.078613,36.682129,-44.921875,-161.437988
1493852625.300486,-0.708008,-0.140137,-0.189453,40.588379,-40.527344,-166.870117
1493852625.303170,-0.704102,-0.164062,-0.099609,42.236328,-42.236328,-170.104980
1493852625.305857,-0.688965,-0.172363,-0.154785,41.870117,-61.279297,-171.875000
1493852625.308546,-0.741699,-0.199219,-0.175293,37.414551,-54.321289,-170.898438
1493852625.311234,-0.721191,-0.206055,-0.177246,32.165527,-64.208984,-168.518066
1493852625.313915,-0.750488,-0.250488,-0.173340,27.404785,-72.265625,-166.503906
1493852625.316597,-0.737793,-0.260254,-0.197754,22.277832,-78.674316,-163.269043
1493852625.319284,-0.711426,-0.297852,-0.149902,20.812988,-82.580566,-159.362793
1493852625.321973,-0.694336,-0.315918,-0.233887,20.812988,-83.557129,-156.311035
1493852625.324658,-0.673340,-0.366699,-0.176758,21.789551,-82.275391,-152.893066
1493852625.327342,-0.664551,-0.388184,-0.229980,23.864746,-78.979492,-149.597168
1493852625.329966,-0.618652,-0.378418,-0.144043,22.888184,-73.730469,-146.179199
1493852625.332522,-0.643066,-0.390137,-0.304199,24.902344,-69.702148,-143.859863
1493852625.335074,-0.617188,-0.397949,-0.139648,27.099609,-64.331055,-139.404297
1493852625.337626,-0.629883,-0.416992,-0.265625,26.550293,-58.898926,-136.291504
1493852625.340234,-0.619629,-0.469727,-0.350586,26.000977,-54.321289,-134.155273
1493852625.342904,-0.642090,-0.479980,-0.212402,26.000977,-49.133301,-131.347656
1493852625.345573,-0.672852,-0.518555,-0.304688,27.221680,-44.372559,-130.737305
1493852625.348264,-0.680176,-0.503418,-0.208984,28.625488,-40.344238,-130.615234
1493852625.350953,-0.709961,-0.451172,-0.238281,35.339355,-36.132812,-129.455566
1493852625.353621,-0.680176,-0.337402,-0.276855,43.823242,-33.386230,-126.464844
1493852625.356287,-0.737305,-0.301758,-0.199707,52.917480,-16.479492,-121.826172
1493852625.358958,-0.716797,-0.237793,-0.333008,60.913086,-27.893066,-115.478516
1493852625.361630,-0.718262,-0.178223,-0.297363,65.063477,-23.559570,-108.947754
1493852625.364301,-0.714355,-0.131836,-0.240234,67.565918,-20.874023,-103.881836
1493852625.366968,-0.725586,-0.115234,-0.285645,67.871094,-18.127441,-100.219727
1493852625.369613,-0.699219,-0.081543,-0.300293,71.655273,-15.686035,-98.632812
1493852625.372213,-0.685547,-0.071777,-0.361328,78.552246,-12.207031,-97.229004
1493852625.374778,-0.619629,-0.048340,-0.381836,86.853027,-9.887695,-97.473145
1493852625.377326,-0.588867,-0.064941,-0.343750,93.933105,-6.591797,-98.693848
1493852625.379941,-0.575195,-0.075684,-0.347168,100.463867,-4.516602,-100.463867
1493852625.382627,-0.536133,-0.049316,-0.394531,105.895996,-2.197266,-101.257324
1493852625.385311,-0.526855,-0.026367,-0.370605,112.182617,2.197266,-100.891113
1493852625.387997,-0.503418,0.023438,-0.364746,114.257812,7.873535,-97.534180
1493852625.390684,-0.532715,0.046387,-0.280762,117.187500,15.625000,-93.322754
1493852625.393365,-0.524902,0.095215,-0.318359,136.901855,26.428223,-89.965820
1493852625.396046,-0.526367,0.116211,-0.267090,148.803711,42.358398,-89.660645
1493852625.398711,-0.550781,0.126953,-0.181152,167.907715,61.584473,-94.909668
1493852625.401307,-0.558594,0.063965,-0.150879,175.354004,87.219238,-106.201172
1493852625.403860,-0.595703,0.004395,-0.145020,192.626953,84.899902,-119.506836
1493852625.406410,-0.743652,-0.111328,-0.197754,186.889648,80.993652,-134.216309
1493852625.409064,-0.656250,-0.258789,-0.232422,157.897949,56.396484,-148.376465
1493852625.411787,-0.580566,-0.456543,-0.142090,108.947754,18.615723,-158.020020
1493852625.414472,-0.519531,-0.672852,0.107910,68.969727,-19.165039,-158.081055
1493852625.417268,-0.427246,-0.759277,0.077637,51.879883,-44.799805,-147.033691
1493852625.419901,-0.423340,-0.841309,0.066406,54.504395,-54.504395,-128.723145
1493852625.422464,-0.427734,-0.824219,-0.029297,63.354492,-50.720215,-101.135254
1493852625.425013,-0.476074,-0.826660,-0.060547,70.800781,-38.269043,-87.280273
1493852625.427564,-0.583008,-0.711426,-0.122559,71.838379,-23.986816,-52.062988
1493852625.430186,-0.740234,-0.617188,-0.192383,68.908691,-11.779785,-13.610840
1493852625.432869,-0.656250,-0.493652,-0.161621,47.729492,-6.164551,23.925781
1493852625.435546,-0.669434,-0.332031,-0.220703,56.701660,-4.455566,54.260254
1493852625.438246,-0.666504,-0.213379,-0.194336,51.452637,-6.774902,75.622559
1493852625.440948,-0.659668,-0.100586,-0.197266,47.119141,-9.094238,85.693359
1493852625.443629,-0.646484,-0.062012,-0.098633,44.128418,-10.070801,89.172363
1493852625.446314,-0.664062,-0.019043,-0.171875,44.982910,-7.019043,88.256836
1493852625.449001,-0.626953,0.023438,-0.234863,43.090820,-4.455566,85.388184
1493852625.451687,-0.609375,0.066406,-0.230469,38.818359,1.159668,80.505371
1493852625.454365,-0.585449,0.064453,-0.101074,33.691406,6.286621,73.669434
1493852625.457043,-0.618652,0.070312,-0.144043,27.038574,9.033203,65.917969
1493852625.459677,-0.591797,0.088867,-0.044922,18.249512,11.108398,56.945801
1493852625.462245,-0.601562,0.089355,-0.117676,13.427734,10.498047,47.119141
1493852625.464798,-0.592285,0.119629,-0.088867,8.972168,9.521484,42.175293
1493852625.467345,-0.621582,0.099121,-0.103516,3.601074,8.178711,32.592773
1493852625.469953,-0.585938,0.087891,-0.046387,1.037598,6.774902,24.475098
1493852625.472633,-0.633301,0.080566,-0.119629,-2.258301,5.676270,17.822266
1493852625.475310,-0.636719,0.066406,-0.078125,-6.652832,5.310059,12.023926
1493852625.477990,-0.601074,0.071777,-0.113770,-7.446289,4.699707,6.958008
1493852625.480667,-0.508301,0.024902,-0.072754,-10.742188,3.723145,2.929688
1493852625.483341,-0.601562,0.019531,-0.111328,-16.479492,2.319336,-0.122070
1493852625.486018,-0.578125,0.004395,-0.098633,-21.423340,0.732422,-1.342773
1493852625.488699,-0.625000,0.012207,-0.054199,-26.000977,-0.366211,-1.647949
1493852625.491384,-0.587402,-0.012695,-0.046875,-31.433105,-1.708984,-1.281738
1493852625.494061,-0.593750,-0.034180,-0.106934,-37.231445,-1.525879,0.488281
1493852625.496737,-0.565918,-0.022461,-0.046875,-40.100098,-0.854492,3.906250
1493852625.499413,-0.586914,-0.055176,-0.048340,-45.837402,-1.098633,6.042480
1493852625.502095,-0.546875,-0.094727,-0.099121,-48.950195,-1.892090,7.568359
1493852625.504776,-0.549805,-0.104980,0.087891,-53.283691,-3.784180,10.314941
1493852625.507458,-0.512695,-0.135254,-0.017090,-56.274414,-3.906250,13.000488
1493852625.510085,-0.400391,-0.171387,0.012695,-58.837891,-4.821777,17.578125
1493852625.512633,-0.399902,-0.168945,-0.019531,-63.232422,-4.882812,23.742676
1493852625.515182,-0.589355,-0.192383,-0.026855,-68.420410,-5.920410,27.038574
1493852625.517751,-0.377441,-0.213379,0.050781,-71.411133,-6.835938,33.508301
1493852625.520320,-0.583008,-0.210449,-0.052734,-75.683594,-6.530762,42.175293
1493852625.522871,-0.460938,-0.206543,-0.009277,-76.538086,-7.141113,52.001953
1493852625.525419,-0.416992,-0.175781,0.021973,-78.552246,-5.920410,60.913086
1493852625.527978,-0.453613,-0.177246,-0.075684,-81.420898,-5.615234,69.580078
1493852625.530611,-0.411621,-0.143555,0.012695,-83.312988,-5.493164,78.002930
1493852625.533293,-0.394043,-0.125977,0.004883,-85.205078,-4.577637,86.242676
1493852625.535976,-0.369141,-0.107422,0.018555,-88.623047,-3.356934,93.322754
1493852625.538683,-0.411133,-0.072754,0.096191,-91.247559,-1.159668,98.449707
1493852625.541389,-0.380859,-0.041992,-0.047852,-92.712402,0.549316,103.698730
1493852625.544070,-0.254883,-0.015137,-0.073730,-91.796875,2.380371,107.177734
1493852625.546747,-0.325195,0.007324,0.008301,-93.078613,5.004883,108.581543
1493852625.549431,-0.287109,0.009766,-0.022461,-92.224121,5.615234,107.360840
1493852625.552115,-0.288574,0.030273,-0.021484,-92.468262,8.666992,106.262207
1493852625.554798,-0.328613,0.026367,-0.048340,-90.209961,10.498047,105.895996
1493852625.557590,-0.275391,0.056152,-0.101074,-89.355469,13.549805,104.431152
1493852625.560255,-0.254883,0.027344,-0.034668,-88.500977,15.563965,103.271484
1493852625.562807,-0.261230,0.035156,-0.105469,-89.050293,17.456055,102.478027
1493852625.565363,-0.243652,0.015625,-0.119141,-88.378906,18.798828,103.149414
1493852625.567942,-0.284668,0.031738,-0.058105,-87.829590,20.263672,104.492188
1493852625.570590,-0.270508,0.016602,-0.070801,-89.416504,18.554688,105.285645
1493852625.573272,-0.226562,0.047852,-0.127441,-87.768555,18.127441,107.421875
1493852625.575958,-0.229492,0.008789,-0.089844,-87.219238,18.432617,112.304688
1493852625.578667,-0.342773,0.014648,-0.123047,-86.059570,18.127441,117.187500
1493852625.581374,-0.241211,0.014648,-0.089844,-86.364746,18.127441,121.643066
1493852625.584058,-0.262695,0.019043,-0.205566,-86.669922,17.395020,124.694824
1493852625.586740,-0.211914,-0.011230,-0.250000,-86.669922,17.639160,130.187988
1493852625.589427,-0.229980,-0.018066,-0.112793,-87.341309,18.066406,137.329102
1493852625.592112,-0.125977,-0.007324,-0.106445,-86.608887,18.798828,145.935059
1493852625.594792,-0.226562,-0.014160,-0.187012,-86.669922,19.409180,151.855469
1493852625.597477,-0.212402,0.105957,-0.104980,-87.036133,19.531250,157.104492
1493852625.600173,-0.223633,-0.008301,-0.043945,-87.158203,18.859863,163.879395
1493852625.602859,-0.226074,0.000000,-0.136719,-87.036133,18.676758,170.959473
1493852625.605542,-0.129883,0.000000,-0.111816,-87.402344,20.874023,177.062988
1493852625.608234,-0.265625,0.022461,-0.183594,-86.059570,21.301270,183.776855
1493852625.610857,-0.243652,0.028320,-0.156250,-87.585449,20.690918,189.941406
1493852625.613407,-0.248047,0.052734,-0.106445,-87.890625,21.606445,193.237305
1493852625.615958,-0.237793,0.042480,-0.153809,-88.439941,22.583008,200.439453
1493852625.618546,-0.245117,0.062988,-0.142578,-86.242676,24.536133,208.007812
1493852625.621193,-0.276367,0.067871,-0.136719,-86.914062,25.390625,213.623047
1493852625.623857,-0.219238,0.115234,-0.245605,-87.768555,25.634766,217.529297
1493852625.626523,-0.244141,0.113281,-0.097168,-87.585449,25.939941,220.642090
1493852625.629205,-0.372070,0.123047,-0.106445,-86.730957,26.489258,224.548340
1493852625.631897,-0.233887,0.134277,-0.213867,-84.289551,28.259277,227.355957
1493852625.634576,-0.279785,0.150391,-0.085938,-85.876465,28.808594,231.262207
1493852625.637256,-0.281250,0.177734,-0.248535,-83.068848,29.296875,234.985352
1493852625.639939,-0.242188,0.178711,-0.144531,-82.702637,30.639648,238.342285
1493852625.642624,-0.315918,0.183105,-0.156250,-82.580566,31.799316,242.492676
1493852625.645304,-0.280762,0.218750,-0.185547,-79.406738,32.531738,244.384766
1493852625.648041,-0.315430,0.232422,-0.142578,-78.613281,33.813477,244.262695
1493852625.650766,-0.332031,0.250488,-0.216797,-77.270508,34.484863,244.323730
1493852625.653476,-0.331543,0.247559,-0.166992,-77.453613,35.888672,242.675781
1493852625.656184,-0.347168,0.234375,-0.178711,-74.951172,36.071777,240.722656
1493852625.659674,-0.375977,0.237793,-0.187988,-72.387695,35.888672,237.487793
1493852625.663175,-0.409668,0.238281,-0.203613,-71.350098,35.827637,234.069824
1493852625.665779,-0.416992,0.225586,-0.161621,-71.105957,35.888672,230.346680
1493852625.668386,-0.404297,0.200195,-0.195801,-73.364258,35.705566,226.013184
1493852625.670988,-0.471680,0.203613,-0.255371,-71.838379,36.437988,223.388672
1493852625.673540,-0.453613,0.145020,-0.184570,-72.631836,37.902832,222.106934
1493852625.676097,-0.492676,0.139648,-0.257324,-73.730469,38.940430,222.229004
1493852625.678674,-0.520508,0.020996,-0.172852,-74.829102,38.391113,223.571777
1493852625.681255,-0.490234,0.106934,-0.196777,-75.195312,38.269043,222.717285
1493852625.683809,-0.569824,0.093750,-0.304688,-75.866699,38.757324,225.036621
1493852625.686363,-0.560059,0.089355,-0.182617,-75.988770,39.611816,227.661133
1493852625.688929,-0.585938,0.067871,-0.216309,-78.796387,39.428711,230.041504
1493852625.691489,-0.605469,0.099121,-0.312988,-78.857422,40.100098,231.994629
1493852625.694157,-0.631348,0.077148,-0.324219,-79.711914,40.710449,235.900879
1493852625.696709,-0.638184,0.094238,-0.136230,-82.336426,42.663574,239.746094
1493852625.699286,-0.626953,0.079590,-0.367676,-82.702637,43.518066,241.577148
1493852625.701865,-0.693359,0.055664,-0.128906,-84.594727,44.982910,245.605469
1493852625.704465,-0.653809,0.068359,-0.156738,-87.341309,46.020508,249.267578
1493852625.707021,-0.712402,0.056152,-0.146484,-88.317871,46.630859,252.258301
1493852625.709605,-0.708008,0.085449,-0.255371,-88.806152,48.645020,253.967285
1493852625.712192,-0.692871,0.085449,-0.258301,-91.857910,50.231934,255.310059
1493852625.714751,-0.740234,0.061523,-0.185059,-92.712402,51.208496,257.080078
1493852625.717307,-0.764648,0.073730,-0.287598,-94.970703,52.490234,258.605957
1493852625.719979,-0.794434,0.044922,-0.297363,-96.130371,54.870605,259.094238
1493852625.722726,-0.776855,0.078613,-0.302246,-98.632812,56.823730,259.948730
1493852625.725409,-0.809570,0.064453,-0.289551,-99.548340,57.861328,260.864258
1493852625.728099,-0.827637,0.069336,-0.254883,-102.050781,60.180664,260.498047
1493852625.730791,-0.880859,0.085938,-0.291992,-104.858398,61.035156,259.277344
1493852625.733474,-0.872070,0.091797,-0.314453,-105.346680,60.363770,257.385254
1493852625.736162,-0.957031,0.079590,-0.250000,-104.858398,58.898926,255.920410
1493852625.738843,-0.951660,0.087402,-0.266113,-106.323242,58.105469,254.943848
1493852625.741450,-0.960938,0.054199,-0.285156,-106.933594,58.715820,252.075195
1493852625.744005,-1.003418,0.024902,-0.298828,-104.431152,58.166504,248.779297
1493852625.746560,-1.045898,0.028809,-0.321777,-103.027344,59.570312,245.727539
1493852625.749156,-1.033203,0.010742,-0.271484,-103.515625,60.424805,243.041992
1493852625.751827,-1.065918,-0.012207,-0.350586,-102.905273,59.143066,240.966797
1493852625.754509,-1.099609,0.004395,-0.332520,-103.515625,57.312012,240.234375
1493852625.757194,-1.100098,0.015137,-0.347656,-103.454590,56.274414,239.013672
1493852625.759842,-1.115723,0.007812,-0.253906,-100.402832,55.908203,238.952637
1493852625.762419,-1.125000,0.002441,-0.347168,-98.754883,55.541992,238.647461
1493852625.764971,-1.017578,-0.001465,-0.367676,-98.022461,55.297852,238.281250
1493852625.767526,-1.236328,0.009277,-0.380859,-98.999023,55.419922,237.365723
1493852625.770061,-1.115723,-0.021973,-0.323242,-101.013184,55.175781,236.206055
1493852625.772614,-1.127930,0.001465,-0.311035,-102.172852,55.725098,236.328125
1493852625.775214,-1.239258,-0.035156,-0.311035,-104.248047,58.105469,236.572266
1493852625.777827,-1.087891,-0.030273,-0.331055,-105.529785,58.837891,238.098145
1493852625.780463,-1.160156,-0.033691,-0.359375,-109.619141,59.448242,239.318848
1493852625.783146,-1.112793,-0.049805,-0.418945,-113.037109,59.020996,240.722656
1493852625.785831,-1.150879,-0.040039,-0.272461,-116.455078,59.814453,242.492676
1493852625.788519,-1.142090,-0.051758,-0.281250,-119.140625,59.143066,245.239258
1493852625.791208,-1.205566,-0.034180,-0.333984,-121.337891,59.204102,248.229980
1493852625.793889,-1.214844,-0.035156,-0.315918,-123.413086,58.715820,250.305176
1493852625.796571,-1.215820,-0.000488,-0.286621,-122.924805,58.044434,252.197266
1493852625.799278,-1.148438,0.005371,-0.366699,-122.680664,57.922363,252.746582
1493852625.801986,-1.158691,0.024902,-0.285645,-122.863770,57.739258,253.295898
1493852625.804666,-1.134766,0.024414,-0.308105,-122.070312,58.227539,251.770020
1493852625.807349,-1.132812,0.006836,-0.283203,-120.971680,58.471680,251.281738
1493852625.809973,-1.164551,0.015625,-0.332520,-121.032715,57.983398,249.145508
1493852625.812530,-1.132812,0.050293,-0.404297,-120.483398,56.945801,248.229980
1493852625.815083,-1.169434,0.024902,-0.404297,-120.056152,58.837891,246.948242
1493852625.817632,-1.156738,0.021484,-0.395020,-119.628906,58.166504,245.971680
1493852625.820166,-1.152832,0.015137,-0.421387,-118.774414,59.692383,243.530273
1493852625.822719,-1.170898,-0.112793,-0.453613,-118.835449,59.753418,241.699219
1493852625.825267,-1.156250,-0.028320,-0.436035,-116.699219,59.936523,239.501953
1493852625.827860,-1.128906,-0.063965,-0.433105,-115.112305,61.950684,237.304688
1493852625.830660,-1.114258,-0.078125,-0.478516,-111.694336,62.744141,236.816406
1493852625.833347,-1.142090,-0.079590,-0.421387,-110.290527,63.354492,235.961914
1493852625.836026,-1.035156,-0.102539,-0.375488,-107.360840,64.758301,235.229492
1493852625.838716,-1.113281,-0.077148,-0.466309,-104.431152,66.467285,235.290527
1493852625.841402,-1.099609,-0.060059,-0.399902,-102.233887,69.274902,234.375000
1493852625.844081,-1.144043,-0.086426,-0.407715,-98.327637,69.641113,233.276367
1493852625.846761,-1.123535,-0.065918,-0.419434,-95.092773,70.739746,231.323242
1493852625.849466,-1.232422,-0.081055,-0.317871,-91.125488,72.265625,228.576660
1493852625.852176,-1.142090,-0.054199,-0.289062,-89.233398,73.181152,225.708008
1493852625.854859,-1.122559,-0.055176,-0.311035,-86.791992,74.401855,222.839355
1493852625.857542,-1.164551,-0.051758,-0.275879,-84.838867,75.866699,220.275879
1493852625.860233,-1.220703,-0.051758,-0.267090,-82.885742,74.951172,217.285156
1493852625.862915,-1.183594,-0.030762,-0.288574,-81.542969,74.645996,215.515137
1493852625.865595,-1.222168,-0.028809,-0.192383,-79.223633,73.242188,212.463379
1493852625.868277,-1.246094,-0.050293,-0.212402,-77.636719,69.824219,208.129883
1493852625.870964,-1.253906,-0.075684,-0.209961,-75.866699,67.687988,188.659668
1493852625.873647,-1.242188,-0.067383,-0.212891,-73.913574,64.514160,200.744629
1493852625.876331,-1.357422,-0.106934,-0.110840,-71.350098,62.316895,197.326660
1493852625.879020,-1.234863,-0.237305,-0.205566,-68.847656,58.532715,193.359375
1493852625.881705,-1.220215,-0.138184,-0.168457,-64.086914,54.748535,189.636230
1493852625.884385,-1.214844,-0.178223,-0.090820,-60.791016,51.330566,185.791016
1493852625.887068,-1.181641,-0.194336,-0.205078,-59.143066,49.255371,181.579590
1493852625.889758,-1.032715,-0.206543,-0.225586,-55.297852,46.569824,178.100586
1493852625.892443,-1.159668,-0.249512,-0.194336,-50.415039,44.189453,173.767090
1493852625.895124,-1.109863,-0.224609,-0.278809,-48.583984,41.503906,169.616699
1493852625.897810,-1.082031,-0.233398,-0.289062,-46.508789,39.978027,164.794922
1493852625.900497,-1.052246,-0.302734,-0.185059,-42.968750,38.085938,158.447266
1493852625.903183,-1.021484,-0.334961,-0.184570,-38.696289,36.682129,152.648926
1493852625.905869,-1.031250,-0.332031,-0.240234,-35.949707,36.376953,146.972656
1493852625.908556,-1.011719,-0.354980,-0.152344,-31.555176,35.156250,141.235352
1493852625.911244,-0.955078,-0.375977,-0.236816,-27.282715,33.325195,135.559082
1493852625.913925,-0.974609,-0.374512,-0.220703,-23.010254,32.653809,130.859375
1493852625.916614,-0.969727,-0.402344,-0.166016,-20.019531,31.860352,125.122070
1493852625.919311,-0.933105,-0.372559,-0.144043,-13.244629,29.846191,118.652344
1493852625.922000,-0.843262,-0.296387,-0.205566,-10.253906,24.475098,107.116699
1493852625.924685,-0.868164,-0.308105,-0.160645,-12.268066,19.531250,90.942383
1493852625.927372,-0.851562,-0.330078,-0.044434,-18.493652,13.122559,75.622559
1493852625.930102,-0.891602,-0.397949,-0.061523,-19.226074,10.192871,67.993164
1493852625.932789,-0.978027,-0.453125,-0.019531,-10.620117,10.742188,70.068359
1493852625.935476,-0.983887,-0.448242,-0.123047,3.112793,11.474609,77.087402
1493852625.938167,-0.958496,-0.394043,-0.180664,13.122559,9.216309,84.411621
1493852625.940857,-0.899902,-0.395508,-0.130371,18.310547,3.784180,86.181641
1493852625.943540,-0.997070,-0.345215,-0.041016,21.911621,-1.220703,84.350586
1493852625.946220,-0.847656,-0.315430,-0.062988,28.808594,-5.187988,81.420898
1493852625.948944,-0.773438,-0.138184,-0.121582,34.301758,-7.080078,78.369141
1493852625.951672,-0.745117,-0.215820,-0.049805,37.719727,-8.178711,76.477051
1493852625.954355,-0.690918,-0.196289,-0.116699,39.123535,-6.958008,73.181152
1493852625.957193,-0.648438,-0.161133,-0.106934,37.963867,-4.516602,66.833496
1493852625.959929,-0.654785,-0.110352,-0.005371,34.240723,-3.967285,58.288574
1493852625.962690,-0.605469,-0.115234,-0.062012,31.921387,-4.638672,51.086426
1493852625.965426,-0.531250,-0.091797,-0.095703,29.479980,-3.967285,42.541504
1493852625.968398,-0.623535,-0.057617,-0.083496,29.174805,-1.586914,35.949707
1493852625.971181,-0.594727,-0.038086,-0.085449,29.357910,3.051758,30.151367
1493852625.973772,-0.591309,-0.003418,-0.148926,26.855469,5.249023,26.794434
1493852625.976330,-0.640625,-0.036621,-0.050781,23.193359,7.568359,25.390625
1493852625.978932,-0.615234,-0.015137,-0.102051,21.667480,8.422852,23.742676
1493852625.981607,-0.634277,-0.032715,-0.181152,19.531250,7.995605,21.911621
1493852625.984289,-0.650391,-0.038086,-0.059570,17.578125,5.859375,21.606445
1493852625.986969,-0.640137,-0.040039,-0.064453,18.127441,4.211426,22.216797
1493852625.989619,-0.538574,-0.054199,-0.040527,16.662598,5.371094,24.597168
1493852625.992199,-0.502930,-0.016113,-0.087402,14.282227,8.056641,25.695801
1493852625.994749,-0.592285,0.030762,-0.147461,11.169434,9.765625,24.169922
1493852625.997298,-0.602051,0.009277,-0.044922,10.314941,10.437012,19.958496
1493852625.999920,-0.575195,0.050781,-0.132324,7.019043,11.047363,14.831543
1493852626.002609,-0.528809,0.038574,-0.121582,4.272461,12.023926,9.643555
1493852626.005291,-0.615234,0.031738,-0.032715,1.464844,14.282227,8.178711
1493852626.007987,-0.593750,-0.002930,-0.106445,-1.098633,13.793945,4.943848
1493852626.010617,-0.644043,-0.022949,-0.142578,-3.479004,11.901855,-0.305176
1493852626.013164,-0.627930,-0.021973,-0.102051,-5.310059,11.596680,-5.676270
1493852626.015709,-0.596680,-0.014160,-0.074219,-8.422852,13.732910,-9.765625
1493852626.018283,-0.640625,-0.057129,-0.043457,-11.840820,17.944336,-12.268066
1493852626.020861,-0.621582,-0.026367,-0.113281,-15.686035,19.775391,-16.418457
1493852626.023411,-0.642578,-0.083496,-0.114746,-21.484375,20.996094,-20.446777
1493852626.025962,-0.614746,-0.089844,-0.104980,-22.888184,21.911621,-26.000977
1493852626.028579,-0.635742,-0.127930,-0.074219,-26.000977,21.911621,-31.677246
1493852626.031193,-0.680176,-0.147949,-0.031738,-30.273438,20.507812,-37.231445
1493852626.033744,-0.678711,-0.165527,-0.080078,-33.264160,20.568848,-43.029785
1493852626.036293,-0.712402,-0.216309,-0.033203,-38.452148,22.460938,-48.461914
1493852626.038869,-0.677246,-0.202148,-0.110840,-43.029785,24.658203,-53.955078
1493852626.041445,-0.656250,-0.218262,-0.062988,-47.546387,25.512695,-56.396484
1493852626.043998,-0.656738,-0.261230,-0.026855,-52.490234,26.123047,-61.645508
1493852626.046547,-0.700195,-0.289551,-0.097656,-55.175781,26.672363,-67.565918
1493852626.049203,-0.912109,0.046387,0.238281,-71.777344,21.301270,-72.692871
1493852626.051935,-1.142578,0.291992,-0.763184,-138.549805,-10.742188,-84.716797
1493852626.054619,-0.843262,0.089355,0.387695,-98.876953,23.071289,-100.280762
1493852626.057302,-0.566406,-0.194824,0.201172,-84.838867,99.670410,-112.121582
1493852626.059988,-0.458496,-0.257812,-0.084961,-75.256348,148.437500,-119.812012
1493852626.062676,-0.510254,-0.100586,-0.276855,-56.579590,164.550781,-128.112793
1493852626.065357,-0.657715,0.134766,-0.129883,-43.579102,180.908203,-129.821777
1493852626.068050,-0.854492,0.728516,-0.361328,-24.597168,187.561035,-119.995117
1493852626.070675,-1.115723,1.332520,-0.281738,2.807617,184.875488,-90.820312
1493852626.073224,-1.315918,1.748535,-0.385254,38.269043,167.541504,-46.752930
1493852626.075772,-1.389648,2.022949,-0.376953,57.983398,137.878418,-6.286621
1493852626.078356,-1.374512,2.051270,-0.558105,65.917969,101.745605,5.187988
1493852626.081012,-1.248047,1.842285,-0.358887,58.959961,68.115234,-17.517090
1493852626.083692,-1.147949,1.565918,-0.295898,40.832520,46.325684,-78.613281
1493852626.086375,-1.056641,1.110840,-0.240234,16.723633,40.832520,-174.560547
1493852626.089080,-0.798828,0.470703,-0.021484,-1.037598,43.273926,-265.502930
1493852626.091783,-0.574219,-0.019531,0.083496,-3.112793,46.752930,-292.114258
1493852626.094463,-0.470703,-0.373047,0.046387,10.070801,52.307129,-332.153320
1493852626.097148,-0.543945,-0.522461,0.009277,27.038574,63.781738,-341.552734
1493852626.099855,-0.773438,-0.281250,-0.142578,32.348633,83.923340,-336.181641
1493852626.102563,-1.142090,-0.201172,-0.199219,28.686523,97.839355,-324.584961
1493852626.105379,-1.360352,-0.023926,-0.262695,27.038574,94.482422,-302.490234
1493852626.108069,-1.414551,-0.049316,-0.376953,30.090332,74.951172,-278.015137
1493852626.110755,-1.347656,-0.148438,-0.333984,37.170410,42.053223,-258.544922
1493852626.113435,-1.111816,-0.219727,-0.303711,45.471191,5.065918,-242.858887
1493852626.116112,-1.008789,-0.258789,-0.202148,53.283691,-21.972656,-222.229004
1493852626.118766,-0.881836,-0.212402,-0.077148,56.579590,-32.165527,-201.232910
1493852626.121350,-0.866699,-0.154297,-0.072754,57.067871,-24.719238,-182.922363
1493852626.123901,-0.797852,-0.097656,-0.152832,56.823730,-11.535645,-167.175293
1493852626.126457,-0.782227,-0.045898,-0.179688,58.227539,-5.920410,-153.198242
1493852626.129048,-0.788574,0.017578,-0.230469,59.814453,1.831055,-142.089844
1493852626.131713,-0.867188,0.063965,-0.288574,61.279297,5.004883,-133.850098
1493852626.134399,-0.649414,0.101074,-0.336914,63.781738,2.136230,-125.976562
1493852626.137079,-0.733887,0.207520,-0.356934,65.124512,-3.540039,-117.248535
1493852626.139764,-0.685059,0.277832,-0.382812,65.307617,-9.948730,-110.900879
1493852626.142448,-0.650391,0.336914,-0.439941,63.476562,-18.737793,-105.590820
1493852626.145130,-0.619629,0.376953,-0.427246,60.913086,-26.855469,-103.393555
1493852626.147818,-0.523438,0.416992,-0.443848,57.678223,-33.447266,-100.708008
1493852626.150506,-0.460938,0.423828,-0.350586,56.457520,-37.963867,-99.304199
1493852626.153184,-0.423828,0.397461,-0.395996,52.001953,-39.855957,-100.769043
1493852626.155867,-0.362793,0.370605,-0.404785,47.668457,-40.222168,-102.355957
1493852626.158561,-0.396484,0.369141,-0.447266,42.175293,-37.231445,-106.872559
1493852626.161249,-0.392090,0.335449,-0.409668,35.949707,-31.494141,-111.755371
1493852626.163930,-0.427734,0.332031,-0.490723,27.770996,-27.038574,-118.347168
1493852626.166610,-0.448730,0.468262,-0.361328,21.545410,-24.597168,-125.305176
1493852626.169257,-0.477051,0.347656,-0.289551,15.258789,-22.338867,-130.676270
1493852626.171835,-0.548340,0.316895,-0.386230,12.512207,-21.972656,-134.948730
1493852626.174388,-0.562012,0.315918,-0.302246,7.751465,-21.301270,-139.587402
1493852626.176938,-0.576172,0.265137,-0.256836,5.493164,-22.277832,-142.883301
1493852626.179544,-0.604492,0.242676,-0.294434,4.699707,-23.376465,-145.568848
1493852626.182228,-0.563477,0.214844,-0.231445,0.488281,-22.949219,-150.756836
1493852626.184919,-0.570801,0.198730,-0.210449,0.183105,-22.277832,-156.555176
1493852626.187602,-0.597656,0.141113,-0.224121,1.159668,-20.935059,-160.888672
1493852626.190337,-0.597168,0.111816,-0.171875,1.342773,-19.348145,-163.391113
1493852626.193024,-0.647949,0.086914,-0.247559,2.929688,-18.493652,-165.832520
1493852626.195708,-0.621094,0.093750,-0.138672,0.549316,-16.540527,-164.672852
1493852626.198391,-0.686523,0.041504,-0.058105,3.173828,-17.089844,-161.682129
1493852626.201077,-0.726074,0.013672,-0.150391,6.042480,-17.700195,-155.151367
1493852626.203758,-0.714355,-0.111816,-0.239746,10.131836,-18.615723,-151.855469
1493852626.206438,-0.750977,0.001465,-0.065918,15.136719,-19.958496,-126.892090
1493852626.209127,-0.721680,0.008789,-0.143066,19.958496,-20.751953,-133.117676
1493852626.211817,-0.696777,0.012695,-0.103027,23.986816,-21.240234,-124.084473
1493852626.214500,-0.640137,0.006836,-0.065918,27.404785,-21.545410,-114.074707
1493852626.217186,-0.678223,0.045898,-0.151855,31.188965,-18.432617,-107.238770
1493852626.219832,-0.656738,0.060059,-0.247559,36.071777,-14.770508,-100.402832
1493852626.222414,-0.642578,0.108398,-0.156738,34.118652,-10.803223,-95.520020
1493852626.224967,-0.614258,0.103516,-0.203125,33.386230,-8.728027,-92.895508
1493852626.227520,-0.642090,0.119141,-0.132324,35.400391,-6.530762,-89.904785
1493852626.230128,-0.644531,0.140137,-0.207520,35.827637,-4.882812,-86.853027
1493852626.232809,-0.619141,0.147949,-0.294434,35.949707,-3.051758,-86.181641
1493852626.235485,-0.649902,0.125488,-0.177734,34.729004,-2.380371,-85.083008
1493852626.238169,-0.640625,0.144531,-0.270020,31.860352,-2.563477,-83.923340
1493852626.240854,-0.609863,0.180664,-0.270020,32.165527,-1.708984,-84.838867
1493852626.243647,-0.646484,0.148926,-0.284668,32.104492,-2.563477,-83.190918
1493852626.246327,-0.641113,0.173340,-0.292969,31.738281,-3.051758,-81.665039
1493852626.249011,-0.733887,0.147461,-0.244141,29.663086,-5.554199,-80.566406
1493852626.251694,-0.626465,0.244629,-0.250488,30.151367,-7.019043,-79.284668
1493852626.254373,-0.663574,0.157715,-0.164062,31.250000,-8.178711,-78.979492
1493852626.257051,-0.616699,0.195312,-0.349121,30.212402,-10.559082,-76.782227
1493852626.259701,-0.615723,0.179688,-0.188965,32.043457,-11.840820,-76.232910
1493852626.262282,-0.505371,0.192383,-0.294922,33.020020,-13.061523,-76.477051
1493852626.264837,-0.557617,0.171387,-0.235840,32.836914,-12.939453,-78.063965
1493852626.267390,-0.510742,0.164551,-0.234375,33.630371,-13.488770,-79.772949
1493852626.269940,-0.712891,0.187988,-0.283691,34.606934,-14.038086,-81.909180
1493852626.272489,-0.606934,0.168457,-0.202637,34.973145,-13.244629,-83.496094
1493852626.275037,-0.597656,0.151855,-0.277832,36.315918,-12.268066,-84.106445
1493852626.277585,-0.584961,0.174805,-0.272461,36.560059,-11.962891,-85.021973
1493852626.280190,-0.603027,0.160645,-0.172852,36.193848,-12.145996,-85.754395
1493852626.282869,-0.636230,0.151855,-0.261719,37.658691,-14.892578,-85.876465
1493852626.285575,-0.615234,0.150391,-0.204590,39.794922,-15.380859,-84.960938
1493852626.288281,-0.674316,0.183105,-0.176270,42.541504,-16.967773,-84.350586
1493852626.290984,-0.655762,0.190918,-0.237793,47.058105,-19.348145,-84.289551
1493852626.293664,-0.669434,0.192871,-0.249512,50.598145,-20.202637,-85.266113
1493852626.296348,-0.644531,0.229980,-0.269531,55.053711,-21.789551,-86.669922
1493852626.299051,-0.669434,0.340820,-0.229980,57.067871,-22.888184,-87.707520
1493852626.301750,-0.626953,0.253418,-0.344238,62.561035,-24.963379,-89.782715
1493852626.304432,-0.637695,0.263184,-0.356445,64.575195,-23.986816,-95.581055
1493852626.307115,-0.640625,0.266113,-0.400879,62.866211,-23.986816,-101.989746
1493852626.309747,-0.616699,0.264648,-0.304688,61.157227,-23.376465,-109.008789
1493852626.312312,-0.597168,0.259277,-0.371094,59.753418,-23.559570,-112.548828
1493852626.314862,-0.576660,0.270020,-0.457031,56.457520,-21.606445,-115.295410
1493852626.317411,-0.582031,0.175781,-0.445312,50.231934,-20.141602,-121.337891
1493852626.320025,-0.560059,0.140137,-0.481934,39.611816,-0.122070,-127.746582
1493852626.322710,-0.498535,0.019043,-0.411621,24.353027,-14.953613,-132.019043
1493852626.325393,-0.538574,-0.083008,-0.494629,6.103516,-17.395020,-140.014648
1493852626.328082,-0.562500,-0.168457,-0.272949,-13.916016,-23.986816,-140.258789
1493852626.330774,-0.684570,-0.349609,-0.042480,-29.785156,-36.682129,-137.451172
1493852626.333458,-0.851562,-0.433105,-0.027344,-45.898438,-54.077148,-132.446289
1493852626.336142,-0.923828,-0.445312,-0.151855,-50.048828,-72.021484,-116.760254
1493852626.338825,-0.877930,-0.412598,-0.105469,-48.278809,-80.017090,-81.115723
1493852626.341513,-0.852539,-0.447266,-0.111816,-40.222168,-73.364258,-36.560059
1493852626.344195,-0.736328,-0.368652,-0.169922,-34.118652,-55.175781,-2.502441
1493852626.346874,-0.700684,-0.213379,-0.203613,-30.029297,-38.879395,25.268555
1493852626.349561,-0.682129,-0.079102,-0.279785,-25.207520,-33.203125,44.433594
1493852626.352253,-0.653809,0.050293,-0.334961,-21.484375,-41.381836,38.330078
1493852626.354938,-0.692871,0.093750,-0.188965,-18.615723,-57.189941,20.385742
1493852626.357622,-0.642578,0.128906,-0.181152,-12.634277,-74.523926,23.437500
1493852626.360273,-0.718750,0.119141,-0.122559,-9.826660,-84.594727,7.141113
1493852626.362816,-0.599121,0.096680,-0.117188,-9.948730,-84.655762,-5.554199
1493852626.365359,-0.542480,0.147461,-0.164551,-10.986328,-76.660156,-12.756348
1493852626.367934,-0.559570,0.100586,-0.084961,-17.944336,-70.556641,-13.732910
1493852626.370573,-0.573242,0.058105,-0.173340,-29.113770,-57.006836,-11.596680
1493852626.373239,-0.544434,0.071777,-0.108887,-38.269043,-46.081543,-8.544922
1493852626.375903,-0.601562,0.026855,-0.041504,-43.212891,-36.804199,-9.948730
1493852626.378675,-0.662598,0.039551,-0.045898,-42.480469,-15.991211,-13.549805
1493852626.381331,-0.666992,0.044922,-0.165527,-36.437988,-28.076172,-17.639160
1493852626.384001,-0.721191,0.052246,-0.201172,-29.296875,-26.550293,-21.362305
1493852626.386690,-0.854980,0.062500,-0.186523,-22.460938,-26.611328,-23.681641
1493852626.389379,-0.748535,0.045898,-0.164062,-19.042969,-27.465820,-23.010254
1493852626.392074,-0.764648,0.056152,-0.232422,-16.845703,-29.113770,-20.141602
1493852626.394764,-0.771484,0.029297,-0.210938,-17.395020,-30.883789,-16.174316
1493852626.397450,-0.854492,0.043945,-0.220703,-18.066406,-33.325195,-12.878418
1493852626.400146,-0.720215,0.124512,-0.131836,-17.211914,-36.254883,-10.925293
1493852626.402831,-0.699219,0.009766,-0.070312,-16.845703,-39.306641,-11.108398
1493852626.405447,-0.719727,0.022461,-0.246582,-16.113281,-42.663574,-12.145996
1493852626.408000,-0.669434,0.053711,-0.134766,-14.648438,-45.837402,-13.977051
1493852626.410553,-0.729980,0.034180,-0.034668,-14.038086,-47.180176,-15.686035
1493852626.413103,-0.681152,0.066406,-0.222656,-12.939453,-47.607422,-17.761230
1493852626.415654,-0.704590,0.053711,-0.028809,-11.962891,-47.546387,-20.446777
1493852626.418262,-0.691406,0.043457,-0.171875,-11.169434,-46.875000,-23.010254
1493852626.420875,-0.713379,0.046387,-0.206543,-10.925293,-44.494629,-24.841309
1493852626.423471,-0.697754,0.039062,-0.121582,-11.108398,-40.893555,-26.062012
1493852626.426069,-0.682129,0.040527,-0.226074,-8.605957,-38.391113,-27.160645
1493852626.429142,-0.733398,0.018555,-0.043457,-6.042480,-34.484863,-26.916504
1493852626.432288,-0.724609,0.051758,-0.086914,13.793945,-31.799316,-26.245117
1493852626.434973,-0.745117,0.050293,-0.119141,1.831055,-29.541016,-25.695801
1493852626.437679,-0.673340,0.089844,-0.159668,4.638672,-27.404785,-26.123047
1493852626.440387,-0.706055,0.085938,-0.072266,4.516602,-26.855469,-26.184082
1493852626.443071,-0.714844,0.042480,-0.137695,3.295898,-25.817871,-27.343750
1493852626.445748,-0.713867,0.096680,-0.052734,3.356934,-24.353027,-29.113770
1493852626.448457,-0.690918,0.071777,-0.210449,5.615234,-22.155762,-31.860352
1493852626.451165,-0.686523,0.072754,-0.116211,4.821777,-19.409180,-35.034180
1493852626.453841,-0.628418,0.097168,-0.158691,6.713867,-16.296387,-39.123535
1493852626.456521,-0.648926,0.067871,-0.103516,5.126953,-15.014648,-41.870117
1493852626.459164,-0.650391,0.048340,-0.027344,4.699707,-14.282227,-43.640137
1493852626.461741,-0.670410,0.048828,-0.213867,3.417969,-12.145996,-44.616699
1493852626.464293,-0.692383,0.048340,-0.169922,3.967285,-11.657715,-45.654297
1493852626.466843,-0.687988,0.056152,-0.186523,4.211426,-10.925293,-46.020508
1493852626.469400,-0.688965,0.013184,-0.125000,3.845215,-11.108398,-45.532227
1493852626.471956,-0.675293,-0.117676,-0.178711,4.028320,-12.023926,-44.250488
1493852626.474503,-0.648438,0.124023,-0.171875,2.380371,-12.756348,-43.579102
1493852626.477051,-0.701172,0.016602,-0.197266,3.784180,-13.000488,-42.297363
1493852626.479687,-0.680176,0.040527,-0.238281,3.967285,-12.695312,-41.015625
1493852626.482327,-0.683594,0.019043,-0.204590,2.563477,-13.977051,-40.405273
1493852626.484875,-0.694336,0.037109,-0.067383,-0.305176,-16.113281,-39.916992
1493852626.487421,-0.706055,0.012207,-0.246094,-0.122070,-18.737793,-41.320801
1493852626.490041,-0.691406,-0.016602,-0.186523,0.549316,-18.981934,-41.564941
1493852626.492730,-0.640625,0.012695,-0.183105,8.544922,-16.845703,-42.541504
1493852626.495406,-0.668945,0.020508,-0.071777,13.244629,-14.404297,-43.884277
1493852626.498091,-0.688965,0.046387,-0.100586,10.375977,-14.709473,-44.250488
1493852626.500782,-0.694824,0.039551,-0.099121,4.394531,-15.747070,-43.395996
1493852626.503466,-0.699219,0.025391,-0.117188,2.929688,-17.211914,-43.945312
1493852626.506151,-0.726074,0.011230,-0.084961,6.408691,-16.723633,-45.043945
1493852626.508841,-0.674805,0.013184,-0.144531,11.657715,-16.418457,-45.349121
1493852626.511467,-0.685059,0.029297,-0.077148,13.000488,-15.625000,-45.166016
1493852626.514021,-0.675781,0.013672,-0.086914,11.596680,-15.441895,-45.104980
1493852626.516684,-0.670410,0.013672,-0.137695,8.728027,-16.418457,-45.349121
1493852626.519306,-0.700684,0.023438,-0.148438,9.033203,-16.662598,-44.494629
1493852626.521999,-0.694336,0.030273,-0.220703,10.375977,-16.052246,-43.701172
1493852626.524685,-0.626953,0.026855,-0.144043,12.695312,-16.479492,-43.151855
1493852626.527369,-0.645996,0.009277,-0.069336,13.061523,-16.052246,-43.334961
1493852626.530087,-0.653809,0.124023,-0.159668,12.634277,-15.502930,-43.395996
1493852626.532807,-0.614258,-0.109863,-0.144531,11.657715,-14.709473,-43.945312
1493852626.535492,-0.634277,-0.015137,-0.031738,11.779785,-13.916016,-44.311523
1493852626.538184,-0.599121,0.005859,-0.198730,11.108398,-12.390137,-45.593262
1493852626.540876,-0.611328,-0.008789,-0.171387,10.620117,-11.657715,-45.349121
1493852626.543563,-0.616699,-0.019043,-0.075195,10.253906,-10.375977,-46.142578
1493852626.546316,-0.579590,-0.000488,-0.172852,11.474609,-10.620117,-46.447754
1493852626.549021,-0.578125,-0.005371,-0.154785,10.437012,-10.437012,-47.180176
1493852626.551709,-0.609863,-0.007324,-0.170898,11.840820,-9.277344,-47.302246
1493852626.554391,-0.712402,-0.011230,-0.208496,9.826660,-8.605957,-46.875000
1493852626.557069,-0.606934,-0.020508,-0.131836,10.559082,-9.399414,-46.447754
1493852626.559704,-0.612793,-0.044434,-0.191406,11.230469,-8.972168,-46.997070
1493852626.562269,-0.609375,-0.018066,-0.064453,11.413574,-9.460449,-47.363281
1493852626.564816,-0.647949,-0.004883,-0.240234,11.779785,-9.643555,-46.936035
1493852626.567361,-0.611816,-0.034180,-0.206543,13.305664,-10.314941,-46.386719
1493852626.569980,-0.610840,-0.049805,-0.242188,13.610840,-10.375977,-46.447754
1493852626.572670,-0.586914,-0.011230,-0.159668,11.474609,-10.559082,-46.447754
1493852626.575351,-0.626953,-0.036133,-0.149902,11.718750,-10.437012,-46.020508
1493852626.578045,-0.591797,-0.015137,-0.163574,12.512207,-10.681152,-44.799805
1493852626.580670,-0.577637,-0.029297,-0.110840,11.901855,-10.986328,-44.494629
1493852626.583220,-0.628418,-0.013184,-0.121094,12.451172,-10.375977,-44.677734
1493852626.585772,-0.560059,-0.038086,-0.054688,12.512207,-10.437012,-44.067383
1493852626.588390,-0.574219,-0.022461,-0.128906,10.620117,-10.986328,-43.273926
1493852626.591009,-0.579590,-0.016113,-0.118652,10.864258,-10.253906,-43.273926
1493852626.593560,-0.546875,-0.069824,-0.046387,9.765625,-9.521484,-43.151855
1493852626.596107,-0.583008,-0.035156,-0.163574,8.911133,-8.911133,-43.640137
1493852626.598761,-0.565430,-0.067871,-0.085938,8.483887,-7.995605,-43.457031
1493852626.601484,-0.554688,-0.057617,-0.111328,7.141113,-6.774902,-43.395996
1493852626.604164,-0.537598,-0.086914,-0.069336,7.751465,-6.713867,-42.602539
1493852626.606839,-0.561035,-0.099609,-0.161621,7.751465,-4.577637,-41.442871
1493852626.609478,-0.548828,-0.099609,-0.103516,7.568359,-5.126953,-40.649414
1493852626.612048,-0.571777,-0.063965,-0.109863,8.483887,-5.798340,-39.550781
1493852626.614598,-0.539062,-0.096680,-0.094238,8.056641,-6.225586,-38.330078
1493852626.617147,-0.567871,-0.094727,-0.142578,7.995605,-8.666992,-36.560059
1493852626.619750,-0.546387,-0.087402,-0.095703,10.498047,-8.300781,-35.156250
1493852626.622418,-0.554688,-0.099121,-0.162598,11.169434,-8.544922,-34.912109
1493852626.625085,-0.577637,-0.123047,-0.158203,10.559082,-7.324219,-35.583496
1493852626.627755,-0.522949,-0.124512,-0.242676,11.413574,-6.958008,-35.400391
1493852626.630420,-0.565918,-0.112305,-0.154297,13.122559,-6.835938,-34.729004
1493852626.633084,-0.543945,-0.094238,-0.088867,13.610840,-5.798340,-34.240723
1493852626.635746,-0.544434,-0.097656,-0.182617,10.559082,-5.737305,-33.935547
1493852626.638413,-0.541992,-0.103027,-0.140137,12.329102,-5.004883,-32.958984
1493852626.641081,-0.569824,-0.074219,-0.142090,12.878418,-5.310059,-32.958984
1493852626.643797,-0.522461,-0.081055,-0.244141,11.840820,-5.126953,-32.165527
1493852626.646455,-0.520508,-0.099121,-0.079590,13.610840,-5.615234,-31.494141
1493852626.649005,-0.525391,-0.103027,-0.128418,13.854980,-4.760742,-31.433105
1493852626.651559,-0.619629,-0.108887,-0.091797,13.061523,-4.882812,-30.273438
1493852626.654222,-0.437500,-0.118164,-0.088867,13.732910,-4.699707,-30.273438
1493852626.656771,-0.528809,-0.106934,-0.179688,13.488770,-6.469727,-30.273438
1493852626.659417,-0.548828,-0.120117,-0.030273,11.901855,-10.803223,-27.099609
1493852626.662070,-0.575195,-0.106934,-0.085449,13.610840,-17.883301,-23.071289
1493852626.664663,-0.570801,-0.110840,-0.145996,16.296387,-22.888184,-19.531250
1493852626.667255,-0.575684,-0.114258,-0.113281,20.324707,-22.888184,-18.066406
1493852626.670883,-0.554199,-0.075684,-0.068359,19.958496,-17.028809,-17.272949
1493852626.673434,-0.568359,-0.089355,-0.048828,19.348145,-11.291504,-18.432617
1493852626.675985,-0.556641,-0.060059,-0.136719,16.113281,-8.300781,-21.667480
1493852626.678580,-0.565918,-0.084473,-0.137695,14.038086,-5.187988,-25.573730
1493852626.681170,-0.587402,-0.067383,-0.160156,13.793945,-3.601074,-26.794434
1493852626.683712,-0.561035,-0.088867,-0.104004,13.977051,-3.356934,-26.733398
1493852626.686259,-0.574219,-0.085449,-0.125000,14.648438,-2.258301,-27.465820
1493852626.688807,-0.553711,-0.081055,-0.116211,14.648438,-0.671387,-28.015137
1493852626.691354,-0.574219,-0.094727,-0.083984,13.916016,0.183105,-27.770996
1493852626.693902,-0.583008,-0.079102,-0.154785,13.549805,2.624512,-27.099609
1493852626.696447,-0.593750,-0.096680,-0.113281,13.488770,4.516602,-26.794434
1493852626.699000,-0.706543,-0.082031,-0.108398,13.427734,6.896973,-28.076172
1493852626.701553,-0.595703,-0.083496,-0.065918,13.000488,7.873535,-28.442383
1493852626.704100,-0.532715,-0.073730,-0.088867,11.596680,7.873535,-28.137207
1493852626.706647,-0.730469,-0.069336,-0.126953,11.535645,7.629395,-27.954102
1493852626.709194,-0.637695,-0.065918,-0.039062,11.352539,7.995605,-27.465820
1493852626.711740,-0.516113,-0.065918,-0.074219,11.047363,7.995605,-28.930664
1493852626.714284,-0.537109,-0.079102,-0.106445,11.169434,8.728027,-31.005859
1493852626.716829,-0.638184,-0.057129,-0.079590,10.803223,8.422852,-31.250000
1493852626.719421,-0.652832,-0.091797,-0.058105,11.108398,8.483887,-30.456543
1493852626.722020,-0.560059,-0.104492,-0.070801,11.291504,7.202148,-29.357910
1493852626.724571,-0.657715,-0.087402,-0.123535,11.962891,5.737305,-28.259277
1493852626.727121,-0.678711,-0.101562,-0.119629,13.977051,3.540039,-26.245117
1493852626.729787,-0.678711,-0.080078,-0.081543,16.967773,2.563477,-25.085449
1493852626.732517,-0.704102,-0.087402,-0.081543,16.540527,1.037598,-25.146484
1493852626.735196,-0.728027,-0.100586,-0.186523,15.625000,0.183105,-24.108887
1493852626.737881,-0.735352,-0.091797,-0.119141,19.775391,2.563477,-23.315430
1493852626.740565,-0.694824,-0.055176,-0.101562,18.066406,4.089355,-24.230957
1493852626.743247,-0.731445,-0.057129,-0.176758,18.127441,5.065918,-25.207520
1493852626.745924,-0.782715,-0.013184,-0.144043,18.371582,6.103516,-25.695801
1493852626.748610,-0.729004,0.007324,-0.231934,17.211914,4.272461,-26.428223
1493852626.751296,-0.795898,-0.034668,-0.029297,16.723633,4.028320,-26.672363
1493852626.753973,-0.787598,-0.004883,-0.126953,16.418457,4.394531,-28.137207
1493852626.756653,-0.772461,-0.009277,-0.105469,31.005859,4.638672,-30.151367
1493852626.759310,-0.800781,-0.062988,-0.095703,16.418457,3.845215,-32.287598
1493852626.761897,-0.848633,-0.011230,-0.161621,16.906738,3.784180,-33.203125
1493852626.764449,-0.841309,-0.024902,-0.091797,17.395020,3.173828,-33.996582
1493852626.766998,-0.838379,-0.044434,-0.115234,18.066406,1.770020,-35.461426
1493852626.769552,-0.839355,-0.008301,-0.171875,17.517090,0.610352,-36.315918
1493852626.772105,-0.868164,-0.004883,-0.068359,17.822266,0.244141,-39.794922
1493852626.774651,-0.885742,0.009277,-0.112793,18.371582,0.549316,-42.419434
1493852626.777200,-0.835449,0.117676,-0.106934,18.371582,1.525879,-45.715332
1493852626.779840,-0.907715,0.014648,-0.132324,17.822266,2.868652,-49.499512
1493852626.782482,-0.901855,0.023438,-0.079590,16.235352,2.319336,-50.903320
1493852626.785032,-0.868164,0.029297,-0.075195,16.418457,1.525879,-51.635742
1493852626.787578,-0.918945,0.024902,-0.140625,15.991211,0.000000,-52.734375
1493852626.790282,-0.929199,0.040527,-0.041504,14.770508,-1.159668,-54.870605
1493852626.793057,-0.934570,0.013184,-0.040527,17.456055,-1.708984,-58.959961
1493852626.795767,-0.940430,0.023438,-0.092773,16.052246,-1.708984,-62.744141
1493852626.798490,-0.939453,0.020508,-0.142090,14.587402,-1.098633,-66.406250
1493852626.801176,-0.980469,0.015625,-0.097656,14.221191,-0.854492,-68.786621
1493852626.803859,-0.992676,0.021484,-0.114746,12.390137,-1.281738,-69.458008
1493852626.806541,-0.933105,0.010742,-0.141113,13.305664,-1.586914,-70.861816
1493852626.809223,-0.893555,0.014648,-0.119141,14.099121,-2.502441,-72.814941
1493852626.811906,-0.994141,0.032715,-0.136230,13.244629,-2.929688,-77.087402
1493852626.814589,-0.950195,0.050781,-0.221680,14.221191,-2.746582,-81.420898
1493852626.817266,-0.995605,0.038086,-0.043945,15.625000,-1.586914,-83.923340
1493852626.819892,-0.994141,0.070312,-0.188965,13.549805,0.793457,-88.989258
1493852626.822448,-0.945312,0.090820,-0.180664,13.977051,1.708984,-92.834473
1493852626.824997,-1.027344,0.041016,-0.125488,11.779785,1.525879,-94.116211
1493852626.827544,-1.005859,0.062988,-0.240234,10.986328,0.427246,-94.604492
1493852626.830061,-1.001465,0.069336,-0.187988,11.962891,-0.488281,-98.144531
1493852626.832607,-1.026855,0.085449,-0.132324,12.939453,1.220703,-104.797363
1493852626.835155,-1.019531,0.069824,-0.360840,13.610840,3.234863,-109.741211
1493852626.837777,-1.050293,0.058105,-0.148926,15.258789,2.563477,-110.778809
1493852626.840397,-1.048828,0.080078,-0.220703,17.456055,-1.464844,-113.647461
1493852626.842947,-1.073242,0.080078,-0.356445,21.972656,-1.586914,-117.675781
1493852626.845500,-1.062012,0.106445,-0.235840,25.817871,0.244141,-123.168945
1493852626.848103,-1.062500,0.123535,-0.360840,25.878906,2.807617,-129.394531
1493852626.850775,-1.053711,0.108398,-0.333008,26.184082,5.981445,-134.887695
1493852626.853456,-1.074219,0.113281,-0.315918,29.418945,4.882812,-138.793945
1493852626.856136,-1.075684,0.113770,-0.324707,33.447266,-1.464844,-140.319824
1493852626.858788,-1.067871,0.099121,-0.365234,36.071777,-8.178711,-139.099121
1493852626.861373,-1.067871,0.116211,-0.358398,39.184570,-10.559082,-138.854980
1493852626.863922,-1.062500,0.103516,-0.358398,40.527344,-13.671875,-138.732910
1493852626.866470,-1.093262,0.134277,-0.280762,42.724609,-13.977051,-139.831543
1493852626.869078,-1.065918,0.158203,-0.208984,47.424316,-15.136719,-140.014648
1493852626.871747,-1.087402,0.247559,-0.279785,51.086426,-18.798828,-156.127930
1493852626.874412,-1.241699,0.247559,-0.222168,53.344727,-23.132324,-141.174316
1493852626.877076,-1.143066,0.319824,-0.284668,56.579590,-26.184082,-142.395020
1493852626.879772,-1.151855,0.485840,-0.296387,52.368164,-25.512695,-148.559570
1493852626.882510,-1.177246,0.369141,-0.257324,47.668457,-22.460938,-158.020020
1493852626.885238,-1.194824,0.382324,-0.377930,49.316406,-22.460938,-167.419434
1493852626.887922,-1.159668,0.388672,-0.339355,52.551270,-25.817871,-174.255371
1493852626.890592,-1.106445,0.323242,-0.405762,54.443359,-28.503418,-179.504395
1493852626.893305,-1.158691,0.280762,-0.411621,56.884766,-27.832031,-182.250977
1493852626.896035,-1.068848,0.217773,-0.371094,61.096191,-30.029297,-183.776855
1493852626.898700,-1.084961,0.186523,-0.347656,66.528320,-35.095215,-183.715820
1493852626.901351,-1.097168,0.170898,-0.263184,71.105957,-42.541504,-183.532715
1493852626.904031,-1.087891,0.175781,-0.350586,74.157715,-51.330566,-182.556152
1493852626.906713,-1.062500,0.191406,-0.263672,82.214355,-58.959961,-182.983398
1493852626.909361,-1.108887,0.173340,-0.236816,93.750000,-64.453125,-185.546875
1493852626.911940,-1.054688,0.175293,-0.143066,101.684570,-69.091797,-191.101074
1493852626.914490,-1.094727,0.158691,-0.305664,104.736328,-72.937012,-201.110840
1493852626.917040,-1.103516,0.103027,-0.162109,101.013184,-77.209473,-213.867188
1493852626.919622,-1.103027,0.082520,-0.186523,94.665527,-77.575684,-226.074219
1493852626.922201,-1.073730,0.028320,-0.166504,89.172363,-76.049805,-248.474121
1493852626.924749,-1.116699,0.025391,-0.154297,82.397461,-72.265625,-245.788574
1493852626.927410,-1.117676,0.004883,-0.171875,80.444336,-69.335938,-254.455566
1493852626.930026,-1.142578,0.017578,-0.170898,81.787109,-66.650391,-261.474609
1493852626.932712,-1.160645,0.065918,-0.164551,85.754395,-64.697266,-263.732910
1493852626.935392,-1.023926,0.136719,-0.217773,106.079102,-66.589355,-263.854980
1493852626.938081,-1.115723,0.197266,-0.169922,99.792480,-70.251465,-262.939453
1493852626.940772,-1.096680,0.246582,-0.168945,110.778809,-76.477051,-262.512207
1493852626.943455,-1.054688,0.272949,-0.216309,137.084961,-81.604004,-262.695312
1493852626.946138,-0.896484,0.320801,-0.286621,130.004883,-85.998535,-264.160156
1493852626.948848,-0.926758,0.300293,-0.281738,137.084961,-87.768555,-266.052246
1493852626.951558,-0.910156,0.295898,-0.272461,139.465332,-88.806152,-269.287109
1493852626.954242,-0.806152,0.187012,-0.327637,135.620117,-87.524414,-273.498535
1493852626.956925,-0.816406,0.120605,-0.296387,125.122070,-84.106445,-276.733398
1493852626.959609,-0.742188,0.099121,-0.373047,113.464355,-78.796387,-278.198242
1493852626.962295,-0.700195,0.034180,-0.345703,103.942871,-76.110840,-277.404785
1493852626.964979,-0.708008,-0.012207,-0.242676,98.083496,-68.969727,-275.573730
1493852626.967681,-0.753418,-0.069824,-0.099609,93.444824,-60.119629,-273.681641
1493852626.970314,-0.771484,-0.116699,-0.295898,86.242676,-53.833008,-271.362305
1493852626.972866,-0.782227,-0.167480,-0.140137,81.176758,-51.574707,-269.897461
1493852626.975420,-0.803711,-0.222656,-0.322266,80.078125,-53.039551,-269.653320
1493852626.977981,-0.748047,-0.312012,-0.285645,81.665039,-54.931641,-268.798828
1493852626.980612,-0.794434,-0.349121,-0.263672,82.946777,-54.748535,-268.249512
1493852626.983298,-0.769531,-0.377441,-0.267578,87.951660,-52.429199,-267.822266
1493852626.985981,-0.635742,-0.358398,-0.349121,94.482422,-46.569824,-267.089844
1493852626.988683,-0.763672,-0.341309,-0.248047,101.135254,-39.794922,-265.136719
1493852626.991386,-0.708008,-0.230469,-0.366211,106.872559,-33.386230,-259.521484
1493852626.994071,-0.666992,-0.142090,-0.408203,110.473633,-25.207520,-247.802734
1493852626.996757,-0.666992,-0.075684,-0.385254,113.342285,-17.028809,-232.055664
1493852626.999466,-0.625977,-0.038574,-0.386230,112.182617,-6.713867,-211.181641
1493852627.002169,-0.632324,0.118164,-0.330566,112.426758,3.173828,-189.270020
1493852627.004851,-0.604492,0.053711,-0.324219,116.271973,13.305664,-168.640137
1493852627.007536,-0.600098,0.104980,-0.317871,127.075195,23.132324,-150.451660
1493852627.010235,-0.573730,0.210938,-0.364746,144.531250,30.090332,-134.643555
1493852627.012921,-0.552734,0.268066,-0.313965,178.833008,35.034180,-122.375488
1493852627.015608,-0.544434,0.476562,-0.298340,181.152344,38.574219,-114.257812
1493852627.018284,-0.516602,0.520996,-0.265625,197.937012,40.527344,-109.252930
1493852627.020887,-0.542480,0.558594,-0.163574,216.064453,40.161133,-104.736328
1493852627.023439,-0.546875,0.623535,-0.212402,237.304688,40.222168,-104.797363
1493852627.025990,-0.460449,0.674805,-0.009766,262.084961,45.532227,-107.727051
1493852627.028544,-0.472168,0.639160,0.073242,306.030273,62.866211,-111.633301
1493852627.031097,-0.524414,0.666016,0.247070,349.304199,87.829590,-125.549316
1493852627.033643,-0.818848,0.633301,0.336914,362.731934,110.534668,-149.169922
1493852627.036190,-0.788574,0.408203,0.122070,299.865723,111.755371,-177.246094
1493852627.038825,-0.316406,0.051758,-0.484375,173.339844,62.377930,-198.608398
1493852627.041521,-0.011230,-0.162109,-0.145996,101.318359,-6.896973,-200.805664
1493852627.044181,0.341797,-0.392090,0.284668,-12.390137,-67.871094,-183.715820
1493852627.046848,0.282715,-0.632324,0.364746,-56.335449,-106.079102,-156.860352
1493852627.049520,0.191406,-0.774414,0.309570,-49.743652,-107.238770,-127.563477
1493852627.052193,0.065918,-0.789551,0.100586,-44.616699,-74.340820,-95.397949
1493852627.054860,-0.151367,-0.645996,-0.124023,-63.354492,-37.414551,-55.847168
1493852627.057526,-0.287598,-0.511230,-0.200195,-99.121094,-15.258789,-6.042480
1493852627.060202,-0.476074,-0.344727,-0.416016,-133.789062,7.812500,47.119141
1493852627.062974,-0.587891,-0.236328,-0.386230,-160.583496,12.084961,92.651367
1493852627.065641,-0.618652,-0.168457,-0.464844,-180.297852,5.004883,122.314453
1493852627.068310,-0.644531,-0.122559,-0.462891,-189.086914,-5.432129,136.779785
1493852627.070979,-0.630859,-0.117188,-0.433594,-188.598633,-11.596680,136.474609
1493852627.073647,-0.614746,-0.135742,-0.321777,-179.260254,-12.145996,127.807617
1493852627.076311,-0.556641,-0.165527,-0.344238,-163.330078,-10.009766,121.215820
1493852627.078984,-0.530762,-0.137695,-0.253418,-137.939453,-8.056641,105.957031
1493852627.081652,-0.512695,-0.313477,-0.234863,-111.694336,-8.422852,93.505859
1493852627.084311,-0.477051,-0.328125,-0.219238,-86.120605,-10.375977,84.167480
1493852627.086976,-0.447266,-0.346191,-0.138672,-62.683105,-14.038086,77.392578
1493852627.089679,-0.382324,-0.379883,-0.083984,-40.527344,-16.723633,70.495605
1493852627.092387,-0.354492,-0.339844,-0.146484,-22.521973,-16.479492,62.622070
1493852627.095065,-0.324219,-0.344238,-0.033203,-7.690430,-13.549805,52.062988
1493852627.097746,-0.315918,-0.325684,-0.034668,7.080078,-8.544922,41.564941
1493852627.100427,-0.280762,-0.270996,-0.060059,19.714355,-4.394531,33.325195
1493852627.103104,-0.138184,-0.260742,0.032715,30.822754,-0.488281,28.076172
1493852627.105781,-0.239258,-0.282715,0.010742,35.827637,1.403809,25.634766
1493852627.108478,-0.236328,-0.273438,-0.041504,61.035156,2.624512,25.451660
1493852627.111178,-0.257812,-0.272461,-0.071777,51.147461,4.638672,28.259277
1493852627.113856,-0.229980,-0.320801,0.054199,56.640625,7.568359,31.738281
1493852627.116533,-0.372559,-0.308594,0.004883,65.612793,10.925293,36.010742
1493852627.119217,-0.252930,-0.315918,0.044434,72.021484,13.916016,42.541504
1493852627.121901,-0.281250,-0.267578,0.007324,77.209473,17.883301,48.400879
1493852627.124587,-0.271484,-0.244141,0.041504,80.993652,22.827148,55.175781
1493852627.127270,-0.315430,-0.227539,0.014160,81.848145,24.108887,62.500000
1493852627.129901,-0.471191,-0.171387,0.079102,80.322266,26.794434,69.458008
1493852627.132460,-0.354492,-0.181152,0.043945,77.392578,28.198242,75.805664
1493852627.135006,-0.254883,-0.147461,0.031738,72.692871,27.954102,82.214355
1493852627.137556,-0.481445,-0.144531,0.101074,68.542480,26.794434,85.693359
1493852627.140177,-0.432617,-0.137695,0.049805,61.523438,25.573730,92.590332
1493852627.142867,-0.417969,-0.130859,0.119141,53.222656,24.902344,98.937988
1493852627.145556,-0.400391,-0.177246,0.146973,45.715332,24.291992,105.529785
1493852627.148178,-0.382324,-0.166504,0.112793,40.405273,22.460938,111.267090
1493852627.150737,-0.363281,-0.159668,0.099121,36.682129,21.301270,116.821289
1493852627.153289,-0.344727,-0.168457,0.161621,27.343750,20.080566,122.314453
1493852627.155838,-0.364258,-0.168945,0.100586,19.775391,18.859863,127.075195
1493852627.158463,-0.354492,-0.156250,0.083496,11.840820,0.671387,131.774902
1493852627.161137,-0.346191,-0.140625,0.044434,0.610352,14.709473,137.939453
1493852627.163842,-0.323730,-0.157227,0.097656,-8.728027,14.831543,145.874023
1493852627.166545,-0.319824,-0.184570,0.087402,-16.601562,15.319824,153.198242
1493852627.170233,-0.294434,-0.164062,0.060059,-25.390625,16.784668,160.156250
1493852627.172795,-0.310059,-0.184570,0.109375,-32.226562,19.165039,166.687012
1493852627.175350,-0.311035,-0.151367,-0.018555,-34.790039,21.667480,172.973633
1493852627.177930,-0.318359,-0.144531,0.036621,-35.949707,24.902344,180.297852
1493852627.180583,-0.293945,-0.136719,-0.048828,-40.466309,28.137207,185.791016
1493852627.183271,-0.269531,-0.112793,0.010742,-42.480469,31.372070,190.063477
1493852627.185958,-0.267090,-0.005371,0.015137,-43.701172,34.606934,194.458008
1493852627.188669,-0.261719,-0.114258,-0.043945,-42.480469,38.208008,197.021484
1493852627.191378,-0.235352,-0.072754,-0.077637,-43.640137,43.029785,197.998047
1493852627.194061,-0.171387,-0.071289,0.008789,-44.616699,61.584473,198.608398
1493852627.196744,-0.239258,-0.040039,-0.083496,-44.006348,51.025391,200.439453
1493852627.199411,-0.239746,0.007812,-0.031250,-45.288086,55.358887,200.134277
1493852627.202117,-0.237305,0.019531,-0.054688,-45.776367,58.654785,198.120117
1493852627.204669,-0.263672,0.034180,-0.064453,-45.104980,62.438965,194.519043
1493852627.207224,-0.214844,0.067871,-0.036133,-45.898438,65.612793,192.504883
1493852627.209781,-0.263672,0.043945,-0.067871,-45.898438,69.030762,190.612793
1493852627.212338,-0.289551,0.056641,-0.050781,-48.156738,72.692871,190.063477
1493852627.214894,-0.302734,0.042480,0.064453,-50.292969,75.561523,188.598633
1493852627.217449,-0.318848,0.058105,-0.013672,-51.940918,78.308105,188.598633
1493852627.220164,-0.310547,0.070801,-0.036133,-54.016113,79.895020,188.537598
1493852627.222721,-0.346680,0.052734,-0.025391,-56.030273,81.054688,189.819336
1493852627.225275,-0.451172,0.052734,-0.056641,-58.227539,83.496094,191.406250
1493852627.227912,-0.360352,0.046875,0.002441,-61.157227,84.533691,193.115234
1493852627.230624,-0.479492,0.058594,-0.014648,-64.147949,84.899902,196.166992
1493852627.233297,-0.351562,0.034668,-0.092773,-66.955566,85.815430,200.866699
1493852627.235962,-0.395508,0.056641,-0.060547,-68.664551,85.266113,205.078125
1493852627.238627,-0.392090,0.061523,-0.002930,-72.326660,85.144043,211.364746
1493852627.241298,-0.361328,0.078613,0.016113,-76.965332,85.815430,216.857910
1493852627.243967,-0.410156,0.085449,-0.043457,-79.833984,85.754395,219.421387
