1493852616.627256,-0.491699,0.241211,-0.166016,-24.291992,53.588867,277.099609
1493852616.629935,-0.522461,0.134277,-0.180664,-25.634766,54.687500,278.747559
1493852616.632625,-0.547852,0.250488,-0.202148,-25.695801,56.884766,279.418945
1493852616.635228,-0.532715,0.253906,-0.203613,-23.681641,58.471680,280.822754
1493852616.637786,-0.603516,0.221680,-0.218750,-23.437500,59.265137,282.287598
1493852616.640341,-0.598633,0.254883,-0.189453,-24.475098,60.913086,283.691406
1493852616.642960,-0.589844,0.220215,-0.187988,-23.376465,60.974121,286.193848
1493852616.645582,-0.656250,0.245605,-0.128906,-23.498535,61.645508,288.513184
1493852616.648160,-0.611328,0.246094,-0.132324,-22.705078,63.415527,290.100098
1493852616.650735,-0.669434,0.223633,-0.246094,-21.667480,66.162109,293.701172
1493852616.653342,-0.684570,0.233398,-0.305664,-23.498535,67.565918,296.997070
1493852616.655953,-0.685547,0.235840,-0.199219,-23.315430,70.434570,299.499512
1493852616.658684,-0.710449,0.217773,-0.223633,-23.864746,72.204590,302.307129
1493852616.661618,-0.707031,0.233887,-0.159668,-26.367188,75.073242,304.687500
1493852616.664535,-0.636719,0.216309,-0.246094,-25.329590,76.660156,308.166504
1493852616.667248,-0.772949,0.214844,-0.295898,-28.442383,78.552246,309.448242
1493852616.669918,-0.806641,0.219238,-0.212891,-30.090332,80.139160,312.683105
1493852616.672660,-0.829590,0.208984,-0.223633,-28.625488,81.115723,313.781738
1493852616.675349,-0.862305,0.223633,-0.241211,-27.526855,81.298828,316.345215
1493852616.678061,-0.890625,0.207031,-0.238770,-26.672363,81.420898,318.786621
1493852616.680777,-0.955078,0.243652,-0.158203,-26.062012,81.848145,321.044922
1493852616.683463,-0.949219,0.259277,-0.296387,-26.672363,82.214355,322.509766
1493852616.686146,-0.903320,0.255371,-0.261230,-26.428223,83.618164,323.120117
1493852616.688865,-1.052246,0.296387,-0.306152,-25.695801,86.608887,322.998047
1493852616.691586,-1.105469,0.283203,-0.368652,-26.245117,89.416504,320.312500
1493852616.694274,-1.160645,0.275391,-0.340820,-23.864746,91.857910,316.162109
1493852616.696958,-1.180664,0.274902,-0.235840,-23.071289,94.238281,312.255859
1493852616.699630,-1.251465,0.295898,-0.357422,-20.507812,94.909668,309.204102
1493852616.702239,-1.285156,0.326172,-0.331055,-17.883301,94.299316,304.748535
1493852616.704792,-1.444824,0.324219,-0.341797,-18.066406,93.566895,302.429199
1493852616.707343,-1.403809,0.301270,-0.366699,-20.446777,93.444824,299.621582
1493852616.709898,-1.450684,0.283203,-0.288574,-20.446777,94.116211,296.691895
1493852616.712456,-1.476562,0.255371,-0.404785,-19.653320,98.083496,292.358398
1493852616.715007,-1.531250,0.154785,-0.364746,-24.658203,104.431152,287.536621
1493852616.717557,-1.621094,0.072754,-0.371094,-25.817871,111.999512,284.362793
1493852616.720194,-1.555664,-0.032227,-0.359375,-26.245117,121.887207,278.320312
1493852616.722747,-1.639160,-0.136719,-0.454590,-28.747559,131.530762,272.705078
1493852616.725295,-1.744141,-0.219238,-0.439941,-29.907227,138.305664,269.104004
1493852616.727845,-1.718750,-0.325195,-0.475098,-33.264160,138.854980,269.897461
1493852616.730401,-1.865234,-0.353027,-0.568848,-38.269043,137.756348,275.268555
1493852616.732954,-1.806152,-0.421875,-0.445312,-41.503906,131.408691,284.851074
1493852616.735506,-1.827637,-0.440430,-0.532715,-42.114258,126.098633,293.273926
1493852616.738080,-1.806152,-0.443359,-0.495117,-41.381836,125.122070,311.767578
1493852616.740721,-1.796875,-0.474121,-0.476562,-39.245605,124.633789,299.133301
1493852616.743406,-1.751953,-0.487793,-0.513184,-38.879395,125.061035,300.354004
1493852616.746091,-1.731445,-0.474121,-0.434082,-41.625977,125.427246,303.161621
1493852616.748779,-1.668945,-0.502441,-0.393066,-42.724609,125.427246,307.434082
1493852616.751469,-1.586914,-0.532715,-0.276855,-45.349121,126.770020,310.119629
1493852616.754151,-1.565430,-0.527344,-0.248047,-46.508789,130.371094,307.312012
1493852616.756831,-1.470215,-0.576172,-0.121582,-46.630859,137.939453,295.898438
1493852616.759520,-1.450684,-0.578125,-0.131836,-50.109863,146.789551,280.151367
1493852616.762207,-1.463867,-0.564453,-0.206543,-50.598145,151.428223,268.981934
1493852616.765027,-1.556152,-0.561035,-0.091797,-48.706055,149.841309,267.272949
1493852616.767714,-1.676758,-0.580078,-0.166016,-46.447754,141.601562,272.521973
1493852616.770328,-1.701172,-0.576172,-0.120605,-46.081543,130.676270,281.921387
1493852616.772971,-1.783691,-0.670898,-0.028320,-42.297363,121.154785,288.818359
1493852616.775527,-1.777832,-0.721191,-0.026855,-34.790039,116.149902,294.433594
1493852616.778100,-1.735840,-0.740234,0.111816,-24.780273,115.661621,294.311523
1493852616.780671,-1.696777,-0.743652,-0.048340,-16.418457,113.159180,283.874512
1493852616.783221,-1.580078,-0.707031,-0.086426,-18.859863,108.154297,263.610840
1493852616.785819,-1.519531,-0.760742,0.175293,-26.672363,102.844238,235.717773
1493852616.788719,-1.460938,-0.810059,0.134277,-36.437988,99.304199,214.172363
1493852616.791643,-1.411621,-0.913574,0.246094,-44.616699,99.914551,195.800781
1493852616.794327,-1.403320,-1.024902,0.094727,-52.551270,103.149414,183.288574
1493852616.797009,-1.429688,-1.103027,0.066406,-62.866211,106.323242,175.231934
1493852616.799697,-1.438965,-1.322266,0.034180,-75.744629,104.492188,169.372559
1493852616.802385,-1.409180,-1.445801,0.092773,-89.355469,100.097656,161.437988
1493852616.805066,-1.377930,-1.587891,0.163574,-96.130371,93.261719,150.695801
1493852616.807754,-1.321289,-1.744141,0.044434,-100.585938,86.364746,135.864258
1493852616.810447,-1.222168,-1.845215,0.119141,-98.083496,78.674316,120.544434
1493852616.813128,-1.119629,-1.952637,0.187012,-91.430664,70.312500,104.980469
1493852616.815806,-1.060059,-2.111328,0.259277,-82.824707,61.828613,80.993652
1493852616.818475,-0.996582,-1.977539,0.151855,-71.716309,51.879883,66.711426
1493852616.821077,-0.940918,-1.880371,0.263672,-62.316895,41.259766,68.908691
1493852616.823631,-0.878906,-1.787109,0.369141,-54.687500,34.240723,54.260254
1493852616.826185,-0.932617,-1.669922,0.258789,-51.269531,27.648926,38.818359
1493852616.828742,-0.864746,-1.253418,0.182129,-48.095703,21.362305,15.686035
1493852616.831296,-0.761230,-1.017578,0.084473,-52.917480,18.310547,-37.780762
1493852616.833846,-0.651855,-0.836426,0.144043,-66.284180,15.930176,-115.234375
1493852616.836396,-0.860840,-1.496094,0.275391,-70.129395,-5.432129,-170.104980
1493852616.839006,-1.108887,-1.695801,0.128418,-53.100586,-39.306641,-170.227051
1493852616.841621,-1.198242,-1.611328,0.079590,-40.466309,-57.739258,-145.812988
1493852616.844171,-1.216797,-1.330078,0.034668,-59.082031,-48.217773,-146.057129
1493852616.846722,-1.505371,-1.189453,-0.269531,-85.937500,-37.658691,-141.906738
1493852616.849392,-1.495605,-1.096680,0.240234,-55.725098,-15.258789,-146.484375
1493852616.852129,-1.330078,-0.950195,0.272949,-23.254395,14.038086,-148.864746
1493852616.854807,-1.148438,-0.750977,0.172852,-2.990723,34.118652,-148.620605
1493852616.857485,-0.912109,-0.794922,0.499512,-29.602051,43.457031,-146.484375
1493852616.860115,-0.727539,-0.670410,0.378418,-16.967773,59.936523,-135.070801
1493852616.862744,-0.654297,-0.403320,0.341797,2.258301,91.430664,-112.976074
1493852616.865371,-0.688965,0.017090,0.148438,36.499023,126.281738,-85.754395
1493852616.868073,-0.955566,0.553711,0.265137,64.331055,143.676758,-58.532715
1493852616.870829,-1.136719,1.351074,-0.010254,66.406250,152.404785,-27.648926
1493852616.873793,-1.691406,2.136719,0.045410,57.495117,113.525391,4.150391
1493852616.876754,-2.610352,2.846680,-0.052246,73.974609,100.952148,25.756836
1493852616.879421,-2.459473,2.607910,-0.268066,49.743652,72.326660,16.784668
1493852616.882013,-1.499512,2.135254,-0.621582,-7.812500,12.451172,-47.729492
1493852616.884854,-0.457031,1.643066,-0.728516,-40.344238,-73.852539,-136.291504
1493852616.887725,0.002441,1.087891,-0.380371,-71.533203,-164.672852,-230.651855
1493852616.890369,0.206543,0.653320,-0.091309,-36.437988,-233.703613,-326.171875
1493852616.893049,0.001953,0.236328,0.101562,4.943848,-260.192871,-418.395996
1493852616.895730,0.005371,-0.130371,0.311035,16.235352,-244.201660,-505.676270
1493852616.898418,-0.127441,-0.635742,0.522461,1.281738,-188.781738,-579.711914
1493852616.901231,-0.315430,-0.945312,0.670410,6.164551,-117.126465,-630.432129
1493852616.903913,-0.373535,-1.158203,0.658691,-13.122559,-43.884277,-644.226074
1493852616.906599,-0.680176,-1.178711,0.468262,-4.028320,15.380859,-620.605469
1493852616.909245,-1.052246,-1.190430,0.162109,-7.690430,46.752930,-569.580078
1493852616.911823,-1.363281,-1.119141,0.121094,2.258301,57.128906,-507.019043
1493852616.914371,-1.665039,-1.088867,-0.036621,13.244629,58.166504,-443.359375
1493852616.916919,-1.813965,-1.046875,-0.197266,39.428711,40.893555,-377.319336
1493852616.919498,-1.856934,-0.890137,-0.353516,75.134277,2.441406,-303.527832
1493852616.922075,-1.736328,-0.831543,-0.404297,101.867676,-38.085938,-232.727051
1493852616.924624,-1.567383,-0.618652,-0.298828,116.333008,-70.800781,-184.387207
1493852616.927176,-1.284668,-0.364746,-0.318359,121.398926,-92.041016,-110.290527
1493852616.929785,-1.049805,-0.224121,-0.222168,125.793457,-95.031738,-46.875000
1493852616.932399,-0.912109,-0.016113,-0.392578,135.253906,-89.416504,-4.028320
1493852616.934949,-0.654785,0.158691,-0.555176,141.906738,-66.345215,17.517090
1493852616.937498,-0.484863,0.284668,-0.777832,142.517090,-65.612793,23.315430
1493852616.940234,-0.292480,0.412109,-0.980957,137.207031,-48.767090,13.122559
1493852616.942920,-0.136719,0.520996,-1.119141,86.975098,-37.109375,-14.648438
1493852616.945605,-0.122070,0.579590,-1.119629,41.259766,-37.658691,-59.326172
1493852616.948298,-0.168457,0.611816,-1.097168,-14.526367,-48.767090,-113.647461
1493852616.950991,-0.267578,0.554199,-0.755371,-70.312500,-70.739746,-172.851562
1493852616.953676,-0.394531,0.359375,-0.367676,-107.849121,-93.200684,-220.031738
1493852616.956357,-0.580078,0.095703,-0.186523,-123.474121,-115.844727,-246.520996
1493852616.959071,-0.626465,-0.244141,-0.043945,-128.845215,-131.286621,-247.985840
1493852616.961786,-0.675293,-0.370117,0.120605,-130.004883,-134.399414,-224.304199
1493852616.964470,-0.765137,-0.621582,0.236328,-124.755859,-126.708984,-193.115234
1493852616.967153,-0.782715,-0.671387,0.085449,-111.145020,-107.238770,-160.705566
1493852616.969817,-0.792480,-0.685059,0.033691,-92.224121,-84.106445,-123.291016
1493852616.972415,-0.798340,-0.652832,-0.009766,-75.927734,-67.932129,-96.923828
1493852616.974968,-0.783203,-0.572266,-0.117676,-68.603516,-61.340332,-61.828613
1493852616.977601,-0.826172,-0.506836,-0.046875,-66.772461,-65.612793,-43.457031
1493852616.980283,-0.840820,-0.250977,-0.064453,-65.856934,-79.833984,-31.372070
1493852616.982833,-0.843262,-0.285156,-0.026367,-61.279297,-96.740723,-21.179199
1493852616.985383,-0.839355,-0.206543,0.084961,-53.771973,-102.416992,-12.268066
1493852616.988026,-0.736328,-0.002441,0.139648,-39.367676,-106.628418,-0.061035
1493852616.990723,-0.682129,-0.049805,0.107422,-24.230957,-85.632324,14.038086
1493852616.993649,-0.642578,0.008789,0.062988,-8.728027,-84.228516,23.559570
1493852616.996595,-0.560059,0.062500,-0.016602,-1.159668,-55.725098,25.878906
1493852616.999284,-0.450195,0.125488,-0.021484,-4.638672,-41.137695,18.981934
1493852617.001971,-0.446777,0.156250,-0.002930,-29.113770,-30.639648,5.798340
1493852617.004660,-0.460449,0.177734,0.103516,-20.263672,-24.780273,-11.718750
1493852617.007343,-0.530762,0.151855,-0.001465,-22.644043,-19.287109,-27.709961
1493852617.010028,-0.558105,0.174805,0.026367,-21.850586,-11.596680,-40.100098
1493852617.012714,-0.509277,0.144043,-0.022949,-20.874023,-1.464844,-48.645020
1493852617.015396,-0.731934,0.109375,-0.071777,-18.432617,4.394531,-52.124023
1493852617.018087,-0.620605,0.075195,-0.096680,-20.446777,28.564453,-52.307129
1493852617.020781,-0.685547,0.028320,-0.197266,-24.169922,19.287109,-48.522949
1493852617.023467,-0.712402,0.015625,-0.211914,-24.108887,22.094727,-43.029785
1493852617.026151,-0.693359,0.004883,-0.207031,-25.329590,2.136230,-38.635254
1493852617.028821,-0.627930,0.124023,-0.111328,-26.672363,10.009766,-33.203125
1493852617.031430,-0.765625,-0.119629,-0.182617,-26.611328,2.197266,-28.015137
1493852617.033981,-0.743164,0.003418,-0.085938,-22.460938,-4.394531,-25.634766
1493852617.036528,-0.726074,0.014648,-0.121094,-19.042969,-7.751465,-21.484375
1493852617.039217,-0.715820,0.036621,-0.035645,-17.456055,-6.530762,-19.104004
1493852617.041789,-0.646484,0.044434,-0.214844,-17.883301,-5.004883,-17.333984
1493852617.044338,-0.654297,0.013184,-0.192383,-17.944336,-3.662109,-16.845703
1493852617.046889,-0.629883,0.037109,-0.124512,-17.517090,-2.929688,-15.625000
1493852617.049559,-0.623535,0.017090,-0.016113,-17.211914,-1.770020,-15.319824
1493852617.052302,-0.614258,0.025391,-0.154297,-17.089844,-0.793457,-16.723633
1493852617.054986,-0.591797,-0.000488,-0.183105,-18.188477,-0.610352,-16.967773
1493852617.057672,-0.628418,0.120117,-0.138672,-15.502930,1.281738,-18.432617
1493852617.060288,-0.634766,0.023438,-0.159668,-15.136719,1.647949,-17.517090
1493852617.062837,-0.652344,-0.102539,-0.143066,-14.465332,1.098633,-16.662598
1493852617.065391,-0.685059,0.008789,-0.093262,-12.329102,0.488281,-14.343262
1493852617.068250,-0.651855,0.120117,-0.205566,-10.925293,1.098633,-11.657715
1493852617.071170,-0.674805,-0.011230,-0.187012,-9.521484,-15.197754,-10.009766
1493852617.074092,-0.718262,0.019043,-0.243652,-5.493164,-0.671387,-6.652832
1493852617.077033,-0.719727,0.023438,-0.019531,-3.601074,-3.601074,-5.065918
1493852617.079715,-0.744141,0.021484,-0.244141,14.343262,-5.310059,-2.746582
1493852617.082402,-0.675293,0.043457,-0.177246,1.647949,-6.225586,-0.671387
1493852617.085077,-0.702148,0.044434,-0.085449,5.493164,-6.530762,-0.366211
1493852617.087757,-0.663574,0.050293,-0.067383,6.469727,-6.896973,0.915527
1493852617.090438,-0.651855,0.045898,-0.123535,8.239746,-6.286621,1.037598
1493852617.093113,-0.699219,0.051758,-0.122559,8.972168,-5.432129,0.305176
1493852617.095790,-0.700195,0.051758,-0.127930,10.559082,-4.760742,-1.098633
1493852617.098455,-0.651855,0.089844,-0.130859,10.375977,-2.319336,-2.807617
1493852617.101051,-0.649902,0.046875,-0.046875,10.620117,-0.183105,-4.089355
1493852617.103600,-0.642090,0.069336,-0.141113,10.681152,1.770020,-6.347656
1493852617.106147,-0.668945,0.048828,-0.168945,10.375977,3.723145,-6.347656
1493852617.108720,-0.632812,0.040527,-0.139648,10.559082,4.455566,-6.896973
1493852617.111298,-0.686523,0.068359,-0.205566,10.131836,5.249023,-7.141113
1493852617.113847,-0.658691,0.025391,-0.117188,9.155273,3.784180,-7.446289
1493852617.116393,-0.674805,0.028320,-0.187012,9.033203,0.549316,-6.530762
1493852617.118969,-0.673340,0.009277,-0.173828,9.521484,-1.403809,-5.554199
1493852617.121548,-0.712402,0.012695,-0.205566,10.192871,-6.530762,-3.967285
1493852617.124094,-0.684570,0.034668,-0.227051,14.282227,-11.047363,-2.685547
1493852617.126646,-0.719238,-0.018555,-0.135254,14.892578,-14.953613,-1.098633
1493852617.129245,-0.683594,0.001465,-0.185547,17.395020,-18.920898,0.854492
1493852617.131907,-0.699219,0.118652,-0.228516,16.784668,-21.118164,3.051758
1493852617.134574,-0.716309,0.034668,-0.180664,18.310547,-23.254395,3.906250
1493852617.137242,-0.677246,0.043945,-0.245605,18.371582,-25.695801,4.577637
1493852617.139914,-0.649902,0.055664,-0.244629,19.470215,-27.038574,4.577637
1493852617.142587,-0.634766,0.060059,-0.099609,20.568848,-27.587891,4.821777
1493852617.145252,-0.641113,0.054688,-0.125000,21.728516,-27.404785,3.906250
1493852617.147924,-0.506348,0.046387,-0.137695,23.498535,-26.306152,2.380371
1493852617.150597,-0.644531,0.057617,-0.216309,25.207520,-23.193359,0.732422
1493852617.153265,-0.627930,0.054199,-0.084961,26.306152,-20.935059,-1.647949
1493852617.155933,-0.631348,0.061523,-0.049805,25.756836,-20.324707,-3.356934
1493852617.158603,-0.630371,0.078613,-0.115234,23.193359,-20.690918,-5.432129
1493852617.161272,-0.520996,0.094238,-0.157715,23.498535,-19.592285,-5.859375
1493852617.163939,-0.640625,0.072266,-0.046387,23.193359,-18.493652,-6.713867
1493852617.166605,-0.621582,0.072266,-0.111328,24.658203,-17.395020,-7.141113
1493852617.169250,-0.594727,0.054199,-0.234375,23.925781,-15.808105,-7.385254
1493852617.171835,-0.642090,0.058105,-0.062500,24.719238,-15.502930,-8.789062
1493852617.174384,-0.658203,0.052246,-0.164062,22.460938,-16.479492,-9.582520
1493852617.177062,-0.654297,0.048340,-0.204590,23.925781,-16.601562,-10.009766
1493852617.179706,-0.636230,0.087402,-0.154785,23.071289,-17.089844,-10.620117
1493852617.182418,-0.639160,0.069824,-0.118652,21.789551,-17.639160,-10.498047
1493852617.185138,-0.621582,0.053711,-0.155762,18.310547,-17.944336,-11.413574
1493852617.188197,-0.646973,0.052246,-0.075195,18.737793,-18.920898,-12.634277
1493852617.191217,-0.642578,0.075684,-0.120605,18.676758,-18.737793,-14.892578
1493852617.193905,-0.630859,0.066406,-0.145020,18.615723,-19.531250,-15.625000
1493852617.196591,-0.636719,0.021484,-0.141113,19.104004,-19.714355,-15.075684
1493852617.199315,-0.673340,-0.099609,-0.048828,20.385742,-21.972656,-14.892578
1493852617.202035,-0.687988,0.011230,-0.131836,20.751953,-24.719238,-14.770508
1493852617.204700,-0.680664,0.015137,-0.185547,23.132324,-29.052734,-14.526367
1493852617.207371,-0.646973,0.034668,-0.128418,22.705078,-32.775879,-14.831543
1493852617.210105,-0.659668,0.050781,-0.132812,23.925781,-34.301758,-14.648438
1493852617.212840,-0.666504,0.050293,-0.143066,21.911621,-34.851074,-14.343262
1493852617.215507,-0.666504,0.044434,-0.130859,22.216797,-34.179688,-13.671875
1493852617.218169,-0.740234,0.061523,-0.144531,22.583008,-33.325195,-13.671875
1493852617.220790,-0.547363,0.056641,-0.133301,20.935059,-33.447266,-15.441895
1493852617.223358,-0.633301,0.046387,-0.140625,20.568848,-31.982422,-16.723633
1493852617.225905,-0.623535,0.046387,-0.087402,21.728516,-31.494141,-18.432617
1493852617.228481,-0.527344,0.065918,-0.154297,21.667480,-30.212402,-20.690918
1493852617.231055,-0.626953,0.051758,-0.147461,21.057129,-30.090332,-22.216797
1493852617.233608,-0.695312,0.019043,-0.111816,20.080566,-30.212402,-24.353027
1493852617.236160,-0.660156,0.054199,-0.154785,21.240234,-30.334473,-25.329590
1493852617.238726,-0.637695,0.066406,-0.154297,19.836426,-29.296875,-26.367188
1493852617.241295,-0.666504,0.029297,-0.050781,19.897461,-27.709961,-26.733398
1493852617.243847,-0.661621,0.041504,-0.154785,20.263672,-26.794434,-27.343750
1493852617.246394,-0.525879,0.031738,-0.117188,21.179199,-25.207520,-28.381348
1493852617.249001,-0.644043,0.062012,-0.126953,20.629883,-24.414062,-28.930664
1493852617.251614,-0.667480,0.031738,-0.084961,21.240234,-22.399902,-29.113770
1493852617.254167,-0.621094,0.019043,-0.095215,20.568848,-21.606445,-28.686523
1493852617.256718,-0.676758,0.039551,-0.138672,20.812988,-20.812988,-27.648926
1493852617.259339,-0.624512,0.013672,-0.121094,21.484375,-21.301270,-26.733398
1493852617.261965,-0.668457,0.054199,-0.141113,20.202637,-20.690918,-28.015137
1493852617.264517,-0.613281,0.036621,-0.106934,18.493652,-18.066406,-28.320312
1493852617.267067,-0.675293,0.043457,-0.120605,17.578125,-15.441895,-29.113770
1493852617.269693,-0.700195,0.034668,-0.088867,17.028809,-16.479492,-31.372070
1493852617.272355,-0.701172,0.060547,-0.091309,16.174316,-17.517090,-32.592773
1493852617.274907,-0.729980,0.046387,-0.094238,13.793945,-19.897461,-32.653809
1493852617.277457,-0.743652,0.065430,-0.030273,13.671875,-23.742676,-31.188965
1493852617.280218,-0.731934,0.051758,-0.024902,30.334473,-25.268555,-29.296875
1493852617.282861,-0.767090,0.066406,-0.083496,18.798828,-24.902344,-27.526855
1493852617.286058,-0.642090,0.034668,-0.078613,23.132324,-26.184082,-27.160645
1493852617.288753,-0.706543,0.036133,-0.081543,24.597168,-27.526855,-28.137207
1493852617.291444,-0.706055,0.024414,-0.067871,24.169922,-27.526855,-30.212402
1493852617.294125,-0.706055,0.006836,-0.080566,22.766113,-25.878906,-32.043457
1493852617.296811,-0.670410,0.032715,-0.093750,21.545410,-25.634766,-32.531738
1493852617.299500,-0.697754,0.028809,-0.028320,22.094727,-25.390625,-32.836914
1493852617.302184,-0.700684,0.065918,-0.078613,22.705078,-24.658203,-31.311035
1493852617.304862,-0.696289,0.032715,-0.055664,21.057129,-24.414062,-31.005859
1493852617.307544,-0.658203,0.056641,-0.058594,22.155762,-25.024414,-31.677246
1493852617.310174,-0.706543,0.021484,-0.102051,23.132324,-23.803711,-33.264160
1493852617.312724,-0.708008,0.046875,-0.034668,23.132324,-22.155762,-34.790039
1493852617.315390,-0.690918,0.040527,-0.080566,21.911621,-20.080566,-36.071777
1493852617.317961,-0.694824,0.017578,-0.084961,19.409180,-18.798828,-36.865234
1493852617.320532,-0.699219,0.043945,-0.136719,20.324707,-17.761230,-37.536621
1493852617.323085,-0.727539,0.037109,-0.071777,19.226074,-16.113281,-39.794922
1493852617.325641,-0.704102,0.029297,-0.118652,19.470215,-15.258789,-40.039062
1493852617.328238,-0.768555,0.022461,-0.103027,22.094727,-13.671875,-40.283203
1493852617.330833,-0.847168,0.038574,-0.124512,20.568848,-13.732910,-40.710449
1493852617.333388,-0.700195,0.028320,-0.099609,19.531250,-13.488770,-42.663574
1493852617.335941,-0.636719,0.040527,-0.093262,20.263672,-12.634277,-45.654297
1493852617.338599,-0.707031,0.065430,-0.134277,19.287109,-10.742188,-47.546387
1493852617.341325,-0.726562,0.058594,-0.057617,19.470215,-7.629395,-49.621582
1493852617.344005,-0.765625,0.029297,-0.072754,19.958496,-8.117676,-49.804688
1493852617.346685,-0.733887,0.056641,-0.117188,22.399902,-9.399414,-48.950195
1493852617.349369,-0.755859,0.056641,-0.143066,22.583008,-11.779785,-49.987793
1493852617.352055,-0.860840,0.069824,-0.058594,20.263672,-13.305664,-51.696777
1493852617.355412,-0.739258,0.073730,-0.087891,23.315430,-15.747070,-55.358887
1493852617.359115,-0.788574,0.070312,-0.169922,20.812988,-14.404297,-58.715820
1493852617.362463,-0.760254,0.099609,-0.068359,21.728516,-15.075684,-60.424805
1493852617.365445,-0.756836,0.107422,-0.061523,19.714355,-15.075684,-63.232422
1493852617.368001,-0.874512,0.077637,-0.038574,18.005371,-15.380859,-64.880371
1493852617.370557,-0.810059,0.104980,-0.116699,17.395020,-15.625000,-67.077637
1493852617.373111,-0.826172,0.096680,-0.007324,18.554688,-16.662598,-70.495605
1493852617.375662,-0.794922,0.089844,-0.108398,17.395020,-18.249512,-73.547363
1493852617.378217,-0.820801,0.095215,-0.088867,17.028809,-18.798828,-76.293945
1493852617.380773,-0.867188,0.100586,-0.062500,16.296387,-19.592285,-78.613281
1493852617.383324,-0.841797,0.111328,-0.119141,15.502930,-21.179199,-80.444336
1493852617.387723,-0.857422,0.121094,-0.030762,14.587402,-21.301270,-85.327148
1493852617.392187,-0.862305,0.093750,-0.021484,10.314941,-20.141602,-87.890625
1493852617.394789,-0.834961,0.181152,-0.075684,7.629395,-21.118164,-90.637207
1493852617.397338,-0.869141,0.124512,-0.078613,4.821777,-21.057129,-95.275879
1493852617.400045,-0.982422,0.017090,-0.008789,4.150391,-20.812988,-98.632812
1493852617.402757,-0.912598,0.237793,-0.129883,4.699707,-21.606445,-100.585938
1493852617.405309,-0.890137,0.142090,-0.083496,4.089355,-22.460938,-104.858398
1493852617.407861,-0.894043,0.130859,-0.056641,3.356934,-23.803711,-109.497070
1493852617.410407,-0.896484,0.153809,-0.176758,2.868652,-23.925781,-113.769531
1493852617.412950,-0.970703,0.242188,-0.075684,1.281738,-23.559570,-115.966797
1493852617.415495,-0.955078,0.117188,-0.185547,2.685547,-23.193359,-117.370605
1493852617.418042,-0.927734,0.162598,-0.069824,0.854492,-24.658203,-122.680664
1493852617.420592,-0.915527,0.131836,-0.142090,-2.685547,-23.681641,-132.202148
1493852617.423139,-0.930664,0.162109,-0.104980,-4.333496,-21.789551,-138.427734
1493852617.425684,-0.973633,0.143066,-0.091797,-1.953125,-19.714355,-141.784668
1493852617.428236,-1.065918,0.157715,-0.218262,0.122070,-17.272949,-143.371582
1493852617.430787,-0.964844,0.125488,-0.109863,-0.366211,-17.211914,-146.057129
1493852617.433334,-1.028809,0.145020,-0.231934,-4.028320,-17.822266,-147.583008
1493852617.435883,-1.112793,0.207520,-0.190430,-5.737305,-18.249512,-150.573730
1493852617.438469,-1.047852,0.207520,-0.185059,-4.760742,-12.023926,-158.325195
1493852617.441053,-1.061035,0.228027,-0.298828,-4.943848,-4.089355,-164.916992
1493852617.443595,-1.097656,0.210938,-0.226562,-4.943848,0.915527,-170.043945
1493852617.446139,-1.111328,0.203125,-0.316406,-5.554199,1.831055,-172.180176
1493852617.448756,-1.231934,0.160156,-0.298340,-4.699707,1.586914,-172.424316
1493852617.451374,-1.134277,0.093262,-0.356934,0.549316,-2.258301,-168.701172
1493852617.453921,-1.179688,0.064453,-0.317871,7.751465,-10.375977,-165.344238
1493852617.456601,-1.192871,0.001465,-0.223633,16.479492,-19.836426,-155.517578
1493852617.459162,-1.250977,0.003418,-0.302246,30.639648,-29.724121,-142.456055
1493852617.461723,-1.296387,0.046875,-0.299316,45.532227,-37.658691,-129.516602
1493852617.464271,-1.331055,0.236816,-0.254883,69.702148,-44.738770,-120.056152
1493852617.466818,-1.298340,0.268066,-0.367188,72.265625,-51.574707,-119.689941
1493852617.469373,-1.261230,0.416504,-0.421387,88.989258,-55.664062,-130.432129
1493852617.471929,-1.271973,0.568848,-0.464844,98.144531,-63.415527,-148.620605
1493852617.474481,-1.229980,0.746094,-0.445801,106.811523,-69.030762,-167.724609
1493852617.477032,-1.189453,0.660645,-0.412109,109.252930,-70.922852,-175.964355
1493852617.479640,-1.164062,0.687988,-0.413574,104.858398,-72.021484,-187.866211
1493852617.482319,-1.101562,0.690918,-0.487793,92.407227,-70.129395,-194.946289
1493852617.485005,-1.132812,0.731445,-0.362793,75.988770,-64.086914,-200.256348
1493852617.487695,-1.102051,0.708984,-0.333008,62.866211,-56.884766,-208.068848
1493852617.490389,-1.003418,0.641113,-0.259766,55.236816,-50.109863,-218.627930
1493852617.493076,-1.105469,0.589355,-0.383301,51.391602,-42.724609,-232.482910
1493852617.495761,-1.129883,0.478027,-0.308594,50.598145,-35.949707,-249.694824
1493852617.498467,-1.167480,0.373047,-0.354980,44.006348,-28.808594,-267.272949
1493852617.501169,-1.173340,0.291016,-0.248047,35.766602,-25.390625,-285.949707
1493852617.503895,-1.241699,0.202148,-0.202637,27.099609,-20.446777,-302.978516
1493852617.506626,-1.252930,0.088867,-0.203125,22.216797,-17.089844,-318.481445
1493852617.509317,-1.345215,-0.050781,-0.147949,19.042969,-14.770508,-330.200195
1493852617.512008,-1.341309,-0.216797,-0.165527,14.892578,-14.282227,-340.026855
1493852617.514689,-1.386719,-0.416992,-0.151855,30.761719,-15.197754,-347.473145
1493852617.517371,-1.447266,-0.611328,-0.181641,38.940430,-20.690918,-349.426270
1493852617.520015,-1.454590,-0.481934,-0.195801,58.227539,-32.775879,-345.703125
1493852617.522590,-1.455078,-0.353027,-0.343262,77.880859,-47.424316,-334.899902
1493852617.525140,-1.494629,-0.032715,-0.445312,121.582031,-70.861816,-316.833496
1493852617.527716,-1.437500,0.020508,-0.441406,157.775879,-68.786621,-295.776367
1493852617.530365,-1.423340,0.229004,-0.539551,173.095703,-79.589844,-275.512695
1493852617.533049,-1.372559,0.348633,-0.623047,169.433594,-88.928223,-257.934570
1493852617.535732,-1.255859,0.407715,-0.688965,150.512695,-98.388672,-243.347168
1493852617.538394,-1.330078,0.350586,-0.699219,124.450684,-103.942871,-238.037109
1493852617.540990,-1.209961,0.229980,-0.686523,98.815918,-103.881836,-236.816406
1493852617.543546,-1.057617,0.137695,-0.651367,79.895020,-97.717285,-244.079590
1493852617.546098,-1.091797,0.076172,-0.651367,69.030762,-89.599609,-258.605957
1493852617.548727,-1.039551,-0.004395,-0.550781,68.908691,-83.740234,-274.719238
1493852617.551361,-0.977051,0.096191,-0.457520,74.340820,-83.679199,-290.893555
1493852617.553916,-0.926758,0.023438,-0.473145,78.063965,-85.083008,-304.382324
1493852617.556471,-0.895508,0.078125,-0.333008,79.467773,-89.111328,-312.866211
1493852617.559117,-0.886230,0.130859,-0.439941,74.890137,-92.590332,-313.842773
1493852617.561765,-0.831543,0.227051,-0.394043,66.223145,-93.627930,-306.396484
1493852617.564322,-0.870117,0.242188,-0.370605,61.889648,-89.172363,-284.729004
1493852617.566874,-0.786621,0.278809,-0.459961,56.335449,-78.125000,-283.813477
1493852617.569494,-0.702637,0.296875,-0.372559,53.649902,-62.866211,-262.084961
1493852617.572189,-0.708008,0.294434,-0.308105,54.626465,-44.982910,-238.159180
1493852617.574878,-0.609375,0.295898,-0.367676,58.227539,-28.198242,-214.355469
1493852617.577566,-0.536621,0.310059,-0.282715,61.950684,-15.197754,-192.749023
1493852617.580279,-0.420898,0.306641,-0.259277,64.208984,-5.554199,-175.781250
1493852617.582967,-0.354492,0.298340,-0.300293,73.730469,4.211426,-162.780762
1493852617.585655,-0.294434,0.322266,-0.220703,93.322754,16.235352,-151.245117
1493852617.588346,-0.209961,0.185547,-0.103027,118.286133,24.475098,-141.784668
1493852617.591155,-0.131836,-0.117188,-0.019531,121.765137,23.803711,-137.023926
1493852617.593819,-0.114746,-0.196289,-0.023438,130.615234,24.597168,-138.671875
1493852617.596408,-0.178223,-0.354004,0.058594,134.155273,28.808594,-146.789551
1493852617.598966,-0.143555,-0.451660,0.032715,141.235352,41.137695,-160.766602
1493852617.601524,-0.175293,-0.458008,0.362793,149.597168,51.391602,-173.706055
1493852617.604075,-0.241211,-0.401855,-0.002930,143.127441,67.443848,-172.424316
1493852617.606627,-0.314453,-0.239746,-0.357422,108.703613,65.795898,-138.793945
1493852617.609224,-0.362793,-0.067871,-0.376953,40.771484,40.649414,-77.026367
1493852617.611826,-0.334473,0.028809,-0.312012,-53.955078,-1.708984,-26.062012
1493852617.614434,-0.368652,0.007812,-0.056152,-118.041992,-39.489746,65.063477
1493852617.617049,-0.323242,0.044922,0.038574,-124.633789,-59.997559,135.437012
1493852617.622118,-0.314453,0.165527,-0.009766,-84.045410,-43.395996,196.533203
1493852617.626191,-0.349609,0.483398,-0.078613,-68.969727,-19.775391,195.190430
1493852617.628969,-0.312500,0.560547,-0.118652,-81.420898,-17.333984,187.622070
1493852617.631544,-0.317383,0.687012,-0.121094,-92.407227,-12.878418,177.795410
1493852617.634093,-0.226562,0.773926,-0.154785,-88.256836,-8.300781,168.945312
1493852617.636635,-0.224609,0.818359,-0.090820,-82.336426,2.136230,158.691406
1493852617.639183,-0.142578,0.869141,-0.183594,-75.927734,9.216309,153.564453
1493852617.641732,-0.050293,0.858887,-0.335938,-75.439453,11.291504,141.540527
1493852617.644278,-0.004395,0.796875,-0.176270,-85.144043,13.793945,127.990723
1493852617.647108,0.060547,0.634766,-0.251465,-95.214844,16.906738,99.182129
1493852617.649941,0.140625,0.670898,-0.210938,-104.064941,23.010254,98.693848
1493852617.652495,0.096680,0.599121,-0.173340,-109.130859,27.648926,82.397461
1493852617.655046,0.145020,0.394043,-0.239746,-93.811035,31.433105,65.246582
1493852617.657596,0.041504,0.453613,-0.140625,-106.628418,33.142090,53.466797
1493852617.660201,0.034668,0.366211,-0.195312,-104.614258,33.508301,46.752930
1493852617.662852,0.018555,0.288574,-0.156250,-100.952148,34.057617,45.837402
1493852617.665503,-0.104980,0.223633,-0.179199,-98.449707,34.667969,48.645020
1493852617.668160,-0.099609,0.173340,-0.205078,-97.290039,36.193848,54.260254
1493852617.671038,-0.129883,0.129883,-0.115234,-94.360352,38.757324,61.706543
1493852617.673991,-0.148438,0.125488,-0.106934,-91.125488,40.100098,68.969727
1493852617.676995,-0.233398,0.104980,-0.136719,-81.604004,39.550781,76.782227
1493852617.679905,-0.222656,0.077148,-0.144531,-74.218750,37.780762,84.167480
1493852617.682487,-0.174805,0.105469,-0.190918,-68.054199,35.583496,93.994141
1493852617.685040,-0.197754,0.082520,-0.072266,-49.011230,33.508301,102.478027
1493852617.687594,-0.156250,0.109375,-0.179199,-59.387207,33.996582,111.145020
1493852617.690142,-0.120605,0.105469,-0.132812,-56.030273,34.423828,118.041992
1493852617.692694,-0.241211,0.080566,-0.125000,-53.283691,34.301758,123.596191
1493852617.695246,-0.010254,0.090820,-0.210938,-51.086426,35.766602,128.479004
1493852617.697857,-0.101074,0.087891,-0.164551,-51.818848,36.376953,130.432129
1493852617.700487,-0.146484,0.116699,-0.185059,-51.391602,36.010742,135.253906
1493852617.703249,-0.099121,0.172852,-0.159668,-51.635742,32.897949,138.488770
1493852617.706993,-0.126465,0.208984,-0.224609,-52.978516,28.991699,130.676270
1493852617.710675,-0.197754,0.168945,-0.060059,-56.823730,31.494141,125.183105
1493852617.713497,-0.207031,0.136719,-0.044922,-55.480957,36.132812,130.004883
1493852617.716093,-0.243164,0.091797,-0.230469,-52.978516,36.682129,142.272949
1493852617.718679,-0.276367,0.057617,-0.082031,-48.522949,37.353516,157.226562
1493852617.721268,-0.292969,0.041504,-0.063965,-47.424316,37.109375,172.058105
1493852617.723866,-0.323730,0.023438,-0.183594,-46.691895,36.804199,185.485840
1493852617.726467,-0.300781,0.069336,-0.038086,-42.541504,36.315918,191.711426
1493852617.729018,-0.306152,0.079590,-0.107422,-39.306641,36.621094,201.965332
1493852617.731577,-0.326172,0.116699,-0.097168,-37.231445,35.034180,210.266113
1493852617.734286,-0.305664,0.154785,-0.103027,-32.958984,35.034180,218.688965
1493852617.736850,-0.303711,0.162598,-0.050293,-29.907227,35.278320,225.524902
1493852617.739432,-0.322266,0.194336,-0.091309,-27.893066,34.851074,230.529785
1493852617.742018,-0.317871,0.240234,-0.149902,-25.695801,35.339355,234.130859
1493852617.744624,-0.289551,0.210938,-0.059570,-24.536133,36.193848,236.877441
1493852617.747231,-0.312500,0.237793,-0.091797,-22.277832,37.170410,240.539551
1493852617.749890,-0.303711,0.216309,-0.036621,-21.118164,40.466309,244.323730
1493852617.752551,-0.347168,0.210449,-0.186523,-19.775391,42.358398,245.971680
1493852617.755171,-0.331543,0.237793,-0.025879,-20.019531,44.616699,246.337891
1493852617.757847,-0.351074,0.244629,-0.067383,-21.728516,46.875000,246.887207
1493852617.760505,-0.260254,0.262695,-0.101074,-21.911621,49.621582,247.436523
1493852617.763155,-0.412598,0.269531,-0.171387,-21.362305,51.086426,248.718262
1493852617.765818,-0.414062,0.275391,-0.153809,-21.240234,52.673340,248.718262
1493852617.768517,-0.489746,0.245605,-0.007324,-20.629883,53.222656,248.413086
1493852617.771202,-0.479492,0.251465,-0.250000,-19.714355,54.626465,248.474121
1493852617.773851,-0.509277,0.245605,-0.162598,-20.874023,55.541992,248.291016
1493852617.776572,-0.386719,0.221680,-0.166016,-19.836426,57.373047,248.229980
1493852617.779300,-0.532715,0.222168,-0.188965,-19.775391,57.800293,248.107910
1493852617.781952,-0.532227,0.188965,-0.230469,-20.812988,59.265137,251.525879
1493852617.784623,-0.574219,0.181641,-0.020020,-21.179199,60.363770,254.882812
1493852617.787310,-0.535156,0.179199,-0.129883,-20.385742,62.866211,259.521484
1493852617.789939,-0.595215,0.134766,-0.093262,-21.057129,64.514160,265.014648
1493852617.792507,-0.586914,0.155762,-0.210449,-22.033691,65.185547,269.287109
1493852617.795072,-0.617188,0.150391,-0.132812,-21.911621,66.467285,273.803711
1493852617.797640,-0.748535,0.156738,-0.118652,-22.705078,67.687988,278.076172
1493852617.800435,-0.629883,0.138672,-0.156738,-23.864746,69.213867,282.592773
1493852617.802991,-0.668457,0.145020,-0.200195,-25.024414,70.434570,287.231445
1493852617.805587,-0.699219,0.164062,-0.188965,-26.489258,71.960449,289.184570
1493852617.808266,-0.668945,0.187988,-0.155762,-27.526855,73.974609,293.151855
1493852617.810958,-0.728027,0.164551,-0.154785,-28.198242,76.232910,296.875000
1493852617.813731,-0.636230,0.202148,-0.202637,-30.517578,78.308105,300.842285
1493852617.816558,-0.753906,0.202637,-0.202148,-31.311035,79.162598,306.335449
1493852617.819270,-0.787109,0.191406,-0.248047,-32.470703,79.101562,309.692383
1493852617.821927,-0.802246,0.187012,-0.229004,-33.264160,78.796387,311.279297
1493852617.824578,-0.950684,0.203613,-0.271484,-32.226562,78.613281,313.720703
1493852617.827660,-0.858398,0.215820,-0.226562,-32.592773,78.796387,315.368652
1493852617.830701,-0.909180,0.235840,-0.144043,-32.958984,79.345703,317.993164
1493852617.833260,-0.998047,0.246582,-0.126465,-30.395508,79.528809,317.871094
1493852617.835882,-1.002441,0.295898,-0.351074,-30.212402,82.275391,316.467285
1493852617.838619,-1.022949,0.303711,-0.270020,-29.418945,86.303711,312.133789
1493852617.841290,-1.117188,0.301270,-0.222656,-29.541016,89.233398,306.335449
1493852617.843840,-1.158691,0.307129,-0.246094,-30.822754,92.224121,301.269531
1493852617.846407,-1.159668,0.279785,-0.271484,-30.395508,93.444824,283.142090
1493852617.848989,-1.257324,0.150391,-0.349609,-29.968262,93.872070,292.846680
1493852617.851555,-1.283203,0.246094,-0.307129,-29.357910,95.397949,287.658691
1493852617.854169,-1.328613,0.221680,-0.281250,-28.991699,97.595215,283.569336
1493852617.856804,-1.366211,0.154785,-0.312500,-25.329590,100.585938,280.639648
1493852617.859371,-1.394531,0.097656,-0.265625,-25.207520,103.759766,278.564453
1493852617.861929,-1.447266,0.028809,-0.296387,-26.611328,105.224609,276.733398
1493852617.864480,-1.446777,0.012695,-0.308594,-30.212402,109.375000,273.071289
1493852617.867033,-1.464355,-0.093262,-0.348633,-30.822754,113.891602,269.775391
1493852617.869612,-1.487793,-0.178223,-0.431152,-30.029297,119.018555,268.737793
1493852617.872321,-1.524902,-0.286133,-0.271484,-28.930664,122.558594,267.150879
1493852617.874876,-1.407715,-0.419434,-0.472656,-31.677246,125.488281,268.066406
1493852617.877428,-1.309082,-0.462891,-0.548340,-35.522461,120.483398,273.803711
1493852617.880069,-1.492188,-0.373047,-0.431641,-39.916992,116.149902,278.747559
1493852617.882711,-1.618652,-0.260742,-0.460938,-40.222168,120.056152,277.954102
1493852617.885262,-1.526855,-0.218262,-0.462402,-43.029785,126.647949,270.690918
1493852617.887824,-1.737793,-0.217773,-0.498047,-47.424316,130.004883,265.747070
1493852617.890458,-1.645508,-0.276855,-0.504883,-52.001953,133.728027,266.357422
1493852617.893143,-1.779297,-0.495605,-0.464844,-52.490234,137.023926,270.935059
1493852617.895828,-1.797363,-0.460938,-0.497070,-46.142578,137.023926,281.188965
1493852617.898521,-1.753418,-0.535156,-0.406250,-37.963867,131.164551,296.875000
1493852617.901213,-1.724121,-0.591797,-0.354980,-31.555176,123.779297,312.622070
1493852617.903901,-1.636230,-0.556641,-0.382324,-25.085449,115.844727,322.448730
1493852617.906584,-1.589844,-0.497559,-0.325684,-18.615723,111.022949,325.195312
1493852617.909276,-1.488281,-0.444824,-0.345703,-13.183594,109.802246,321.655273
1493852617.911964,-1.455078,-0.440918,-0.241699,-12.512207,114.013672,315.002441
1493852617.914649,-1.414551,-0.440918,-0.175293,-10.925293,122.192383,311.401367
1493852617.917334,-1.250977,-0.510742,-0.019531,-11.962891,130.004883,303.466797
1493852617.920020,-1.301758,-0.550293,-0.043945,-10.437012,135.681152,296.752930
1493852617.922708,-1.291992,-0.554688,-0.007324,-11.840820,138.732910,286.987305
1493852617.925394,-1.352539,-0.520996,0.119629,-13.061523,136.657715,276.428223
1493852617.928073,-1.351562,-0.464844,0.055664,-14.221191,131.591797,264.526367
1493852617.930689,-1.495605,-0.458496,0.155762,-17.150879,127.807617,252.746582
1493852617.933246,-1.464355,-0.502441,0.156250,-18.493652,128.173828,241.455078
1493852617.935797,-1.450195,-0.501465,0.185059,-19.836426,130.676270,228.881836
1493852617.938380,-1.554199,-0.558594,0.243652,-23.925781,132.385254,217.895508
1493852617.941025,-1.540527,-0.578613,0.228027,-34.484863,131.958008,207.336426
1493852617.943698,-1.529785,-0.660156,0.276367,-43.151855,129.943848,197.998047
1493852617.946370,-1.581543,-0.751465,0.246094,-49.926758,109.985352,190.429688
1493852617.949059,-1.583984,-0.863281,0.142578,-58.532715,119.262695,182.189941
1493852617.951740,-1.561035,-0.963867,0.189941,-66.650391,108.337402,174.072266
1493852617.954574,-1.538574,-1.060547,0.128418,-74.707031,80.261230,165.710449
1493852617.957359,-1.437500,-1.260742,0.216797,-83.190918,85.510254,155.761719
1493852617.959991,-1.314453,-1.375977,0.097656,-88.562012,77.636719,145.385742
1493852617.962625,-1.210449,-1.490723,0.196777,-93.383789,72.326660,132.934570
1493852617.965173,-1.141113,-1.591797,0.227539,-94.543457,68.298340,120.605469
1493852617.967770,-1.073242,-1.648438,0.130859,-93.444824,63.537598,98.205566
1493852617.970367,-0.960449,-1.680664,0.232422,-92.773438,57.739258,100.097656
1493852617.972917,-0.877930,-1.686035,0.269531,-90.087891,51.147461,85.021973
1493852617.975466,-0.889648,-1.628906,0.315430,-89.111328,43.762207,66.833496
1493852617.978016,-0.875488,-1.495605,0.232422,-81.970215,30.883789,38.513184
1493852617.980572,-0.831543,-1.253418,0.178711,-78.186035,8.056641,-6.530762
1493852617.983119,-0.785156,-1.241699,0.279297,-75.073242,5.798340,-54.870605
1493852617.985665,-0.869141,-1.527344,0.490234,-73.730469,-14.099121,-80.078125
1493852617.988216,-1.029785,-1.595703,0.307617,-66.955566,-24.353027,-64.392090
1493852617.990767,-1.144043,-1.410156,0.200195,-67.199707,-14.404297,-72.814941
1493852617.993318,-1.181152,-1.285645,0.140625,-78.979492,-4.028320,-76.538086
1493852617.995860,-1.078613,-1.200195,0.105469,-84.777832,1.892090,-92.407227
1493852617.998428,-0.948730,-1.251953,0.237793,-87.097168,-5.859375,-104.553223
1493852618.001076,-0.916992,-1.288574,0.208008,-67.199707,-28.259277,-107.849121
1493852618.003766,-0.942383,-1.248047,0.071777,-41.320801,-20.324707,-113.525391
1493852618.006564,-0.945312,-1.195312,0.030762,-29.052734,-13.000488,-119.750977
1493852618.009275,-0.958008,-1.097656,0.111816,-37.414551,-9.765625,-118.286133
1493852618.011983,-0.950195,-0.965820,0.057617,-47.973633,-10.192871,-113.159180
1493852618.014670,-0.987793,-0.854980,0.079590,-52.185059,-30.029297,-117.004395
1493852618.017357,-0.940918,-0.726562,0.078125,-47.363281,-20.080566,-130.554199
1493852618.020063,-0.908203,-0.517578,0.110840,-46.081543,-21.545410,-148.437500
1493852618.022772,-0.972656,-0.444824,-0.311523,-51.818848,-23.254395,-161.804199
1493852618.025456,-1.070312,-0.337402,-0.036133,-40.344238,32.958984,-173.950195
1493852618.028137,-0.878906,-0.063477,0.118652,-18.676758,67.565918,-172.058105
1493852618.030750,-0.900391,0.438965,0.192871,-11.657715,129.882812,-143.554688
1493852618.033303,-0.880859,0.930176,0.317871,9.582520,167.785645,-87.768555
1493852618.035856,-0.753906,1.281250,0.016602,34.118652,172.851562,-54.870605
1493852618.038432,-0.931152,1.695312,-0.332520,79.284668,165.161133,18.066406
1493852618.041068,-0.940918,2.006836,-0.645508,118.286133,154.357910,86.242676
1493852618.043740,-0.967285,2.361816,-0.685547,107.177734,127.258301,130.249023
1493852618.046417,-0.988281,2.465820,-0.573730,70.861816,68.725586,136.779785
1493852618.049086,-1.063477,2.638672,-0.465332,24.475098,-11.230469,96.069336
1493852618.051743,-1.545898,2.585449,-0.106934,11.413574,-73.913574,-18.066406
1493852618.054405,-1.299805,2.220703,0.120117,11.047363,-112.243652,-189.819336
1493852618.057082,-0.754883,1.407715,-0.057617,22.033691,-139.648438,-340.820312
1493852618.059761,-0.197754,0.746094,-0.083984,28.137207,-157.470703,-419.799805
1493852618.062439,0.127930,0.163574,0.113281,30.944824,-163.085938,-440.124512
1493852618.065112,0.206543,-0.294922,0.281250,26.062012,-148.010254,-436.096191
1493852618.067791,0.030762,-0.534180,0.305664,19.775391,-127.929688,-439.941406
1493852618.070470,-0.289551,-0.866211,0.443848,4.516602,-88.623047,-461.242676
1493852618.073143,-0.482422,-0.822266,0.620605,-9.277344,-52.734375,-493.896484
1493852618.075810,-0.769043,-0.770996,0.449219,-2.929688,-2.502441,-508.728027
1493852618.078465,-0.953125,-0.757812,0.104004,20.568848,34.790039,-497.253418
1493852618.081216,-1.143066,-0.794922,-0.084961,38.391113,45.227051,-467.956543
1493852618.083923,-1.325684,-0.810059,-0.185547,45.043945,36.865234,-431.945801
1493852618.086472,-1.510742,-0.997559,-0.313965,47.119141,14.160156,-397.033691
1493852618.089146,-1.617676,-0.767090,-0.332031,59.082031,-23.071289,-350.219727
1493852618.091822,-1.667969,-0.764648,-0.310059,76.965332,-63.598633,-293.579102
1493852618.094373,-1.506836,-0.666992,-0.351074,94.116211,-98.449707,-266.357422
1493852618.096923,-1.343262,-0.567383,-0.246582,105.651855,-123.168945,-203.125000
1493852618.099515,-1.210938,-0.383789,-0.183105,123.901367,-133.666992,-144.287109
1493852618.102108,-1.000977,-0.209473,-0.147461,115.356445,-132.080078,-93.505859
1493852618.104660,-0.882812,-0.101562,-0.301270,122.985840,-113.586426,-53.955078
1493852618.107212,-0.668457,0.030762,-0.470215,127.075195,-117.675781,-30.883789
1493852618.109766,-0.559570,0.106445,-0.479492,123.168945,-106.750488,-25.146484
1493852618.112319,-0.478027,0.251465,-0.613770,115.417480,-96.557617,-44.250488
1493852618.114871,-0.360352,0.312500,-0.558105,102.233887,-91.125488,-49.438477
1493852618.117420,-0.360840,0.388184,-0.533203,82.153320,-82.580566,-85.632324
1493852618.119973,-0.315918,0.472656,-0.716309,55.236816,-72.753906,-126.525879
1493852618.122524,-0.275391,0.448242,-0.567871,43.090820,-65.551758,-164.550781
1493852618.125070,-0.340820,0.388184,-0.607422,15.075684,-58.959961,-196.899414
1493852618.127616,-0.482910,0.308594,-0.557129,-23.010254,-35.156250,-215.881348
1493852618.130171,-0.531250,0.099609,-0.473145,-43.334961,-40.588379,-221.862793
1493852618.132732,-0.609863,-0.106934,-0.263672,-63.903809,-42.968750,-221.740723
1493852618.135289,-0.741699,-0.322266,-0.205566,-84.289551,-48.522949,-220.458984
1493852618.137848,-0.809570,-0.496094,-0.190918,-94.116211,-57.434082,-213.684082
1493852618.140603,-0.860352,-0.577637,-0.040527,-92.834473,-73.120117,-199.890137
1493852618.143298,-0.938477,-0.660156,-0.106934,-86.669922,-90.515137,-171.142578
1493852618.145983,-0.971680,-0.656738,-0.080566,-77.270508,-102.966309,-129.089355
1493852618.148678,-0.971680,-0.587891,0.012207,-72.937012,-106.994629,-85.693359
1493852618.151375,-0.872559,-0.470215,-0.027344,-62.438965,-102.050781,-51.086426
1493852618.154068,-0.772461,-0.304199,-0.075195,-33.569336,-94.787598,-26.123047
1493852618.156760,-0.578125,-0.183594,-0.064453,-43.579102,-89.782715,-4.760742
1493852618.159472,-0.616699,-0.069336,-0.100586,-40.771484,-88.195801,12.023926
1493852618.162188,-0.575684,-0.114258,-0.036133,-41.015625,-88.073730,21.240234
1493852618.164875,-0.524414,0.054688,-0.112305,-40.771484,-85.998535,17.211914
1493852618.167563,-0.550293,0.012207,0.026367,-42.846680,-81.420898,2.807617
1493852618.170249,-0.558594,0.090820,-0.045898,-38.574219,-71.594238,-14.465332
1493852618.172936,-0.489746,0.131836,0.013184,-33.325195,-58.715820,-28.930664
1493852618.175627,-0.542969,0.136719,-0.087402,-33.081055,-42.419434,-36.499023
1493852618.178308,-0.570801,0.136230,-0.103027,-37.414551,-20.202637,-39.550781
1493852618.180913,-0.558105,0.088867,-0.009766,-44.616699,-25.878906,-41.748047
1493852618.183467,-0.584961,0.040527,-0.113770,-50.842285,-19.348145,-45.227051
1493852618.186023,-0.604980,0.016602,-0.002930,-53.161621,-15.380859,-46.997070
1493852618.188603,-0.666504,-0.021973,-0.077148,-50.537109,-12.268066,-50.354004
1493852618.191252,-0.658691,-0.067871,-0.062988,-42.114258,-9.094238,-33.142090
1493852618.193921,-0.713867,-0.075195,-0.166016,-38.085938,-6.774902,-43.823242
1493852618.196589,-0.719238,-0.076172,-0.066406,-36.743164,-4.638672,-39.367676
1493852618.199272,-0.764648,-0.063965,-0.129883,-34.545898,-5.065918,-33.020020
1493852618.202002,-0.727539,-0.023926,-0.245605,-30.639648,-7.568359,-27.770996
1493852618.204677,-0.765625,-0.043945,-0.093262,-27.038574,-11.474609,-21.606445
1493852618.207245,-0.733398,0.005859,-0.182617,-23.681641,-16.357422,-15.930176
1493852618.209935,-0.725586,0.019043,-0.179199,-23.986816,-20.507812,-11.535645
1493852618.212676,-0.709961,0.040527,-0.106934,-24.475098,-21.545410,-9.582520
1493852618.215415,-0.634766,0.070801,-0.220215,-25.756836,-21.667480,-10.253906
1493852618.218395,-0.618652,0.054199,-0.125488,-29.418945,-19.348145,-14.831543
1493852618.221324,-0.614258,0.062500,-0.125000,-30.273438,-17.150879,-16.845703
1493852618.223875,-0.632324,0.058105,-0.134277,-31.555176,-13.671875,-22.460938
1493852618.226420,-0.584961,0.035156,-0.179688,-29.663086,-12.207031,-28.442383
1493852618.229033,-0.626465,0.021484,-0.109375,-28.808594,-9.338379,-33.691406
1493852618.231648,-0.738281,0.015625,-0.117676,-28.686523,-9.216309,-36.560059
1493852618.234194,-0.671387,0.004395,-0.169434,-26.977539,-8.850098,-36.010742
1493852618.236737,-0.652832,-0.019043,-0.169922,-27.160645,-8.850098,-34.179688
1493852618.239302,-0.626465,-0.018555,-0.164062,-25.878906,-9.155273,-31.250000
1493852618.241865,-0.649902,-0.041504,-0.099121,-26.062012,-9.521484,-29.113770
1493852618.244413,-0.662598,-0.042480,-0.122559,-24.841309,-10.375977,-26.428223
1493852618.246965,-0.706055,-0.048340,-0.095703,-21.911621,-11.108398,-23.193359
1493852618.249513,-0.713379,-0.028809,-0.144043,-20.507812,-12.939453,-21.118164
1493852618.252060,-0.680664,-0.014648,-0.168457,-15.991211,-14.038086,-19.592285
1493852618.254607,-0.708008,-0.014160,-0.069336,-14.892578,-14.648438,-18.310547
1493852618.257152,-0.702148,0.008789,-0.138672,-11.962891,-16.052246,-16.723633
1493852618.259742,-0.743652,-0.016113,-0.112793,-9.582520,-16.479492,-15.686035
1493852618.262331,-0.708008,0.033203,-0.168945,-7.263184,-17.333984,-15.319824
1493852618.264877,-0.666504,0.009766,-0.082520,-5.798340,-18.005371,-14.709473
1493852618.267424,-0.662598,0.018555,-0.048828,-4.333496,-17.822266,-14.282227
1493852618.269998,-0.683594,0.020996,-0.160156,-3.662109,-16.540527,-14.038086
1493852618.272580,-0.662598,0.005859,-0.072754,-2.441406,-15.625000,-14.953613
1493852618.275257,-0.746582,0.018555,-0.108887,-0.976562,-14.587402,-15.747070
1493852618.277848,-0.540039,0.009766,-0.093750,0.000000,-14.099121,-16.296387
1493852618.280439,-0.680664,-0.117188,-0.159668,1.953125,-11.840820,-17.089844
1493852618.282990,-0.664062,0.007324,-0.097656,1.953125,-10.864258,-18.127441
1493852618.285541,-0.627930,-0.013184,-0.115234,2.624512,-8.605957,-17.883301
1493852618.288121,-0.661621,-0.003418,-0.195312,3.845215,-7.202148,-17.211914
1493852618.290773,-0.658203,0.116211,-0.123047,5.676270,-7.446289,-17.456055
1493852618.293453,-0.656250,-0.000488,-0.168457,7.141113,-8.422852,-17.089844
1493852618.296130,-0.689941,-0.012207,-0.156738,9.094238,-8.911133,-15.869141
1493852618.298810,-0.680664,0.019043,-0.217773,9.033203,-10.681152,-14.648438
1493852618.301495,-0.658691,-0.005371,-0.129883,11.596680,-11.413574,-14.831543
1493852618.304176,-0.658203,0.011230,-0.177734,12.451172,-11.352539,-14.587402
1493852618.306855,-0.672363,0.123535,-0.177246,13.366699,-11.413574,-14.282227
1493852618.309545,-0.642090,0.017090,-0.056152,14.221191,-11.779785,-14.587402
1493852618.312236,-0.652344,0.004883,-0.174805,13.732910,-11.596680,-14.465332
1493852618.314921,-0.628906,0.017090,-0.152344,14.160156,-12.390137,-14.282227
1493852618.317608,-0.640137,0.002930,-0.134277,14.221191,-12.023926,-14.404297
1493852618.320272,-0.630859,0.020508,-0.193359,14.587402,-12.268066,-14.282227
1493852618.322821,-0.629883,0.004883,-0.172852,15.319824,-12.023926,-14.953613
1493852618.325373,-0.660156,0.001465,-0.197754,16.723633,-12.451172,-15.136719
1493852618.327952,-0.625000,0.116699,-0.142578,16.052246,-12.695312,-15.075684
1493852618.330603,-0.632324,-0.000977,-0.183105,15.869141,-13.488770,-14.892578
1493852618.333287,-0.645508,0.002441,-0.166992,16.723633,-14.892578,-15.502930
1493852618.336005,-0.731934,-0.002930,-0.187500,16.357422,-15.319824,-15.380859
1493852618.338726,-0.663574,0.098633,-0.091309,15.869141,-15.747070,-14.892578
1493852618.341411,-0.655762,-0.010254,-0.200195,17.333984,-16.296387,-15.075684
1493852618.344096,-0.644531,-0.012207,-0.148438,18.127441,-15.441895,-14.343262
1493852618.346781,-0.620605,-0.006836,-0.116211,19.592285,-14.892578,-13.977051
1493852618.349488,-0.645508,-0.028809,-0.144531,21.667480,-15.930176,-14.099121
1493852618.352198,-0.656738,-0.002930,-0.195312,21.850586,-16.601562,-13.366699
1493852618.354885,-0.690430,-0.117188,-0.236328,23.742676,-17.517090,-12.878418
1493852618.357573,-0.667480,0.005371,-0.156250,23.437500,-18.310547,-11.962891
1493852618.360330,-0.632812,0.001465,-0.165527,24.353027,-20.019531,-11.718750
1493852618.363013,-0.670410,-0.008789,-0.187012,25.695801,-20.690918,-13.305664
1493852618.365699,-0.679199,0.011230,-0.125000,27.038574,-21.911621,-13.977051
1493852618.368375,-0.662109,0.010742,-0.129883,25.817871,-22.277832,-14.343262
1493852618.370983,-0.653809,0.002441,-0.043457,27.709961,-22.460938,-14.038086
1493852618.373535,-0.686523,0.006836,-0.152832,27.404785,-23.498535,-13.366699
1493852618.376088,-0.641113,0.018555,-0.218262,27.404785,-23.986816,-12.023926
1493852618.378725,-0.626465,0.021484,-0.028809,25.512695,-23.925781,-13.061523
1493852618.381361,-0.593262,0.011230,-0.091309,23.742676,-23.010254,-13.244629
1493852618.383915,-0.659668,0.030273,-0.170898,23.864746,-21.423340,-15.808105
1493852618.386469,-0.629883,0.012207,-0.154785,23.132324,-19.958496,-16.601562
1493852618.389138,-0.603027,0.031250,-0.180664,23.864746,-17.272949,-18.188477
1493852618.391879,-0.634277,0.000000,-0.083496,21.484375,-15.502930,-20.019531
1493852618.394567,-0.618652,0.008789,-0.139648,19.104004,-13.122559,-20.874023
1493852618.397254,-0.644531,0.011230,-0.038574,19.836426,-12.207031,-20.568848
1493852618.399945,-0.696777,0.021484,-0.119141,17.272949,-12.756348,-20.385742
1493852618.402636,-0.688965,0.035156,-0.077148,13.427734,-17.761230,-21.118164
1493852618.405319,-0.700684,0.050781,-0.072754,12.451172,-21.362305,-20.996094
1493852618.407997,-0.719238,0.028320,-0.078613,14.099121,-23.071289,-20.141602
1493852618.410606,-0.729980,0.007324,-0.065430,16.906738,-24.169922,-19.409180
1493852618.413275,-0.716309,-0.007324,-0.179199,19.714355,-22.949219,-18.371582
1493852618.415831,-0.717773,-0.009277,-0.111816,20.568848,-23.193359,-17.517090
1493852618.418408,-0.724121,-0.010254,-0.006836,20.568848,-23.437500,-16.601562
1493852618.421059,-0.688965,0.020508,-0.145020,18.249512,-24.536133,-18.981934
1493852618.423744,-0.675781,0.001465,-0.058105,15.014648,-25.512695,-20.202637
1493852618.426426,-0.660645,0.012695,-0.121582,15.197754,-26.123047,-22.644043
1493852618.429116,-0.693359,0.019531,-0.052734,17.517090,-25.878906,-22.949219
1493852618.431896,-0.673340,0.034180,-0.047852,17.700195,-25.756836,-23.864746
1493852618.434644,-0.672363,0.020508,-0.089355,17.944336,-24.597168,-24.047852
1493852618.437207,-0.654297,0.020508,-0.051758,16.662598,-24.597168,-23.925781
1493852618.439863,-0.674805,0.123535,-0.018555,16.296387,-24.291992,-24.108887
1493852618.442598,-0.680176,0.000000,-0.058105,16.906738,-24.047852,-23.864746
1493852618.445346,-0.669434,0.021484,-0.088867,15.747070,-22.399902,-23.742676
1493852618.448176,-0.654785,-0.016113,-0.017578,15.258789,-20.385742,-23.132324
1493852618.450968,-0.670410,-0.015137,-0.113281,16.357422,-18.859863,-22.705078
1493852618.453650,-0.653809,-0.010254,-0.077148,14.648438,-18.798828,-23.132324
1493852618.456344,-0.697754,-0.020996,-0.086914,14.465332,-18.859863,-23.498535
1493852618.459018,-0.672363,-0.003418,-0.142090,15.014648,-18.676758,-23.071289
1493852618.461617,-0.676758,-0.021973,-0.084961,14.770508,-17.578125,-22.277832
1493852618.464163,-0.678711,-0.022949,-0.101074,16.662598,-17.456055,-21.179199
1493852618.466713,-0.721191,-0.005371,-0.132812,20.141602,-18.127441,-20.446777
1493852618.469336,-0.676758,-0.020508,-0.052734,22.216797,-18.310547,-19.836426
1493852618.472025,-0.673340,0.112793,-0.089355,20.324707,-18.127441,-20.141602
1493852618.474711,-0.667480,-0.012695,-0.022461,20.141602,-17.456055,-20.629883
1493852618.477392,-0.681152,-0.016602,-0.142090,20.019531,-15.380859,-23.071289
1493852618.480021,-0.630859,-0.020996,-0.090820,20.080566,-13.671875,-24.780273
1493852618.482571,-0.650391,-0.012207,-0.174805,20.019531,-13.244629,-26.916504
1493852618.485125,-0.647949,-0.020508,-0.086914,20.812988,-12.145996,-28.198242
1493852618.487675,-0.517578,-0.004395,-0.142090,21.301270,-11.047363,-29.174805
1493852618.490292,-0.649902,0.009766,-0.121582,19.226074,-9.521484,-32.470703
1493852618.492837,-0.740234,-0.016113,-0.075195,17.028809,-6.774902,-34.301758
1493852618.495384,-0.652344,0.005859,-0.187988,17.028809,-5.004883,-34.240723
1493852618.497957,-0.655762,-0.011230,-0.056152,17.456055,-4.089355,-35.705566
1493852618.500527,-0.678711,0.008789,-0.113281,15.563965,-4.577637,-37.902832
1493852618.503076,-0.728027,0.015137,-0.121094,14.282227,-4.455566,-40.771484
1493852618.505624,-0.626465,0.004395,-0.069336,15.197754,-5.493164,-42.541504
1493852618.508218,-0.634277,0.013184,-0.156250,17.272949,-4.760742,-41.870117
1493852618.510813,-0.874512,-0.024902,-0.083496,17.395020,-2.685547,-39.489746
1493852618.513363,-0.746094,0.015137,-0.138184,18.066406,-3.051758,-39.245605
1493852618.515912,-0.868652,0.004883,-0.089355,17.333984,-3.417969,-40.771484
1493852618.518563,-0.654297,0.006836,-0.085938,17.333984,-4.455566,-44.189453
1493852618.521285,-0.761230,0.044434,-0.099121,18.249512,-4.821777,-47.302246
1493852618.523966,-0.703125,0.029297,-0.091797,19.714355,-5.065918,-51.513672
1493852618.526648,-0.761719,0.006836,-0.114746,19.897461,-4.821777,-55.541992
1493852618.529336,-0.736328,0.068359,-0.098633,22.216797,-6.042480,-61.645508
1493852618.532024,-0.688477,0.044922,-0.022949,20.507812,-5.981445,-68.298340
1493852618.534707,-0.695312,0.060059,-0.018555,20.507812,-3.906250,-72.326660
1493852618.537386,-0.761719,0.105469,-0.087891,20.996094,-1.281738,-78.430176
1493852618.540112,-0.696777,0.106445,-0.006836,20.385742,2.929688,-84.899902
1493852618.542801,-0.639648,0.075684,-0.056641,16.357422,6.347656,-89.172363
1493852618.545479,-0.752930,0.076172,-0.095215,13.000488,6.835938,-90.759277
1493852618.548156,-0.786133,0.050781,-0.024902,11.230469,6.408691,-92.163086
1493852618.550886,-0.830078,0.051758,-0.065430,9.521484,3.295898,-91.857910
1493852618.553435,-0.826172,0.010742,-0.040527,9.948730,-2.807617,-89.538574
1493852618.556023,-0.877441,-0.005371,-0.101074,9.948730,-6.408691,-84.960938
1493852618.558661,-0.904297,-0.033691,-0.121094,11.230469,-29.724121,-78.674316
1493852618.561263,-0.950195,-0.034180,-0.142578,15.930176,-23.376465,-67.382812
1493852618.563815,-0.958496,-0.053711,-0.080078,21.972656,-33.203125,-52.551270
1493852618.566430,-1.009277,0.036621,-0.150391,30.334473,-44.128418,-45.837402
1493852618.569105,-0.974609,0.144531,-0.115234,30.151367,-52.062988,-48.889160
1493852618.571767,-0.958496,0.337402,-0.147461,26.855469,-54.077148,-73.303223
1493852618.574461,-0.920898,0.281250,-0.104980,22.644043,-49.560547,-98.266602
1493852618.577200,-0.836426,0.335449,-0.211914,20.935059,-40.222168,-121.459961
1493852618.579895,-0.856934,0.241699,-0.057617,12.695312,-31.250000,-125.122070
1493852618.582549,-0.870605,0.197754,-0.147949,7.751465,-25.512695,-134.277344
1493852618.585195,-0.835449,0.207031,-0.143066,1.831055,-23.864746,-139.343262
1493852618.587886,-0.864258,0.156250,-0.100586,-2.502441,-19.958496,-143.432617
1493852618.590600,-0.911133,0.080078,-0.215820,-1.159668,-15.747070,-147.827148
1493852618.593278,-0.933105,0.089844,-0.215820,-1.281738,-14.709473,-150.939941
1493852618.595960,-1.011719,0.060547,-0.153809,-2.014160,-11.352539,-156.005859
1493852618.598668,-1.037598,0.041016,-0.210938,-0.183105,-5.493164,-161.621094
1493852618.601371,-1.088867,0.052734,-0.205566,3.417969,-0.305176,-167.175293
1493852618.604045,-1.123535,0.053711,-0.232422,6.652832,3.723145,-168.884277
1493852618.606724,-1.140625,0.052734,-0.133301,8.117676,4.394531,-169.738770
1493852618.609365,-1.167480,0.044434,-0.185059,11.657715,1.342773,-169.799805
1493852618.611937,-1.370605,0.089844,-0.139648,13.122559,-2.929688,-168.090820
1493852618.614484,-1.263184,0.070312,-0.115234,16.052246,-5.004883,-166.198730
1493852618.617038,-1.337402,0.138672,-0.188965,22.216797,-6.042480,-165.771484
1493852618.619668,-1.436035,0.164062,-0.249512,27.526855,-4.638672,-165.344238
1493852618.622297,-1.432617,0.209961,-0.346680,35.644531,-5.554199,-165.222168
1493852618.624846,-1.388672,0.293945,-0.460938,45.227051,-5.310059,-186.157227
1493852618.627397,-1.617188,0.342773,-0.569824,58.166504,-3.173828,-176.452637
1493852618.630021,-1.536133,0.390137,-0.488281,72.143555,-6.774902,-181.823730
1493852618.632717,-1.548340,0.462402,-0.556152,83.129883,-11.596680,-189.147949
1493852618.635403,-1.520508,0.564453,-0.469238,92.224121,-18.859863,-195.800781
1493852618.638080,-1.514648,0.637207,-0.548340,94.848633,-30.090332,-201.171875
1493852618.640744,-1.446777,0.731445,-0.369629,92.956543,-39.855957,-207.641602
1493852618.643449,-1.380371,0.772949,-0.362793,90.087891,-42.541504,-216.674805
1493852618.646155,-1.312012,0.764648,-0.279297,88.195801,-36.437988,-227.233887
1493852618.649158,-1.310059,0.729004,-0.182129,83.007812,-28.076172,-236.511230
1493852618.652107,-1.274902,0.700195,-0.156738,72.998047,-20.935059,-246.704102
1493852618.654657,-1.317871,0.690918,-0.138672,64.392090,-17.089844,-257.202148
1493852618.657206,-1.355469,0.661133,-0.145996,57.006836,-17.333984,-269.287109
1493852618.659754,-1.339844,0.650391,-0.187500,57.800293,-18.554688,-282.592773
1493852618.662299,-1.347656,0.551270,-0.145020,62.500000,-19.409180,-295.898438
1493852618.664843,-1.414062,0.429688,-0.141113,64.392090,-24.536133,-308.288574
1493852618.667390,-1.375977,0.316895,-0.140137,64.636230,-38.330078,-319.763184
1493852618.669938,-1.450195,0.120605,-0.177734,62.316895,-57.678223,-324.035645
1493852618.672487,-1.418945,-0.064941,-0.211914,60.668945,-78.735352,-329.467773
1493852618.675033,-1.354492,-0.233887,-0.363770,58.105469,-91.613770,-332.458496
1493852618.677577,-1.433594,-0.300781,-0.328613,56.152344,-96.984863,-333.679199
1493852618.680121,-1.429688,-0.315918,-0.356934,48.278809,-99.853516,-331.604004
1493852618.682671,-1.458496,-0.130859,-0.388672,40.466309,-99.975586,-326.782227
1493852618.685220,-1.449219,-0.210449,-0.412598,39.978027,-90.209961,-320.922852
1493852618.687918,-1.399902,-0.211426,-0.478516,44.067383,-67.810059,-317.871094
1493852618.690500,-1.403809,-0.172363,-0.263672,50.720215,-43.579102,-315.246582
1493852618.693047,-1.321289,-0.110840,-0.402344,54.016113,-30.517578,-315.063477
1493852618.695593,-1.316895,-0.064941,-0.363281,52.185059,-30.822754,-315.246582
1493852618.698208,-1.275879,-0.084473,-0.457031,49.377441,-44.250488,-316.711426
1493852618.700824,-1.251465,-0.100586,-0.388184,49.560547,-61.340332,-318.481445
1493852618.703370,-1.214844,-0.105469,-0.344238,52.062988,-72.998047,-317.993164
1493852618.705916,-1.176758,-0.074219,-0.462402,51.879883,-75.683594,-314.941406
1493852618.708544,-1.111328,-0.065918,-0.433105,49.804688,-74.401855,-310.546875
1493852618.711173,-1.024414,-0.073242,-0.400879,49.499512,-68.542480,-302.124023
1493852618.713721,-0.879883,-0.068359,-0.336914,49.987793,-57.800293,-291.748047
1493852618.716269,-0.920898,-0.049805,-0.395996,49.194336,-48.767090,-270.019531
1493852618.718818,-0.760254,-0.002930,-0.391113,49.011230,-41.625977,-270.996094
1493852618.721369,-0.812500,0.078613,-0.337402,49.682617,-36.193848,-253.601074
1493852618.723917,-0.729980,0.126953,-0.331055,50.109863,-30.517578,-235.107422
1493852618.726462,-0.721680,0.164551,-0.277832,53.894043,-23.193359,-217.041016
1493852618.729047,-0.620605,0.267578,-0.336914,58.288574,-3.173828,-198.547363
1493852618.731706,-0.567871,0.333008,-0.312988,63.049316,-7.446289,-182.434082
1493852618.734393,-0.465820,0.361328,-0.270996,71.655273,6.713867,-169.372559
1493852618.737076,-0.417480,0.397461,-0.168457,85.266113,22.644043,-159.545898
1493852618.739713,-0.354004,0.408203,-0.091797,104.858398,38.574219,-152.099609
1493852618.742282,-0.294922,0.272461,-0.001953,119.812012,47.973633,-150.024414
1493852618.744834,-0.284180,0.103027,-0.017578,133.728027,51.635742,-150.756836
1493852618.747387,-0.308105,-0.034668,0.023926,140.502930,48.645020,-156.921387
1493852618.749943,-0.269531,-0.181152,-0.034180,143.920898,44.494629,-167.297363
1493852618.752496,-0.238281,-0.288574,0.024414,145.690918,41.870117,-178.344727
1493852618.755043,-0.265625,-0.325195,0.022461,147.460938,35.583496,-186.645508
1493852618.757592,-0.325684,-0.304199,-0.054688,139.038086,31.005859,-184.570312
1493852618.760226,-0.349121,-0.306152,0.005371,130.737305,24.353027,-174.011230
1493852618.762914,-0.299805,-0.244141,0.039062,117.553711,23.498535,-154.113770
1493852618.765627,-0.325195,-0.235352,0.030762,101.013184,23.437500,-126.708984
1493852618.768348,-0.383789,-0.150391,0.076172,88.073730,24.536133,-94.665527
1493852618.771040,-0.364746,-0.088867,0.083008,73.974609,20.996094,-64.392090
1493852618.773726,-0.409668,-0.001465,0.120117,59.204102,6.164551,-42.419434
1493852618.776413,-0.368652,0.058594,0.086426,42.968750,-18.615723,-30.517578
1493852618.779103,-0.312012,0.062988,0.074219,32.104492,-42.053223,-23.132324
1493852618.781791,-0.223633,0.100586,0.176758,27.954102,-54.321289,-15.136719
1493852618.784474,-0.175781,0.062988,0.158203,29.541016,-56.091309,-9.582520
1493852618.787153,-0.106934,0.062500,0.024414,26.550293,-53.649902,4.333496
1493852618.789811,-0.092773,0.077637,0.112305,15.319824,-50.659180,21.850586
1493852618.792399,-0.071777,0.119629,0.067871,-2.319336,-49.865723,40.893555
1493852618.794948,-0.063965,0.145996,0.123047,-20.080566,-49.377441,57.983398
1493852618.797504,-0.073242,0.154785,0.144531,-42.541504,-49.804688,72.753906
1493852618.800064,-0.081055,0.207031,0.147949,-40.405273,-49.316406,81.970215
1493852618.802618,-0.125977,0.218750,0.130859,-45.349121,-49.438477,86.791992
1493852618.805172,-0.067871,0.266113,0.071289,-47.607422,-49.682617,88.806152
1493852618.807788,-0.095215,0.300781,0.089355,-48.706055,-49.194336,86.059570
1493852618.810409,-0.062012,0.301270,0.047363,-51.574707,-48.706055,83.007812
1493852618.812964,0.079102,0.286621,0.076172,-54.199219,-48.645020,76.110840
1493852618.815515,-0.017090,0.307129,0.061523,-56.030273,-46.997070,69.091797
1493852618.818158,-0.105469,0.269531,0.082031,-55.664062,-45.898438,63.842773
1493852618.820993,0.007324,0.235840,0.109375,-56.396484,-44.738770,60.180664
1493852618.823679,0.021484,0.172852,0.000000,-56.396484,-44.067383,58.715820
1493852618.826366,0.025391,0.147461,0.057129,-57.556152,-44.189453,57.495117
1493852618.829036,-0.010742,0.093262,0.110840,-57.495117,-44.555664,57.189941
1493852618.831635,-0.030273,0.072266,0.078125,-56.457520,-44.799805,58.349609
1493852618.834234,-0.004395,0.072754,0.101074,-55.786133,-43.334961,60.607910
1493852618.836836,-0.038574,0.054688,0.080078,-54.565430,-42.419434,63.781738
1493852618.839427,0.010742,0.024414,0.063965,-52.124023,-41.381836,66.894531
1493852618.842068,0.005371,0.009277,0.056152,-49.072266,-39.184570,72.204590
1493852618.844760,0.013184,0.002930,0.096191,-45.104980,-36.437988,77.209473
1493852618.847463,-0.002441,0.024902,0.006836,-42.785645,-35.583496,81.176758
1493852618.850124,0.002441,0.020508,0.057129,-39.428711,-35.522461,84.045410
1493852618.852770,0.041504,0.047852,-0.047852,-36.682129,-35.766602,85.449219
1493852618.855426,0.020508,0.033203,0.020508,-32.531738,-34.606934,87.829590
1493852618.858099,0.012207,0.029297,-0.112305,-30.395508,-33.691406,90.148926
1493852618.860714,0.044434,0.024414,-0.078613,-28.503418,-31.799316,95.825195
1493852618.863266,0.043945,0.027344,0.122559,-25.695801,-30.029297,102.233887
1493852618.865821,0.054688,0.007812,0.049805,-24.291992,-29.296875,108.215332
1493852618.868464,-0.000977,0.010742,-0.100586,-23.132324,-27.587891,113.281250
1493852618.871172,0.095703,0.031738,-0.048340,-22.705078,-27.587891,116.516113
1493852618.873857,-0.102051,0.057617,-0.030273,-20.629883,-27.282715,120.483398
1493852618.876542,0.017578,0.028809,0.015137,-17.456055,-26.611328,126.647949
1493852618.879185,-0.031738,0.030273,0.068359,-16.418457,-26.123047,131.103516
1493852618.881761,-0.026367,0.029297,0.064941,-14.648438,-25.634766,136.596680
1493852618.884312,-0.048340,0.036621,0.112305,-13.061523,-26.367188,139.221191
1493852618.886864,-0.053223,0.016602,-0.019043,-11.108398,-26.672363,143.493652
1493852618.889484,0.002930,0.026367,-0.019043,-10.437012,-25.573730,148.132324
1493852618.892178,-0.038086,0.026367,-0.028809,-9.704590,-24.475098,150.756836
1493852618.894861,-0.041504,0.005371,-0.077148,-10.498047,-23.742676,157.470703
1493852618.897547,-0.039062,0.037109,-0.027344,-8.850098,-24.047852,165.100098
1493852618.900227,-0.064941,0.031738,-0.015625,-8.911133,-23.742676,186.340332
1493852618.902910,-0.056152,0.016602,-0.017090,-10.131836,-22.155762,177.368164
1493852618.905599,-0.037109,0.052734,-0.111816,-11.901855,-21.362305,184.020996
1493852618.908290,-0.055664,0.046875,0.013184,-14.160156,-20.812988,188.049316
1493852618.910979,-0.071777,0.054688,-0.033203,-12.817383,-20.507812,190.979004
1493852618.913661,-0.065430,0.022949,-0.047852,-11.962891,-19.165039,196.777344
1493852618.916342,-0.104004,0.049805,-0.105469,-12.023926,-18.249512,203.125000
1493852618.918991,-0.092773,0.056641,-0.096680,-11.657715,-15.808105,208.679199
1493852618.921571,-0.122559,0.042480,-0.031250,-12.207031,-13.977051,216.430664
1493852618.924127,-0.116699,0.078613,-0.180664,-12.939453,-10.375977,224.243164
1493852618.926681,-0.117188,0.056152,-0.113281,-14.526367,-8.483887,229.248047
1493852618.929299,-0.147461,0.046387,-0.072754,-16.601562,-5.004883,231.750488
1493852618.931984,-0.157715,0.018555,-0.133301,-21.240234,-3.234863,234.069824
1493852618.934664,-0.211426,0.005859,-0.122559,-22.705078,-2.807617,236.694336
1493852618.937352,-0.212402,-0.114258,-0.195801,-23.803711,-0.732422,240.722656
1493852618.940061,-0.209961,-0.007324,-0.235840,-24.780273,2.014160,247.802734
1493852618.942760,-0.241699,-0.018555,-0.157715,-25.024414,4.638672,256.164551
1493852618.945443,-0.221680,0.005371,-0.156250,-26.855469,7.690430,264.770508
1493852618.948135,-0.229492,0.022461,-0.141113,-29.052734,11.901855,272.155762
1493852618.950827,-0.239746,0.116699,-0.134277,-31.066895,16.479492,278.808594
1493852618.953512,-0.262695,0.009277,-0.188965,-31.311035,20.935059,281.921387
1493852618.956191,-0.302246,0.047852,-0.158691,-31.677246,23.437500,287.109375
1493852618.958955,-0.364258,0.019531,-0.142090,-32.958984,25.268555,290.832520
1493852618.961542,-0.481934,0.051758,-0.216797,-32.714844,27.465820,293.640137
1493852618.964091,-0.389648,0.084961,-0.203613,-33.203125,29.174805,296.630859
1493852618.966644,-0.381836,0.065918,-0.131836,-32.714844,30.456543,299.194336
1493852618.969243,-0.426758,0.062988,-0.154785,-33.935547,32.348633,301.574707
1493852618.971915,-0.424805,0.052246,-0.169922,-34.240723,35.034180,304.321289
1493852618.974603,-0.435059,0.062988,-0.245605,-33.813477,37.536621,307.006836
1493852618.977285,-0.470703,0.059570,-0.218750,-35.522461,38.879395,309.997559
1493852618.979973,-0.384277,0.056152,-0.161621,-34.545898,40.222168,312.561035
1493852618.982662,-0.504883,0.062500,-0.228516,-33.569336,40.710449,315.551758
1493852618.985343,-0.494141,0.089844,-0.194336,-34.729004,42.236328,318.359375
1493852618.988051,-0.548828,0.101562,-0.235840,-34.362793,43.640137,320.007324
1493852618.990764,-0.597168,0.090820,-0.213867,-34.362793,45.410156,321.960449
1493852618.993455,-0.603516,0.117676,-0.340820,-34.729004,47.302246,322.082520
1493852618.996149,-0.730469,0.012695,-0.236816,-33.752441,49.011230,321.044922
1493852618.998870,-0.637695,0.159668,-0.228516,-34.606934,50.415039,317.199707
1493852619.001589,-0.648926,0.162598,-0.322754,-35.217285,51.269531,313.659668
1493852619.004271,-0.694824,0.168457,-0.212402,-33.874512,51.818848,309.448242
1493852619.006951,-0.802246,0.158203,-0.265137,-34.301758,51.452637,304.870605
1493852619.009609,-0.754883,0.005859,-0.185547,-32.775879,51.757812,300.964355
1493852619.012198,-0.774414,0.111328,-0.206543,-30.578613,52.795410,299.316406
1493852619.014749,-0.771484,0.099609,-0.241699,-26.733398,54.382324,296.203613
1493852619.017296,-0.835449,0.104004,-0.241211,-22.521973,55.175781,295.288086
1493852619.019921,-0.881836,0.104980,-0.287598,-19.592285,57.556152,294.128418
1493852619.022619,-0.915527,0.063965,-0.239746,-16.479492,59.753418,293.273926
1493852619.025304,-0.945312,0.007812,-0.104004,-12.451172,62.683105,290.954590
1493852619.027994,-0.982910,0.007324,-0.140625,-10.009766,67.138672,288.818359
1493852619.030686,-0.919922,-0.030762,-0.115234,-7.019043,72.204590,286.071777
1493852619.033372,-1.018555,-0.031738,-0.145996,-3.723145,78.613281,284.240723
1493852619.036056,-1.017090,-0.062012,-0.217773,2.136230,83.740234,282.592773
1493852619.038742,-1.077637,-0.097656,-0.238281,6.591797,87.829590,281.005859
1493852619.041428,-1.198242,-0.144043,-0.148926,11.108398,92.224121,278.930664
1493852619.044116,-1.089844,-0.172363,-0.095215,13.488770,96.191406,279.357910
1493852619.046803,-1.130371,-0.227539,-0.087402,17.395020,100.463867,278.869629
1493852619.049494,-1.137695,-0.231934,-0.246094,20.690918,102.478027,277.160645
1493852619.052189,-1.171387,-0.226562,-0.114746,23.193359,105.651855,273.803711
1493852619.054879,-1.186035,-0.234375,-0.080566,26.123047,109.497070,270.080566
1493852619.057570,-1.373047,-0.246094,-0.111328,26.611328,112.670898,265.197754
1493852619.060235,-1.248535,-0.150391,-0.064453,26.428223,114.624023,261.901855
1493852619.062785,-1.298828,-0.286133,-0.089355,26.672363,116.882324,258.605957
1493852619.065340,-1.300293,-0.291992,-0.066406,25.878906,119.079590,257.873535
1493852619.067924,-1.336426,-0.274902,-0.097656,22.949219,122.131348,255.249023
1493852619.070575,-1.281250,-0.279297,-0.072266,20.812988,124.511719,249.938965
1493852619.073264,-1.306152,-0.253906,-0.112793,13.732910,124.877930,241.516113
1493852619.075953,-1.364258,-0.226562,-0.035156,5.004883,122.436523,232.177734
1493852619.078660,-1.385254,-0.239746,-0.019043,-3.295898,119.079590,226.562500
1493852619.081366,-1.483887,-0.126465,0.083008,-9.338379,116.210938,223.205566
1493852619.084049,-1.554688,-0.263672,0.070312,-12.451172,116.760254,222.534180
1493852619.086738,-1.548340,-0.260742,0.003418,-14.343262,117.553711,225.585938
1493852619.089429,-1.726074,-0.300781,0.158203,-17.456055,116.149902,231.201172
1493852619.092120,-1.742188,-0.281250,0.163574,-19.653320,111.145020,239.807129
1493852619.094809,-1.619141,-0.306152,0.196289,-19.714355,103.271484,248.840332
1493852619.097608,-1.594727,-0.235840,0.195312,-18.493652,92.651367,256.042480
1493852619.100290,-1.611328,-0.264648,0.202148,-18.310547,81.604004,259.155273
1493852619.102843,-1.594727,-0.223633,0.091309,-17.578125,74.645996,258.300781
1493852619.105395,-1.567383,-0.237305,0.138672,-18.737793,70.922852,255.859375
1493852619.107967,-1.611816,-0.253418,0.116699,-22.521973,65.246582,250.671387
1493852619.110541,-1.479492,-0.314453,0.112793,-23.620605,59.997559,245.849609
1493852619.113090,-1.445801,-0.341797,0.006836,-24.475098,55.847168,243.347168
1493852619.115639,-1.411133,-0.377930,-0.046875,-25.817871,52.062988,238.830566
1493852619.118214,-1.354980,-0.473633,-0.050293,-26.855469,46.936035,234.436035
1493852619.120862,-1.266113,-0.510742,-0.117676,-27.160645,42.968750,228.881836
1493852619.123546,-1.198242,-0.536133,-0.138672,-25.634766,43.334961,219.116211
1493852619.126225,-1.231934,-0.604980,-0.177246,-24.658203,46.142578,207.885742
1493852619.128914,-1.171875,-0.670410,-0.206543,-26.000977,46.813965,200.866699
1493852619.131603,-1.170898,-0.733398,-0.083984,-26.123047,46.936035,196.655273
1493852619.134320,-1.188477,-0.813477,-0.093262,-18.981934,45.959473,192.138672
1493852619.136971,-1.123535,-0.774902,-0.074219,-1.403809,45.410156,183.959961
1493852619.139605,-1.030762,-0.790527,0.045410,-11.230469,46.081543,171.386719
1493852619.142293,-1.027344,-0.769043,0.115723,-4.150391,51.086426,158.874512
1493852619.144994,-1.010742,-0.793945,-0.041016,2.929688,55.175781,151.367188
1493852619.148190,-1.046387,-0.810547,0.013184,9.643555,53.894043,152.160645
1493852619.151286,-1.003906,-0.830566,0.009277,18.249512,53.039551,149.597168
1493852619.153834,-1.064453,-0.850586,0.109375,25.695801,53.100586,149.047852
1493852619.156379,-0.954590,-0.769531,0.037109,31.127930,53.771973,145.385742
1493852619.158946,-1.011230,-0.854980,-0.057129,32.653809,55.358887,130.187988
1493852619.161515,-1.021484,-0.820801,0.053223,33.996582,51.452637,126.831055
1493852619.164062,-1.003418,-0.829590,0.016113,35.034180,46.142578,123.474121
1493852619.166611,-1.029297,-0.817871,0.121094,38.208008,42.297363,118.103027
1493852619.169163,-0.966309,-0.854980,0.000488,39.367676,39.306641,105.041504
1493852619.171721,-0.981445,-0.826660,0.087402,40.710449,35.583496,99.792480
1493852619.174269,-0.985840,-0.885742,0.116211,41.870117,30.822754,87.341309
1493852619.176856,-0.892090,-0.878906,0.069824,42.602539,24.841309,77.331543
1493852619.179483,-0.914062,-0.893555,0.050781,41.992188,20.385742,68.298340
1493852619.182054,-0.910156,-0.901855,0.122070,41.748047,14.404297,60.424805
1493852619.184607,-0.914062,-0.895508,0.058105,44.067383,10.620117,55.114746
1493852619.187159,-0.892578,-0.862305,0.050293,46.569824,8.483887,48.950195
1493852619.189713,-0.868164,-0.823730,0.067871,48.156738,5.737305,41.137695
1493852619.192269,-0.915527,-0.823242,0.065918,51.086426,4.821777,34.729004
1493852619.194820,-1.036133,-0.443848,0.094727,47.058105,-0.183105,31.127930
1493852619.197371,-1.292969,-0.243652,-0.261719,-1.647949,-38.391113,17.883301
1493852619.199984,-1.215820,-0.370117,0.374512,-7.263184,-56.884766,-10.559082
1493852619.202670,-0.979492,-0.334961,0.330078,5.981445,-37.719727,-49.194336
1493852619.205358,-0.838867,-0.262695,0.041992,-1.220703,-15.563965,-101.684570
1493852619.208061,-0.611328,-0.113281,0.448242,-23.559570,-6.713867,-156.982422
1493852619.210691,-0.645508,-0.204590,0.407715,-76.904297,-6.591797,-201.049805
1493852619.213244,-0.921875,-0.281250,0.537109,-75.439453,-5.737305,-213.989258
1493852619.215794,-1.086914,-0.458008,0.642090,-61.218262,13.671875,-186.462402
1493852619.218410,-1.117188,-0.449219,0.690918,-28.015137,28.625488,-134.582520
1493852619.221027,-1.166992,-0.056152,0.633301,-4.028320,31.311035,-82.214355
1493852619.223576,-1.226074,0.390625,0.510742,0.976562,34.545898,-41.870117
1493852619.226126,-1.210449,0.818848,0.554199,6.835938,21.972656,-10.864258
1493852619.228773,-1.227051,1.169434,0.398438,25.756836,9.277344,1.159668
1493852619.231485,-1.187012,1.453125,0.192871,44.799805,0.000000,44.555664
1493852619.234274,-1.011230,1.558594,0.116699,48.645020,-6.774902,52.673340
1493852619.236939,-0.945312,1.398438,-0.041016,29.541016,-15.563965,58.654785
1493852619.239612,-0.705078,1.352051,-0.130371,0.366211,-22.033691,35.705566
1493852619.242285,-0.506836,1.069824,-0.139648,-33.386230,-28.564453,-12.023926
1493852619.244955,-0.414551,0.824219,-0.210938,-61.950684,-34.667969,-74.584961
1493852619.247625,-0.302734,0.541504,-0.255859,-76.965332,-34.484863,-140.808105
1493852619.250344,-0.279297,0.234863,-0.169434,-80.322266,-22.277832,-202.941895
1493852619.253011,-0.326660,-0.111328,-0.183594,-80.932617,-0.061035,-252.197266
1493852619.255682,-0.450195,-0.214355,-0.158203,-83.374023,16.296387,-285.095215
1493852619.258363,-0.658203,-0.373535,-0.169434,-109.313965,17.639160,-300.598145
1493852619.260983,-0.781250,-0.496094,-0.071777,-103.271484,10.620117,-300.354004
1493852619.263537,-0.916992,-0.601074,0.047852,-96.679688,7.019043,-290.100098
1493852619.266086,-1.068359,-0.660645,0.091309,-75.439453,8.789062,-273.132324
1493852619.268685,-1.237793,-0.614746,-0.033203,-44.372559,15.686035,-248.596191
1493852619.271358,-1.169922,-0.535156,-0.071777,-21.606445,22.277832,-217.468262
1493852619.274044,-1.197266,-0.392578,-0.138672,-7.507324,23.193359,-182.250977
1493852619.276724,-1.101074,-0.259277,-0.155762,3.234863,19.836426,-150.451660
1493852619.279403,-1.072266,-0.143555,-0.205566,16.784668,12.268066,-128.173828
