1493852632.550021,-0.275391,0.133301,-0.097656,-118.225098,52.307129,224.182129
1493852632.552659,-0.300293,0.149902,-0.137695,-121.765137,51.513672,233.825684
1493852632.555228,-0.273438,0.166504,-0.107422,-121.154785,51.513672,243.896484
1493852632.557804,-0.312500,0.162109,-0.105469,-120.361328,50.903320,253.784180
1493852632.560362,-0.307617,0.197266,-0.158203,-120.483398,51.940918,261.718750
1493852632.562913,-0.328125,0.192383,-0.072266,-120.239258,52.795410,269.714355
1493852632.565525,-0.300293,0.195312,-0.077637,-120.727539,54.138184,276.489258
1493852632.568156,-0.333496,0.191406,-0.135254,-119.812012,57.189941,283.569336
1493852632.570722,-0.336426,0.236328,-0.086914,-119.262695,59.387207,289.001465
1493852632.573273,-0.323242,0.216797,-0.092773,-119.812012,62.255859,291.870117
1493852632.575884,-0.264648,0.222656,-0.109863,-116.821289,64.270020,297.363281
1493852632.578538,-0.382324,0.242676,-0.132324,-115.539551,66.223145,301.696777
1493852632.581134,-0.325684,0.224609,-0.137695,-114.746094,67.687988,305.725098
1493852632.584229,-0.388184,0.262695,-0.156250,-113.037109,68.237305,309.814453
1493852632.587328,-0.411621,0.272949,-0.188965,-109.497070,68.542480,311.889648
1493852632.589992,-0.404297,0.291992,-0.089844,-108.032227,69.396973,314.453125
1493852632.592708,-0.450684,0.281738,-0.168945,-106.811523,71.411133,315.979004
1493852632.595456,-0.455078,0.271484,-0.134766,-106.994629,72.387695,317.382812
1493852632.598248,-0.486328,0.258301,-0.111328,-105.041504,73.120117,319.824219
1493852632.601295,-0.521484,0.371582,-0.224121,-102.783203,75.439453,321.472168
1493852632.604170,-0.562012,0.236328,-0.206543,-100.097656,76.965332,323.547363
1493852632.606726,-0.587402,0.129883,-0.225586,-99.853516,77.087402,326.660156
1493852632.609345,-0.579590,0.239746,-0.164551,-98.693848,76.171875,330.200195
1493852632.612036,-0.640625,0.221680,-0.152344,-97.106934,74.340820,333.679199
1493852632.614718,-0.631348,0.221680,-0.253418,-96.496582,73.913574,336.791992
1493852632.617404,-0.648438,0.197266,-0.134277,-95.520020,72.998047,339.050293
1493852632.620098,-0.648926,0.173340,-0.189453,-93.444824,72.753906,341.247559
1493852632.622775,-0.687988,0.156738,-0.248047,-93.200684,72.570801,343.933105
1493852632.625455,-0.708496,0.131836,-0.189453,-90.393066,70.800781,347.473145
1493852632.628131,-0.724609,0.122559,-0.218750,-88.256836,69.274902,350.708008
1493852632.630744,-0.770996,0.152344,-0.250000,-85.449219,64.941406,353.881836
1493852632.633296,-0.755371,0.152344,-0.152832,-81.542969,60.302734,355.102539
1493852632.635844,-0.804688,0.162598,-0.249512,-74.523926,54.565430,356.262207
1493852632.638398,-0.845215,0.208496,-0.189453,-66.894531,51.513672,354.675293
1493852632.640955,-0.840820,0.205566,-0.183594,-47.912598,49.560547,350.585938
1493852632.643509,-0.917480,0.228516,-0.307129,-57.617188,49.011230,344.421387
1493852632.646062,-0.869141,0.236328,-0.250488,-52.551270,51.757812,336.547852
1493852632.648705,-0.904297,0.230469,-0.334961,-45.227051,50.781250,329.345703
1493852632.651350,-0.966797,0.193359,-0.316895,-35.766602,51.818848,323.242188
1493852632.653903,-0.879883,0.149902,-0.410645,-30.212402,54.931641,319.458008
1493852632.656452,-0.897949,0.128906,-0.422363,-26.062012,57.373047,317.443848
1493852632.659041,-1.006836,0.066406,-0.331055,-23.193359,60.913086,314.331055
1493852632.661681,-1.044434,0.009277,-0.404785,-16.357422,67.138672,311.340332
1493852632.664323,-1.072266,-0.045410,-0.361816,-8.850098,72.998047,306.823730
1493852632.666962,-1.150879,-0.059570,-0.446777,1.647949,80.261230,302.368164
1493852632.669621,-1.153809,-0.074219,-0.439453,10.192871,86.791992,299.316406
1493852632.672307,-1.141113,-0.108887,-0.478516,12.634277,92.651367,295.471191
1493852632.674989,-1.208984,-0.123535,-0.442871,16.845703,96.862793,294.006348
1493852632.677675,-1.234375,-0.124512,-0.539062,19.714355,101.989746,293.457031
1493852632.680362,-1.251953,-0.145996,-0.458984,19.165039,105.041504,292.297363
1493852632.683041,-1.302734,-0.165527,-0.382812,18.127441,105.651855,291.625977
1493852632.685725,-1.333008,-0.173340,-0.472656,12.512207,105.285645,288.391113
1493852632.688533,-1.336426,-0.202148,-0.392090,5.981445,105.590820,282.653809
1493852632.691133,-1.414062,-0.250488,-0.406250,1.586914,107.604980,275.695801
1493852632.693684,-1.386230,-0.267578,-0.358398,0.366211,124.633789,271.972656
1493852632.696231,-1.425293,-0.324219,-0.290527,1.831055,114.440918,274.902344
1493852632.698808,-1.464844,-0.326172,-0.345703,-1.037598,120.361328,283.081055
1493852632.701388,-1.496094,-0.351562,-0.292969,-2.929688,124.328613,289.306641
1493852632.703937,-1.484863,-0.263184,-0.208984,-3.356934,125.976562,302.978516
1493852632.706487,-1.397949,-0.364258,-0.277832,-2.197266,127.136230,316.101074
1493852632.709110,-1.489746,-0.353027,-0.228027,15.258789,127.136230,323.913574
1493852632.711805,-1.473633,-0.318359,-0.220703,1.892090,128.112793,325.317383
1493852632.714514,-1.404297,-0.229980,-0.202637,2.380371,129.089355,321.716309
1493852632.717227,-1.385254,-0.207031,-0.205078,2.380371,130.432129,316.162109
1493852632.719914,-1.263184,-0.156250,-0.204590,-2.746582,130.615234,309.997559
1493852632.722602,-1.339844,-0.003418,-0.299316,-8.544922,131.469727,305.847168
1493852632.725286,-1.354492,-0.106934,-0.270996,-12.390137,131.042480,303.710938
1493852632.727980,-1.353027,-0.092773,-0.253906,-19.775391,131.713867,302.062988
1493852632.730671,-1.307129,-0.064941,-0.287109,-26.428223,131.713867,297.546387
1493852632.733352,-1.338867,-0.112305,-0.251465,-31.982422,131.713867,291.442871
1493852632.736036,-1.327637,-0.104004,-0.294434,-38.818359,131.530762,282.531738
1493852632.738704,-1.321289,-0.089844,-0.142090,-46.447754,129.150391,272.277832
1493852632.741302,-1.347656,-0.132812,-0.150391,-52.612305,125.610352,265.502930
1493852632.743857,-1.324219,-0.175781,-0.234375,-56.457520,121.826172,260.070801
1493852632.746411,-1.350586,-0.166504,-0.166016,-58.715820,119.506836,257.385254
1493852632.748970,-1.383789,-0.187012,-0.245605,-62.683105,117.736816,252.685547
1493852632.751529,-1.378418,-0.255371,-0.033203,-62.316895,114.746094,254.211426
1493852632.754080,-1.472168,-0.271484,-0.015625,-61.401367,111.938477,261.962891
1493852632.756637,-1.461914,-0.317871,0.060547,-59.265137,108.215332,273.864746
1493852632.759264,-1.436035,-0.341309,-0.031738,-54.992676,104.125977,283.081055
1493852632.761889,-1.440918,-0.326660,-0.009277,-47.119141,102.233887,288.513184
1493852632.764444,-1.338379,-0.319824,-0.031738,-44.006348,99.121094,286.987305
1493852632.767001,-1.338867,-0.316406,-0.069824,-42.358398,94.787598,278.747559
1493852632.769669,-1.276855,-0.313965,-0.097656,-44.433594,91.186523,265.502930
1493852632.772408,-1.231445,-0.305664,-0.128906,-51.208496,86.425781,248.962402
1493852632.775091,-1.183105,-0.335449,-0.125488,-60.302734,83.679199,225.341797
1493852632.777783,-1.257324,-0.385742,-0.178711,-69.213867,82.458496,226.867676
1493852632.780478,-1.177734,-0.484375,-0.230469,-79.223633,84.838867,215.698242
1493852632.783160,-1.198730,-0.579590,-0.094238,-87.951660,86.547852,207.092285
1493852632.785848,-1.216797,-0.655762,-0.132812,-94.665527,88.134766,200.622559
1493852632.788519,-1.228027,-0.750977,-0.048340,-101.318359,86.425781,193.603516
1493852632.791121,-1.197266,-0.847656,-0.052246,-106.262207,84.167480,185.180664
1493852632.793676,-1.244629,-0.998047,0.002930,-107.971191,80.993652,175.231934
1493852632.796228,-1.212402,-0.955566,0.025879,-106.628418,77.453613,165.161133
1493852632.798819,-1.196777,-1.041992,0.040039,-107.116699,74.340820,154.418945
1493852632.801479,-1.213867,-1.065918,0.027344,-105.834961,72.998047,144.287109
1493852632.804162,-1.137695,-1.023438,-0.045898,-107.055664,70.861816,129.699707
1493852632.806849,-1.020508,-0.929199,0.041504,-117.370605,61.889648,96.252441
1493852632.809539,-1.124512,-1.041992,-0.027344,-144.897461,32.592773,52.429199
1493852632.812227,-0.984375,-1.242188,0.110352,-168.762207,41.320801,15.197754
1493852632.814913,-1.018555,-1.321289,0.154297,-185.485840,44.128418,-5.187988
1493852632.817591,-1.029785,-1.550781,0.248047,-183.166504,54.992676,-6.469727
1493852632.820341,-1.076172,-1.632324,0.017090,-167.419434,68.176270,1.281738
1493852632.823142,-1.145996,-1.716797,0.073242,-147.888184,51.940918,5.737305
1493852632.825823,-1.175293,-1.794922,0.198730,-128.356934,39.062500,4.028320
1493852632.828511,-1.209961,-1.783203,0.108398,-102.783203,-3.479004,3.967285
1493852632.831196,-1.201172,-1.601562,-0.101562,-84.228516,-19.775391,1.464844
1493852632.833877,-1.083984,-1.421387,-0.054688,-73.059082,-8.361816,-2.807617
1493852632.836556,-0.923828,-1.294434,-0.042480,-75.622559,9.887695,-10.986328
1493852632.839229,-0.840820,-1.208984,-0.041504,-77.453613,21.667480,-20.324707
1493852632.841836,-0.816406,-1.151855,-0.099121,-79.772949,23.986816,-41.503906
1493852632.844389,-0.721680,-1.158203,-0.017090,-82.397461,25.939941,-38.696289
1493852632.846936,-0.790527,-1.134766,-0.241211,-88.195801,30.334473,-55.908203
1493852632.849543,-0.827637,-1.154785,-0.203613,-108.032227,30.456543,-76.843262
1493852632.852223,-0.853027,-1.128418,-0.127930,-99.243164,27.038574,-100.463867
1493852632.854906,-0.902344,-1.145508,-0.162109,-103.454590,22.766113,-121.032715
1493852632.857588,-0.903320,-1.130371,-0.207520,-103.698730,17.639160,-134.887695
1493852632.860317,-0.912598,-1.120605,-0.210449,-103.515625,13.732910,-143.615723
1493852632.863002,-0.926758,-1.091309,-0.162598,-102.233887,11.901855,-150.390625
1493852632.865690,-0.907227,-1.006836,-0.113770,-101.806641,13.427734,-157.897949
1493852632.868381,-0.925781,-0.873047,-0.109863,-102.966309,14.038086,-165.588379
1493852632.871072,-1.042480,-0.634766,-0.978516,-109.252930,26.794434,-184.448242
1493852632.873757,-1.095215,-0.468262,-0.147949,-60.913086,86.242676,-215.576172
1493852632.876445,-1.005371,-0.470215,-0.356445,-51.086426,153.808594,-233.947754
1493852632.879134,-0.709473,-0.522461,0.418945,-57.312012,213.439941,-227.783203
1493852632.881816,-0.776855,-0.281250,-0.252930,-65.551758,245.849609,-199.279785
1493852632.884501,-1.022949,0.125000,-0.261719,-32.409668,221.496582,-165.954590
1493852632.887189,-1.273438,0.652832,-0.159668,29.357910,221.374512,-131.958008
1493852632.889823,-1.515625,1.163086,0.093750,70.373535,193.359375,-95.336914
1493852632.892392,-2.108887,2.041016,0.159180,99.853516,169.616699,-58.593750
1493852632.895028,-3.658203,3.156250,0.341309,118.041992,145.751953,-31.494141
1493852632.897663,-4.064453,3.164551,0.202637,133.972168,131.530762,-68.481445
1493852632.900457,-2.298828,2.271973,-0.039062,129.394531,102.661133,-154.296875
1493852632.903103,-0.654297,1.311035,-0.502930,102.966309,24.108887,-231.750488
1493852632.905887,0.312500,0.759766,-0.456055,93.811035,-93.322754,-288.513184
1493852632.908705,0.664062,0.277832,-0.183105,102.478027,-210.632324,-380.004883
1493852632.911539,0.347656,-0.342773,0.360840,115.783691,-262.329102,-500.915527
1493852632.914221,-0.134277,-0.685547,0.572266,106.323242,-226.013184,-644.897461
1493852632.916901,-0.404785,-0.861328,0.410156,90.942383,-132.751465,-757.385254
1493852632.919598,-0.650879,-0.925781,0.050781,83.068848,-42.053223,-780.273438
1493852632.922302,-1.045898,-1.334961,-0.190918,79.895020,16.906738,-750.000000
1493852632.924988,-1.286621,-1.329102,-0.381836,70.495605,32.592773,-701.660156
1493852632.927673,-1.534668,-1.254883,-0.580078,50.659180,23.193359,-632.995605
1493852632.930293,-1.767090,-1.192871,-0.544434,38.818359,-22.705078,-605.957031
1493852632.932846,-1.864746,-1.148926,-0.104980,47.729492,-101.440430,-535.156250
1493852632.935397,-1.832031,-1.057617,-0.050293,74.951172,-157.836914,-447.631836
1493852632.937961,-1.554199,-0.860840,0.108398,89.965820,-182.189941,-338.378906
1493852632.940526,-1.249512,-0.553711,0.050293,119.873047,-165.649414,-228.881836
1493852632.943072,-1.010742,-0.265137,-0.179199,137.268066,-155.151367,-141.540527
1493852632.945617,-0.891602,-0.026855,-0.373535,147.949219,-125.915527,-81.237793
1493852632.948169,-0.764648,0.110840,-0.428711,167.480469,-109.741211,-40.710449
1493852632.950725,-0.567871,0.223633,-0.561035,198.486328,-99.731445,-12.573242
1493852632.953276,-0.436035,0.286621,-0.812988,218.566895,-92.041016,13.793945
1493852632.955826,-0.192383,0.339355,-1.126953,203.369141,-82.763672,10.742188
1493852632.958579,0.005371,0.339844,-1.359375,159.545898,-70.434570,-31.066895
1493852632.961214,0.127930,0.405762,-1.306641,73.791504,-53.649902,-105.834961
1493852632.963769,0.227051,0.447754,-1.236328,13.793945,-49.438477,-186.096191
1493852632.966321,0.010254,0.207031,-0.633301,-101.074219,-51.696777,-262.390137
1493852632.968976,-0.310059,-0.116699,-0.304199,-190.917969,-109.008789,-320.007324
1493852632.971701,-0.672852,-0.673828,0.114746,-228.271484,-116.088867,-350.463867
1493852632.974382,-0.966797,-1.039062,0.523438,-239.746094,-141.845703,-362.426758
1493852632.977061,-1.110840,-1.300781,0.686035,-211.608887,-152.404785,-333.557129
1493852632.979695,-1.140137,-1.556641,0.589844,-144.836426,-136.291504,-263.122559
1493852632.982261,-1.238281,-1.586914,0.194824,-67.993164,-100.097656,-168.884277
1493852632.984811,-1.153809,-1.372559,-0.263184,-13.366699,-61.706543,-110.046387
1493852632.987363,-1.018555,-1.004883,-0.528809,-2.380371,-32.958984,-11.047363
1493852632.989976,-0.923340,-0.607422,-0.547363,-24.963379,-34.729004,61.096191
1493852632.992663,-0.841309,-0.228027,-0.434082,-33.020020,-65.002441,105.224609
1493852632.995345,-0.853027,0.014648,-0.137695,-52.673340,-113.891602,122.924805
1493852632.998060,-0.824219,0.184570,0.201172,-36.926270,-158.569336,113.098145
1493852633.000774,-0.674805,0.299316,0.354004,-17.150879,-182.739258,87.585449
1493852633.003457,-0.587402,0.296387,0.333008,18.432617,-174.926758,58.593750
1493852633.006140,-0.493652,0.382812,0.106445,31.921387,-139.404297,33.691406
1493852633.008847,-0.265625,0.476074,-0.082031,41.992188,-96.313477,11.779785
1493852633.011553,-0.048340,0.386230,-0.194336,26.062012,-58.654785,-5.493164
1493852633.014232,-0.208008,0.275391,-0.111816,-4.638672,-33.569336,-18.676758
1493852633.016913,-0.319824,0.212402,-0.130371,-32.104492,-24.475098,-33.081055
1493852633.019601,-0.606934,0.169922,-0.046387,-48.217773,-14.343262,-47.668457
1493852633.022292,-0.692871,0.052246,-0.017090,-61.462402,27.099609,-63.781738
1493852633.025019,-0.731445,0.065918,-0.151855,-84.655762,5.187988,-78.308105
1493852633.027755,-0.790527,-0.004395,-0.316895,-82.946777,15.930176,-90.515137
1493852633.030381,-0.797852,-0.081543,-0.244141,-88.012695,26.367188,-97.961426
1493852633.032934,-0.762695,-0.157227,-0.305176,-89.050293,32.409668,-97.839355
1493852633.035481,-0.834473,-0.193359,-0.246094,-89.294434,26.794434,-79.895020
1493852633.038047,-0.914551,-0.217773,-0.161621,-86.242676,9.155273,-87.646484
1493852633.040681,-0.849609,-0.253418,0.034180,-75.744629,-15.625000,-75.927734
1493852633.043368,-0.844238,-0.274902,-0.007324,-59.204102,-37.780762,-62.683105
1493852633.046053,-0.856934,-0.260742,0.030273,-35.705566,-52.368164,-51.452637
1493852633.048747,-0.781250,-0.229980,0.049316,-17.456055,-55.603027,-43.212891
1493852633.051443,-0.804688,-0.190430,0.020996,-7.568359,-51.879883,-37.170410
1493852633.054127,-0.762695,-0.094727,-0.050781,-4.150391,-43.579102,-31.494141
1493852633.056808,-0.712402,-0.041992,-0.026855,-3.967285,-35.156250,-27.770996
1493852633.059450,-0.688965,-0.008301,-0.096680,-7.629395,-28.442383,-25.634766
1493852633.062024,-0.672852,0.023438,-0.105469,-11.169434,-23.803711,-25.695801
1493852633.064577,-0.622559,0.016602,-0.115234,-10.375977,-23.132324,-29.174805
1493852633.067131,-0.628418,0.004395,-0.205566,-10.253906,-21.667480,-33.203125
1493852633.069687,-0.609863,-0.117188,-0.137695,-8.728027,-20.019531,-38.635254
1493852633.072237,-0.625977,-0.050293,-0.130859,-7.019043,-18.249512,-40.466309
1493852633.074785,-0.638184,-0.043945,-0.163574,-6.896973,-15.930176,-42.663574
1493852633.077332,-0.632812,-0.101074,-0.078613,-6.408691,-14.526367,-41.809082
1493852633.079958,-0.627930,-0.134277,-0.113770,-2.075195,-12.329102,-39.001465
1493852633.082588,-0.648438,-0.153320,-0.102051,-1.037598,-11.291504,-35.278320
1493852633.085135,-0.668945,-0.159180,-0.029297,1.403809,-9.338379,-31.127930
1493852633.087682,-0.634277,-0.142578,-0.065918,7.507324,-8.056641,-25.756836
1493852633.090280,-0.664551,-0.140625,-0.117188,11.230469,-7.141113,-21.057129
1493852633.092944,-0.696289,-0.114258,-0.043457,14.099121,-5.004883,-17.517090
1493852633.095495,-0.696777,-0.059570,-0.220703,16.906738,-3.540039,-0.244141
1493852633.098094,-0.713867,-0.063965,-0.236328,17.761230,-1.708984,-13.427734
1493852633.100764,-0.659668,-0.012695,-0.138672,20.385742,-0.366211,-11.596680
1493852633.103436,-0.661621,-0.019531,-0.096680,19.104004,-0.732422,-10.681152
1493852633.106102,-0.664062,-0.019043,-0.087402,19.653320,0.305176,-9.826660
1493852633.108775,-0.682617,-0.031738,-0.140137,19.714355,0.610352,-9.216309
1493852633.111449,-0.675293,-0.012207,-0.207031,19.409180,2.136230,-9.765625
1493852633.114119,-0.704102,-0.050781,-0.045898,19.714355,3.662109,-9.277344
1493852633.116790,-0.680176,-0.045410,-0.168945,20.019531,4.882812,-7.812500
1493852633.119475,-0.685547,-0.028809,-0.094238,18.798828,6.225586,-6.225586
1493852633.122161,-0.680176,-0.045898,-0.106445,19.287109,7.507324,-4.028320
1493852633.124826,-0.709961,-0.045898,-0.051758,20.812988,8.056641,-1.464844
1493852633.127490,-0.678711,-0.022461,-0.203125,23.620605,8.544922,0.854492
1493852633.130166,-0.714844,-0.022949,-0.106934,23.986816,8.544922,3.112793
1493852633.132832,-0.721191,-0.038086,-0.181641,26.245117,7.080078,4.089355
1493852633.135497,-0.630371,-0.038574,-0.168945,25.756836,5.981445,4.516602
1493852633.138169,-0.741211,-0.037109,-0.242188,25.268555,3.295898,4.272461
1493852633.140840,-0.731445,-0.050293,-0.190430,23.071289,2.075195,4.150391
1493852633.143511,-0.731934,-0.056152,-0.240234,22.155762,0.610352,4.272461
1493852633.146181,-0.788574,-0.057617,-0.220215,22.644043,-1.770020,3.784180
1493852633.148874,-0.860840,-0.043945,-0.261230,20.507812,-5.981445,2.807617
1493852633.151581,-0.764648,-0.051758,-0.189453,19.409180,-10.070801,2.380371
1493852633.154269,-0.844238,-0.011230,-0.172852,21.972656,-16.296387,3.112793
1493852633.156954,-0.808105,-0.010742,-0.197754,27.954102,-19.958496,3.784180
1493852633.159663,-0.806152,-0.005371,-0.190430,32.348633,-21.179199,4.150391
1493852633.162381,-0.812500,0.005859,-0.208496,34.057617,-20.812988,4.333496
1493852633.165076,-0.804688,-0.113770,-0.244141,36.926270,-20.751953,3.234863
1493852633.167763,-0.750488,-0.000488,-0.242676,37.719727,-20.874023,1.831055
1493852633.170452,-0.761719,-0.003418,-0.158203,36.987305,-22.460938,-14.343262
1493852633.173142,-0.837402,0.013672,-0.136719,34.301758,-24.780273,-1.220703
1493852633.175825,-0.719238,-0.022949,-0.103516,35.766602,-26.916504,-2.319336
1493852633.178526,-0.682129,0.118164,-0.152344,36.376953,-28.930664,-3.967285
1493852633.181224,-0.673340,-0.013184,-0.106934,38.024902,-30.456543,-6.958008
1493852633.183907,-0.625000,0.000000,-0.085938,40.893555,-31.066895,-7.812500
1493852633.186595,-0.675781,-0.019043,-0.116699,41.381836,-30.517578,-7.690430
1493852633.189245,-0.724609,0.022461,-0.059570,41.503906,-29.235840,-7.690430
1493852633.191823,-0.613281,-0.010254,-0.161621,38.330078,-27.832031,-7.446289
1493852633.194374,-0.602051,0.000000,-0.034668,37.231445,-25.878906,-6.591797
1493852633.196924,-0.568848,-0.003418,-0.067383,36.987305,-23.681641,-6.225586
1493852633.199486,-0.591797,-0.012207,-0.039062,37.536621,-22.949219,-5.432129
1493852633.202048,-0.555664,-0.036621,-0.028320,36.621094,-20.324707,-5.981445
1493852633.204596,-0.568848,-0.016602,-0.098633,36.804199,-17.639160,-7.507324
1493852633.207147,-0.583496,-0.038574,-0.038574,35.644531,-14.831543,-8.605957
1493852633.209755,-0.575684,-0.024414,-0.118652,35.461426,-14.343262,-7.812500
1493852633.212433,-0.568848,-0.027344,-0.070801,35.583496,-11.962891,-8.789062
1493852633.215116,-0.556641,-0.051758,-0.081543,35.217285,-10.986328,-8.666992
1493852633.217800,-0.621582,-0.057129,-0.068359,34.118652,-9.887695,-8.239746
1493852633.220483,-0.570801,-0.053223,-0.151855,35.278320,-9.704590,-7.629395
1493852633.223165,-0.622559,-0.070312,-0.070801,37.109375,-9.277344,-7.141113
1493852633.225839,-0.599609,-0.061523,-0.144043,36.315918,-8.789062,-7.263184
1493852633.228523,-0.589355,-0.069336,-0.123535,38.574219,-9.521484,-7.629395
1493852633.231211,-0.615234,-0.055664,-0.202148,39.550781,-8.789062,-6.896973
1493852633.234003,-0.695312,-0.067383,-0.158203,39.733887,-8.850098,-7.263184
1493852633.236686,-0.575684,-0.059570,-0.113281,40.771484,-8.605957,-7.812500
1493852633.239331,-0.571777,-0.065430,-0.110840,40.710449,-9.521484,-8.117676
1493852633.241908,-0.587891,-0.034180,-0.166504,41.992188,-11.169434,-8.300781
1493852633.244460,-0.560059,-0.058105,-0.160156,41.931152,-10.803223,-8.361816
1493852633.247009,-0.584961,-0.038086,-0.168457,41.564941,-10.192871,-8.544922
1493852633.249611,-0.558594,-0.055176,-0.119141,41.259766,-10.070801,-8.605957
1493852633.252288,-0.534668,-0.045410,-0.116211,43.334961,-10.009766,-8.544922
1493852633.254972,-0.568848,-0.123535,-0.144043,41.564941,-10.131836,-6.774902
1493852633.257677,-0.536621,-0.117188,-0.160645,42.419434,-11.474609,2.868652
1493852633.260384,-0.550781,-0.120117,-0.098633,45.715332,-13.427734,30.212402
1493852633.263070,-0.520508,-0.033691,-0.142578,45.227051,-16.357422,20.996094
1493852633.265755,-0.528320,-0.005371,-0.050293,44.494629,-17.456055,14.648438
1493852633.268464,-0.517578,0.034668,-0.150879,41.259766,-16.113281,-13.061523
1493852633.271173,-0.511230,0.029297,-0.128906,37.536621,-14.648438,-29.724121
1493852633.273859,-0.510742,0.038086,-0.085938,30.700684,-10.437012,-28.625488
1493852633.276542,-0.470215,0.002930,-0.067383,27.404785,-7.141113,-37.170410
1493852633.279230,-0.510742,-0.030762,-0.005371,23.986816,-2.502441,-41.381836
1493852633.281916,-0.513672,-0.053223,-0.111328,22.827148,1.159668,-42.114258
1493852633.284600,-0.517090,-0.096191,-0.051758,21.789551,2.746582,-40.100098
1493852633.287285,-0.545898,-0.071777,-0.048828,20.874023,2.441406,-36.071777
1493852633.289916,-0.541504,-0.065430,-0.113281,19.592285,3.356934,-36.621094
1493852633.292482,-0.567871,-0.078125,-0.050781,20.629883,5.676270,-38.513184
1493852633.295035,-0.608887,-0.080078,-0.043457,20.751953,6.286621,-39.733887
1493852633.297584,-0.562012,-0.091309,-0.082031,20.019531,6.530762,-40.283203
1493852633.300204,-0.609375,-0.211426,-0.096680,16.967773,5.371094,-38.391113
1493852633.302891,-0.622559,-0.116699,-0.217773,17.028809,5.126953,-36.560059
1493852633.305577,-0.607910,-0.099609,-0.083984,17.150879,2.014160,-33.203125
1493852633.308283,-0.740234,-0.091309,-0.070312,19.958496,-0.854492,-31.433105
1493852633.310986,-0.648926,-0.071777,-0.145020,22.277832,-2.746582,-30.883789
1493852633.313668,-0.660645,-0.059570,-0.117188,22.949219,-2.258301,-32.287598
1493852633.316355,-0.664062,-0.062988,-0.105469,24.047852,-2.624512,-34.729004
1493852633.319063,-0.640625,-0.038086,-0.118652,22.399902,-2.441406,-36.499023
1493852633.321774,-0.690430,-0.026367,-0.048828,22.277832,-1.464844,-38.635254
1493852633.324459,-0.683594,-0.050293,-0.102051,21.118164,-0.488281,-41.809082
1493852633.327145,-0.664062,-0.024902,-0.102051,19.226074,1.037598,-44.250488
1493852633.329803,-0.642090,-0.027344,-0.088867,20.080566,1.281738,-45.593262
1493852633.332388,-0.704590,-0.041992,-0.095215,20.202637,1.647949,-46.875000
1493852633.334939,-0.655762,-0.007324,-0.062988,19.531250,2.075195,-48.278809
1493852633.337491,-0.665039,-0.027344,-0.107422,18.310547,1.037598,-49.072266
1493852633.340125,-0.687012,-0.018555,-0.106445,18.493652,0.793457,-49.194336
1493852633.342809,-0.657715,-0.010742,-0.102051,16.601562,-0.915527,-50.354004
1493852633.345496,-0.705078,-0.006836,0.013184,15.808105,-2.136230,-51.513672
1493852633.348187,-0.713379,0.012207,-0.070801,15.258789,-2.441406,-53.161621
1493852633.350880,-0.716797,0.026367,-0.100586,14.038086,-3.784180,-54.565430
1493852633.353565,-0.704590,0.020996,-0.003418,11.657715,-4.760742,-56.457520
1493852633.356249,-0.741699,0.056641,0.040527,10.253906,-5.493164,-57.983398
1493852633.358936,-0.842773,0.054199,-0.013672,8.972168,-7.934570,-59.448242
1493852633.361619,-0.765137,0.021484,-0.004395,4.638672,-9.460449,-59.570312
1493852633.364299,-0.790527,0.036133,-0.031738,3.295898,-13.000488,-59.143066
1493852633.366982,-0.778320,0.065918,-0.124023,2.685547,-16.906738,-60.119629
1493852633.369631,-0.793945,0.044922,-0.043945,1.159668,-17.883301,-63.842773
1493852633.372319,-0.866699,0.018555,-0.072754,0.488281,-17.089844,-65.917969
1493852633.374866,-0.809570,0.044922,-0.024902,-0.549316,-17.333984,-67.504883
1493852633.377415,-0.846680,0.039062,-0.064453,-2.441406,-16.296387,-73.120117
1493852633.380032,-0.972168,0.039062,-0.071777,-3.845215,-13.977051,-79.162598
1493852633.382715,-0.883789,0.010742,-0.024414,-5.920410,-15.380859,-83.862305
1493852633.385396,-0.879883,0.029297,-0.060059,-6.774902,-19.165039,-86.059570
1493852633.388082,-0.914551,0.046387,-0.054199,-6.225586,-19.592285,-90.637207
1493852633.390772,-0.902344,0.075684,-0.083984,-7.141113,-16.967773,-96.557617
1493852633.393456,-0.929688,0.048340,-0.036621,-7.324219,-17.028809,-100.158691
1493852633.396134,-0.938965,0.057617,-0.101074,-10.131836,-19.287109,-101.867676
1493852633.398821,-0.933105,0.042480,-0.108398,-11.901855,-22.644043,-102.844238
1493852633.401509,-1.013184,0.056152,-0.222656,-11.901855,-21.728516,-107.360840
1493852633.404190,-0.993652,0.051758,-0.261719,-10.009766,-19.470215,-112.548828
1493852633.406878,-1.007812,0.026855,-0.238281,-7.690430,-18.371582,-117.065430
1493852633.409567,-1.057617,0.024902,-0.285645,-8.239746,-19.958496,-119.384766
1493852633.412258,-1.058105,0.018555,-0.306152,-6.469727,-20.629883,-121.520996
1493852633.414942,-1.018555,-0.008789,-0.353516,-3.051758,-20.324707,-124.755859
1493852633.417622,-1.028809,-0.002930,-0.378906,1.525879,-19.836426,-127.563477
1493852633.420282,-1.116699,0.012695,-0.275879,4.943848,-18.554688,-130.676270
1493852633.422837,-0.996094,0.015137,-0.378418,7.568359,-17.578125,-133.605957
1493852633.425387,-0.882812,0.034668,-0.291016,8.850098,-17.700195,-135.009766
1493852633.427965,-1.097656,0.039062,-0.345703,12.878418,-18.005371,-136.718750
1493852633.430615,-0.880859,0.038086,-0.288574,14.221191,-18.371582,-138.793945
1493852633.433300,-1.024902,0.054199,-0.345703,16.784668,-17.883301,-140.136719
1493852633.435986,-0.978516,0.069336,-0.328125,20.751953,-18.737793,-142.639160
1493852633.438675,-0.990723,0.055664,-0.295898,24.108887,-17.456055,-144.653320
1493852633.441368,-1.052246,0.078613,-0.266113,25.024414,-18.005371,-147.338867
1493852633.444055,-1.047852,0.098633,-0.296387,26.794434,-19.592285,-150.878906
1493852633.446735,-1.046387,0.104004,-0.290527,30.944824,-19.958496,-153.259277
1493852633.449421,-1.083496,0.101074,-0.154297,32.348633,-20.019531,-156.372070
1493852633.452109,-1.118652,0.150879,-0.347168,36.071777,-20.141602,-158.142090
1493852633.454795,-1.106934,0.172852,-0.228027,39.489746,-20.751953,-160.766602
1493852633.457484,-1.160156,0.229980,-0.184570,40.405273,-21.911621,-163.146973
1493852633.460182,-1.205566,0.127930,-0.269531,40.344238,-25.024414,-166.748047
1493852633.462873,-1.224121,0.136230,-0.268066,41.687012,-28.564453,-171.020508
1493852633.465561,-1.312500,0.269043,-0.352051,47.485352,-31.066895,-174.743652
1493852633.468261,-1.301758,0.323242,-0.418945,52.795410,-33.386230,-178.222656
1493852633.470888,-1.310547,0.310547,-0.433594,61.340332,-34.729004,-180.847168
1493852633.473439,-1.338867,0.305176,-0.415527,66.833496,-36.682129,-183.471680
1493852633.475987,-1.337402,0.345215,-0.563965,74.279785,-39.489746,-186.706543
1493852633.478562,-1.334473,0.331055,-0.539551,81.665039,-42.053223,-188.842773
1493852633.481212,-1.273438,0.374512,-0.540527,91.003418,-45.104980,-191.711426
1493852633.483894,-1.242188,0.356445,-0.456055,98.999023,-49.316406,-195.495605
1493852633.486578,-1.218262,0.354004,-0.483887,106.689453,-53.283691,-216.247559
1493852633.489285,-1.240234,0.423340,-0.439941,112.426758,-55.969238,-206.359863
1493852633.491990,-1.343262,0.425293,-0.386719,117.553711,-60.180664,-214.599609
1493852633.494673,-1.247559,0.413574,-0.333984,121.337891,-64.208984,-223.693848
1493852633.497357,-1.276855,0.275879,-0.351074,120.971680,-67.749023,-232.910156
1493852633.500061,-1.267578,0.277832,-0.251953,116.271973,-69.763184,-243.652344
1493852633.502761,-1.319824,0.187988,-0.317871,108.581543,-69.885254,-256.408691
1493852633.505446,-1.313965,0.093262,-0.292969,102.294922,-67.749023,-269.287109
1493852633.508256,-1.337402,-0.020508,-0.220703,96.862793,-65.734863,-283.447266
1493852633.510962,-1.362305,-0.176758,-0.325684,89.233398,-65.612793,-297.912598
1493852633.513649,-1.450684,-0.270996,-0.373535,88.073730,-65.307617,-312.744141
1493852633.516335,-1.404297,-0.314453,-0.466797,95.214844,-64.819336,-326.416016
1493852633.518983,-1.406250,-0.341797,-0.390625,107.788086,-62.622070,-337.402344
1493852633.521564,-1.401367,-0.293945,-0.428711,115.600586,-61.767578,-342.895508
1493852633.524115,-1.347656,-0.196289,-0.435547,133.117676,-60.791016,-339.172363
1493852633.526672,-1.349609,-0.030273,-0.427246,153.747559,-61.218262,-327.209473
1493852633.529293,-1.298828,0.089355,-0.496582,171.386719,-63.293457,-310.363770
1493852633.531978,-1.289062,0.175293,-0.478516,174.804688,-66.284180,-293.579102
1493852633.534658,-1.337402,0.228516,-0.415527,165.466309,-69.824219,-276.245117
1493852633.537337,-1.314941,0.178711,-0.611328,147.644043,-72.326660,-265.197754
1493852633.540020,-1.299316,0.085938,-0.473145,125.671387,-71.289062,-263.061523
1493852633.542710,-1.183105,-0.001465,-0.526855,110.290527,-67.077637,-269.470215
1493852633.545394,-1.211914,-0.035156,-0.551270,105.773926,-63.659668,-281.372070
1493852633.548098,-1.160645,-0.073730,-0.519043,109.436035,-62.255859,-287.353516
1493852633.550803,-1.124512,-0.081543,-0.350586,118.713379,-63.232422,-298.217773
1493852633.553487,-1.142090,-0.046387,-0.356934,126.159668,-64.453125,-305.541992
1493852633.556175,-1.013672,0.026367,-0.439941,130.676270,-68.969727,-309.265137
1493852633.558859,-1.097656,0.119141,-0.394531,132.934570,-74.401855,-308.349609
1493852633.561474,-1.047852,0.205566,-0.316406,131.286621,-79.101562,-303.466797
1493852633.564029,-1.037109,0.253418,-0.436035,128.601074,-82.458496,-297.241211
1493852633.566583,-0.959961,0.291016,-0.418945,128.112793,-81.481934,-288.085938
1493852633.569142,-0.933594,0.338867,-0.500488,129.394531,-74.829102,-277.282715
1493852633.571698,-0.889648,0.412109,-0.410156,131.591797,-69.946289,-265.502930
1493852633.574246,-0.839844,0.451172,-0.464844,137.756348,-58.105469,-252.990723
1493852633.576795,-0.777344,0.450684,-0.489258,141.723633,-42.663574,-238.891602
1493852633.579400,-0.723633,0.291016,-0.419922,147.033691,-27.648926,-231.811523
1493852633.582079,-0.617188,0.308594,-0.442871,154.907227,-12.573242,-205.139160
1493852633.584764,-0.526855,0.239746,-0.338867,171.508789,5.554199,-211.547852
1493852633.587442,-0.458008,0.123535,-0.227051,198.730469,23.132324,-204.589844
1493852633.590137,-0.267578,-0.035156,-0.179199,219.604492,34.667969,-200.378418
1493852633.592826,-0.310059,-0.368652,-0.065430,222.900391,34.301758,-201.171875
1493852633.595515,-0.252930,-0.484375,-0.056152,213.317871,25.878906,-208.068848
1493852633.598208,-0.221191,-0.656250,0.020996,211.975098,17.700195,-218.811035
1493852633.600898,-0.374512,-0.740234,0.062012,227.661133,15.686035,-227.416992
1493852633.603582,-0.312500,-0.711426,0.101074,249.389648,17.028809,-229.614258
1493852633.606272,-0.396484,-0.664062,-0.037109,265.869141,28.198242,-216.918945
1493852633.608964,-0.462891,-0.524902,0.073242,270.568848,46.020508,-185.424805
1493852633.611656,-0.537598,-0.306152,-0.155762,246.765137,64.208984,-139.343262
1493852633.614338,-0.474609,-0.128418,-0.479492,182.861328,54.199219,-73.547363
1493852633.617019,-0.429199,0.069336,-0.541504,64.697266,18.310547,11.291504
1493852633.619659,-0.341797,0.103027,-0.286621,23.254395,-18.127441,88.928223
1493852633.622230,-0.298828,0.067871,-0.019531,-50.354004,-33.996582,140.686035
1493852633.624781,-0.231934,0.051758,0.065918,-65.307617,-54.321289,171.386719
1493852633.627337,-0.307617,0.100586,0.041504,-45.593262,-58.715820,189.270020
1493852633.629947,-0.302246,0.149902,0.003418,-30.029297,-55.786133,199.707031
1493852633.632618,-0.400391,0.276855,-0.116211,-33.203125,-52.917480,204.101562
1493852633.635286,-0.409180,0.438965,-0.072266,-50.292969,-52.368164,212.463379
1493852633.637955,-0.431641,0.554199,-0.059570,-66.955566,-51.025391,222.534180
1493852633.640626,-0.377930,0.652832,-0.052734,-76.599121,-43.640137,232.910156
1493852633.643404,-0.476074,0.786621,-0.152832,-75.378418,-33.264160,239.624023
1493852633.646074,-0.365234,0.852051,-0.197754,-73.059082,-21.118164,238.647461
1493852633.648917,-0.431152,0.832031,-0.073730,-77.087402,-12.145996,217.651367
1493852633.651689,-0.258789,0.835449,-0.121582,-82.031250,-8.972168,190.307617
1493852633.654378,-0.177246,0.833008,-0.060059,-92.651367,-2.319336,163.513184
1493852633.657072,-0.129883,0.736328,-0.148926,-100.280762,5.493164,136.535645
1493852633.660539,-0.050293,0.655273,-0.132324,-102.722168,21.423340,116.210938
1493852633.663186,0.009766,0.599609,-0.061523,-104.492188,29.907227,95.764160
1493852633.665828,0.049805,0.553711,-0.105469,-104.248047,33.447266,78.857422
1493852633.668471,0.048340,0.496582,-0.087891,-104.919434,39.489746,65.063477
1493852633.671071,-0.004395,0.457031,-0.114746,-109.863281,43.945312,55.847168
1493852633.673624,-0.020996,0.410645,-0.062012,-111.938477,49.011230,53.283691
1493852633.676178,-0.091797,0.371094,-0.000488,-113.891602,54.077148,53.833008
1493852633.678790,-0.126465,0.342773,-0.082520,-115.112305,60.302734,57.678223
1493852633.681472,-0.132812,0.288574,-0.109863,-115.844727,64.941406,63.842773
1493852633.684157,-0.226074,0.234863,-0.106445,-114.868164,67.687988,71.044922
1493852633.686841,-0.286621,0.208984,-0.150879,-116.943359,69.152832,77.697754
1493852633.689484,-0.257812,0.178711,-0.098633,-119.445801,67.443848,84.838867
1493852633.692059,-0.310059,0.161621,-0.156250,-120.483398,65.551758,92.285156
1493852633.694611,-0.324219,0.143066,-0.132812,-120.300293,62.255859,101.135254
1493852633.697162,-0.296387,0.241699,-0.104980,-121.948242,60.668945,110.839844
1493852633.699716,-0.343262,0.121582,-0.155762,-123.657227,56.701660,121.032715
1493852633.702271,-0.323242,0.109375,-0.117676,-125.610352,53.771973,130.920410
1493852633.704824,-0.313965,0.056152,-0.085938,-125.305176,52.307129,151.306152
1493852633.707374,-0.272461,0.084961,-0.175781,-126.708984,49.499512,145.874023
1493852633.709926,-0.271484,0.050293,-0.077148,-128.784180,47.302246,154.785156
1493852633.712479,-0.289062,0.072754,-0.089844,-129.272461,44.860840,164.916992
1493852633.715030,-0.260254,0.067383,-0.142578,-131.530762,43.395996,174.499512
1493852633.717586,-0.274414,0.060059,-0.119141,-133.300781,43.090820,184.814453
1493852633.720241,-0.307617,0.076172,-0.060059,-134.643555,42.724609,195.312500
1493852633.722822,-0.279297,0.067383,-0.045898,-136.779785,43.457031,204.833984
1493852633.725374,-0.306641,0.091309,-0.123535,-136.352539,44.677734,209.594727
1493852633.728005,-0.293945,0.222168,0.002930,-136.779785,46.081543,233.093262
1493852633.730745,-0.334473,0.120605,0.016113,-134.826660,46.813965,225.158691
1493852633.733424,-0.349609,0.147461,-0.051758,-131.530762,47.119141,231.201172
1493852633.736108,-0.328125,0.172852,-0.028809,-129.943848,48.583984,236.816406
1493852633.738792,-0.323730,0.171875,-0.058594,-126.770020,50.720215,241.699219
1493852633.741475,-0.373047,0.213867,-0.052734,-124.633789,52.734375,246.520996
1493852633.744153,-0.352539,0.207031,-0.015137,-121.337891,55.358887,250.671387
1493852633.746833,-0.291504,0.203125,-0.025391,-117.065430,55.480957,254.394531
1493852633.749521,-0.383789,0.254883,0.006836,-113.159180,56.457520,256.774902
1493852633.752211,-0.404297,0.229980,-0.118652,-110.656738,57.800293,257.812500
1493852633.754894,-0.404785,0.265625,-0.183105,-110.351562,59.265137,259.338379
1493852633.757577,-0.412109,0.277344,-0.089844,-107.299805,60.241699,260.253906
1493852633.760239,-0.396484,0.293945,-0.081543,-105.957031,60.974121,261.169434
1493852633.762789,-0.458008,0.280762,-0.123535,-103.759766,62.988281,262.084961
1493852633.765342,-0.431641,0.296387,-0.078613,-102.905273,63.232422,263.305664
1493852633.767929,-0.469727,0.306641,-0.168457,-102.111816,64.514160,264.526367
1493852633.770514,-0.467285,0.286621,-0.065430,-100.097656,64.758301,265.380859
1493852633.773067,-0.477051,0.295898,-0.148438,-97.839355,64.086914,266.113281
1493852633.775616,-0.619629,0.298340,-0.140137,-97.412109,66.162109,266.845703
1493852633.778193,-0.621094,0.285156,-0.109375,-98.266602,66.589355,267.578125
1493852633.780953,-0.539062,0.299316,-0.187988,-97.595215,65.612793,269.348145
1493852633.783660,-0.571777,0.253906,-0.101562,-96.191406,65.185547,270.507812
1493852633.786457,-0.578613,0.236816,-0.091797,-97.412109,66.711426,272.949219
1493852633.789154,-0.601562,0.228516,-0.193359,-96.374512,67.199707,275.146484
1493852633.791846,-0.599121,0.203613,-0.141113,-95.336914,66.650391,278.015137
1493852633.794534,-0.628906,0.193359,-0.150879,-94.055176,65.368652,281.982422
1493852633.797224,-0.690430,0.195801,-0.158691,-91.491699,64.880371,284.301758
1493852633.799918,-0.645508,0.205566,-0.225586,-91.674805,65.429688,287.719727
1493852633.802611,-0.694336,0.170898,-0.113281,-89.660645,65.551758,291.992188
1493852633.805297,-0.690918,0.164062,-0.213867,-88.073730,65.795898,296.386719
1493852633.807990,-0.701172,0.165527,-0.148438,-87.341309,65.673828,300.109863
1493852633.810681,-0.707031,0.166504,-0.158203,-85.815430,66.223145,304.748535
1493852633.813367,-0.673340,0.141113,-0.144531,-83.496094,67.199707,308.715820
1493852633.816056,-0.700684,0.140137,-0.236328,-83.984375,68.786621,312.866211
1493852633.818723,-0.709473,0.141113,-0.207031,-82.519531,69.580078,317.382812
1493852633.821321,-0.728027,0.162598,-0.192871,-84.289551,70.068359,320.861816
1493852633.823876,-0.714844,0.137695,-0.161621,-84.167480,70.068359,324.523926
1493852633.826430,-0.743164,0.155762,-0.225586,-84.960938,69.763184,328.125000
1493852633.828988,-0.759277,0.225586,-0.246582,-83.984375,70.617676,329.772949
1493852633.831539,-0.796875,0.211914,-0.143066,-84.289551,71.044922,331.726074
1493852633.834086,-0.822266,0.231445,-0.233398,-85.815430,73.242188,335.632324
1493852633.836637,-0.812500,0.233398,-0.164551,-85.021973,74.707031,338.684082
1493852633.839359,-0.877441,0.237793,-0.247559,-84.472656,75.622559,340.820312
1493852633.842082,-0.876465,0.212891,-0.156738,-85.205078,77.331543,342.529297
1493852633.844626,-0.964844,0.255371,-0.328613,-86.669922,78.125000,345.581055
1493852633.847171,-0.957031,0.240234,-0.155762,-86.364746,78.491211,347.106934
1493852633.849788,-0.996582,0.229004,-0.259766,-85.205078,81.665039,349.060059
1493852633.852406,-1.059570,0.212891,-0.245605,-84.472656,84.960938,351.074219
1493852633.854950,-1.047852,0.267090,-0.282715,-84.167480,88.500977,352.600098
1493852633.857497,-1.090820,0.266113,-0.261230,-84.655762,89.660645,352.844238
1493852633.860160,-1.153809,0.284668,-0.298828,-86.914062,88.562012,352.294922
1493852633.862705,-1.148438,0.299316,-0.341797,-88.256836,87.951660,349.060059
1493852633.865248,-1.192383,0.304199,-0.286621,-88.073730,87.646484,344.360352
1493852633.867795,-1.239258,0.315918,-0.337891,-88.317871,85.998535,337.341309
1493852633.870418,-1.245605,0.316406,-0.361816,-90.454102,87.097168,332.397461
1493852633.873101,-1.255371,0.304688,-0.348633,-93.139648,88.073730,329.162598
1493852633.875781,-1.314941,0.299316,-0.424316,-96.374512,89.782715,328.308105
1493852633.878474,-1.366211,0.293945,-0.472656,-101.257324,94.543457,329.956055
1493852633.881100,-1.409180,0.265625,-0.467285,-104.309082,99.121094,332.702637
1493852633.883656,-1.470215,0.266113,-0.378906,-104.675293,102.966309,335.815430
1493852633.886212,-1.511230,0.265137,-0.583984,-108.642578,105.895996,336.486816
1493852633.888768,-1.550293,0.255371,-0.460449,-113.098145,107.666016,338.378906
1493852633.891322,-1.657715,0.224609,-0.620117,-114.685059,108.581543,339.233398
1493852633.893872,-1.687012,0.175293,-0.595215,-115.539551,109.802246,339.843750
1493852633.896420,-1.743652,0.136230,-0.515137,-117.553711,109.863281,338.500977
1493852633.899010,-1.820801,0.065918,-0.722656,-119.873047,109.863281,338.806152
1493852633.901672,-1.861816,0.001465,-0.594238,-119.140625,109.436035,337.890625
1493852633.904355,-1.773926,-0.049805,-0.724121,-117.858887,109.863281,336.364746
1493852633.907037,-1.901855,-0.126465,-0.675781,-117.309570,124.877930,333.679199
1493852633.909719,-1.932129,-0.206055,-0.759766,-112.304688,109.497070,330.688477
1493852633.912402,-1.953613,-0.307617,-0.849609,-105.895996,110.107422,329.101562
1493852633.915214,-1.915039,-0.387695,-0.722656,-97.351074,110.778809,328.552246
1493852633.917898,-1.945312,-0.464844,-0.822266,-86.120605,111.816406,328.735352
1493852633.920581,-1.905762,-0.534180,-0.857422,-75.256348,111.999512,329.406738
1493852633.923261,-1.859375,-0.670410,-0.871582,-62.377930,111.816406,330.383301
1493852633.925944,-1.840820,-0.826172,-0.583984,-52.734375,113.159180,330.200195
1493852633.928626,-1.797363,-1.009277,-0.366699,-51.452637,117.980957,324.951172
1493852633.931309,-1.637695,-1.117188,-0.330078,-56.274414,128.479004,316.284180
1493852633.933991,-1.653809,-1.009277,-0.263184,-50.109863,142.517090,308.227539
1493852633.936670,-1.648926,-1.027344,-0.291992,-25.024414,147.827148,303.710938
1493852633.939317,-1.675293,-0.876465,-0.152832,-0.061035,137.084961,302.734375
1493852633.941895,-1.696777,-0.814453,0.072266,11.779785,118.286133,300.598145
1493852633.944446,-1.724121,-0.848633,0.174805,12.268066,101.745605,296.630859
1493852633.946997,-1.738281,-0.912109,0.442871,6.713867,98.388672,290.710449
1493852633.949548,-1.766113,-1.005371,0.458496,2.319336,108.825684,280.761719
1493852633.952098,-1.742676,-1.054199,0.356934,7.934570,115.295410,265.991211
1493852633.954645,-1.833008,-1.123535,0.317871,14.038086,122.741699,249.877930
1493852633.957194,-1.796387,-1.250000,0.045410,10.559082,119.934082,232.360840
1493852633.959796,-1.757324,-1.433105,0.106934,-0.854492,109.985352,208.129883
1493852633.962468,-1.693359,-1.762695,0.085449,-20.751953,96.496582,188.842773
1493852633.965150,-1.606445,-2.045898,-0.062012,-44.433594,89.111328,185.424805
1493852633.967853,-1.423340,-2.382324,0.007324,-61.889648,85.144043,168.212891
1493852633.970559,-1.310059,-2.661133,0.033691,-76.660156,85.388184,152.221680
1493852633.973245,-1.161621,-2.955078,0.043945,-91.369629,87.524414,137.145996
1493852633.975931,-1.095215,-3.070312,0.201172,-96.252441,86.853027,122.009277
1493852633.978614,-1.036133,-2.989258,0.265625,-88.195801,78.002930,105.407715
1493852633.981296,-1.049805,-2.723633,0.229004,-62.500000,55.786133,85.510254
1493852633.983977,-1.140137,-2.260742,0.125488,-29.296875,18.371582,47.729492
1493852633.986657,-1.201172,-1.973145,-0.054199,-8.789062,-17.456055,-9.033203
1493852633.989297,-1.062500,-1.545898,-0.288574,-3.295898,-44.311523,-81.604004
1493852633.991875,-0.976562,-1.481445,-0.168945,-32.836914,-63.354492,-158.569336
1493852633.994425,-0.956543,-1.425293,-0.194336,-45.227051,-67.871094,-212.280273
1493852633.996976,-0.945312,-1.599121,-0.352051,-59.875488,-69.580078,-250.854492
1493852633.999583,-1.153809,-2.062012,0.238770,-43.823242,-96.435547,-261.718750
1493852634.002254,-1.229980,-2.270996,-0.171875,-11.779785,-132.202148,-220.214844
1493852634.004936,-1.513184,-1.898926,-0.243652,40.161133,-120.910645,-174.743652
1493852634.007617,-1.644043,-1.270996,-1.178711,47.180176,-109.130859,-167.053223
1493852634.010345,-1.597656,-1.141113,-0.001465,72.937012,-68.603516,-182.678223
1493852634.013028,-1.346191,-1.093750,-0.358887,70.190430,1.342773,-191.589355
1493852634.015705,-1.020508,-0.960449,0.382812,111.267090,59.082031,-171.936035
1493852634.018386,-0.772461,-0.596680,0.528809,143.493652,107.360840,-149.108887
1493852634.021070,-0.900391,0.285156,0.393555,169.799805,147.399902,-94.909668
1493852634.023746,-1.298340,0.998535,-0.140625,211.975098,183.898926,-48.156738
1493852634.026425,-2.240723,1.916504,0.057129,257.690430,209.411621,-33.264160
1493852634.029113,-3.746582,3.108887,0.095215,257.019043,197.631836,7.568359
1493852634.031798,-3.675293,3.193359,-0.152832,230.712891,138.000488,74.401855
1493852634.034472,-2.444824,2.307129,-0.341797,182.189941,58.532715,93.383789
1493852634.037150,-0.834961,1.711426,-0.372559,140.258789,-64.208984,40.710449
1493852634.039774,0.113770,1.253906,-0.470215,115.844727,-195.739746,-32.287598
1493852634.042332,0.718750,0.951660,-0.455078,143.066406,-296.325684,-120.605469
1493852634.044882,0.733887,0.699219,-0.297363,156.677246,-349.792480,-229.675293
1493852634.047431,0.397949,0.592285,0.078125,166.503906,-365.356445,-363.647461
1493852634.050129,0.031738,0.342773,0.337402,138.244629,-320.678711,-509.216309
1493852634.052814,-0.178711,0.131836,0.466309,84.899902,-219.360352,-624.023438
1493852634.055496,-0.353027,-0.202637,0.424805,34.729004,-110.778809,-681.701660
1493852634.058197,-0.360352,-0.572266,0.231445,7.324219,-27.038574,-697.509766
1493852634.060898,-0.668457,-0.761719,0.111328,-4.577637,15.808105,-690.246582
1493852634.063581,-0.958984,-0.916992,-0.041504,-5.004883,31.494141,-663.574219
1493852634.066258,-1.343262,-0.965820,-0.248047,-2.807617,20.568848,-628.540039
1493852634.068941,-1.606445,-1.072266,-0.412598,-5.737305,21.667480,-588.623047
1493852634.071620,-1.660645,-1.068848,-0.389648,4.272461,-22.094727,-532.897949
1493852634.074292,-1.601074,-1.008301,-0.342773,7.202148,-62.133789,-457.763672
1493852634.076971,-1.583496,-1.078613,-0.072754,18.127441,-103.881836,-377.319336
1493852634.079632,-1.422852,-0.931152,0.066406,33.447266,-136.657715,-306.152344
1493852634.082224,-1.266113,-0.678711,0.017578,52.124023,-145.751953,-260.009766
1493852634.084773,-1.056152,-0.342773,0.123535,75.012207,-138.671875,-192.321777
1493852634.087327,-0.865234,-0.026855,-0.150879,102.844238,-126.159668,-134.277344
1493852634.089883,-0.740234,0.195801,-0.295898,113.098145,-119.323730,-86.914062
1493852634.092436,-0.658691,0.310059,-0.460938,143.249512,-106.872559,-57.373047
1493852634.094983,-0.650879,0.411621,-0.805664,167.175293,-93.933105,-52.673340
1493852634.097531,-0.487793,0.552246,-0.885254,177.001953,-87.158203,-71.472168
1493852634.100127,-0.279785,0.575684,-1.247070,167.236328,-82.092285,-90.087891
1493852634.102808,-0.215820,0.468750,-1.410156,127.197266,-75.805664,-145.935059
1493852634.105491,-0.014648,0.446777,-1.285156,46.081543,-59.020996,-176.147461
1493852634.108180,0.005859,0.277832,-1.234375,-56.213379,-64.453125,-231.628418
1493852634.110874,0.022949,0.096680,-0.665039,-123.474121,-92.956543,-270.935059
1493852634.113557,-0.384277,-0.371094,-0.261230,-171.264648,-131.469727,-300.659180
1493852634.116236,-0.638184,-0.765137,0.202148,-217.834473,-173.645020,-327.270508
1493852634.118923,-0.820801,-1.164062,0.719238,-243.286133,-197.143555,-339.904785
1493852634.121611,-1.029785,-1.583984,0.757324,-223.266602,-202.941895,-326.049805
1493852634.124289,-1.172852,-1.679199,0.644043,-148.071289,-179.565430,-280.273438
1493852634.126965,-1.226562,-1.669434,0.169922,-58.105469,-134.643555,-194.824219
1493852634.129622,-1.087402,-1.279297,-0.148438,12.390137,-70.922852,-79.162598
1493852634.132215,-0.833496,-0.724121,-0.425293,19.592285,-27.770996,33.447266
1493852634.134764,-0.825195,-0.347656,-0.466797,-2.014160,-19.775391,115.600586
1493852634.137311,-0.748535,-0.038086,-0.309082,-36.621094,-30.578613,150.451660
1493852634.139927,-0.713379,0.120605,-0.046875,-58.593750,-76.660156,138.488770
1493852634.142616,-0.733887,0.173340,0.170898,-57.434082,-126.770020,95.153809
1493852634.145299,-0.623047,0.263672,0.250977,-28.198242,-164.550781,42.663574
1493852634.147986,-0.488281,0.292969,0.326172,8.605957,-168.823242,5.676270
1493852634.150670,-0.431641,0.269531,0.159180,31.738281,-137.145996,-6.896973
1493852634.153350,-0.364746,0.279785,0.065430,26.550293,-85.571289,-21.179199
1493852634.156034,-0.318359,0.263184,-0.108398,0.854492,-34.179688,-46.203613
1493852634.158720,-0.322266,0.306641,-0.122559,-27.221680,0.244141,-40.100098
1493852634.161402,-0.366699,0.277344,-0.054199,-37.780762,6.591797,-47.912598
1493852634.164077,-0.442871,0.145996,-0.067383,-38.208008,-3.723145,-53.588867
1493852634.166757,-0.599609,0.038574,-0.124023,-36.315918,-9.277344,-59.997559
1493852634.169461,-0.783203,-0.078125,-0.069336,-35.217285,-6.835938,-70.190430
1493852634.172165,-0.830566,-0.127441,-0.172852,-35.278320,1.525879,-79.833984
1493852634.174845,-0.851562,-0.172852,-0.201172,-34.179688,9.643555,-80.749512
1493852634.177522,-0.942383,-0.180176,-0.248047,-36.132812,12.878418,-74.951172
1493852634.180151,-0.859375,-0.151855,-0.181152,-40.527344,11.291504,-63.659668
1493852634.182699,-0.809570,-0.145996,-0.115234,-51.330566,8.728027,-51.940918
1493852634.185349,-0.824219,-0.153809,-0.022949,-54.931641,0.549316,-42.907715
1493852634.187922,-0.724609,-0.167480,-0.038574,-50.048828,-5.798340,-38.024902
1493852634.190493,-0.714355,-0.142090,-0.044922,-35.766602,-14.038086,-34.973145
1493852634.193041,-0.676758,-0.127441,-0.092773,-19.165039,-17.883301,-35.034180
1493852634.195589,-0.636719,-0.084473,-0.123535,-12.145996,-17.150879,-35.156250
1493852634.198174,-0.678711,-0.029297,-0.091309,-12.451172,-15.563965,-34.301758
1493852634.200827,-0.625977,-0.002930,-0.099609,-17.456055,-12.634277,-31.982422
1493852634.203509,-0.516113,-0.000488,-0.120605,-22.094727,-9.155273,-29.479980
1493852634.206191,-0.637695,0.110840,-0.036621,-21.179199,-5.126953,-27.465820
1493852634.208876,-0.648438,-0.006348,-0.101562,-18.066406,-2.502441,-27.343750
1493852634.211561,-0.613281,-0.012695,-0.079590,-17.395020,0.000000,-29.907227
1493852634.214239,-0.657715,-0.032227,-0.134277,-0.427246,2.746582,-32.165527
1493852634.216916,-0.655762,-0.070312,-0.189453,-0.061035,4.211426,-33.935547
1493852634.219596,-0.666504,-0.092773,-0.147949,-13.916016,6.408691,-34.240723
1493852634.222276,-0.699219,-0.069824,-0.135254,-12.023926,8.056641,-32.592773
1493852634.224954,-0.724121,-0.079590,-0.027832,-11.657715,8.239746,-29.846191
1493852634.227658,-0.689941,-0.091797,-0.146484,-9.277344,7.690430,-26.367188
1493852634.230291,-0.708496,-0.122070,-0.132324,-4.028320,6.835938,-24.963379
1493852634.232841,-0.701172,-0.112305,-0.082031,1.525879,5.737305,-23.620605
1493852634.235392,-0.710449,-0.116211,-0.150879,4.760742,3.662109,-21.728516
1493852634.237963,-0.698242,-0.111328,-0.088867,6.835938,0.915527,-20.629883
1493852634.240606,-0.702637,-0.116211,-0.142090,10.803223,-2.380371,-18.554688
1493852634.243287,-0.693359,-0.083008,-0.062500,15.502930,-3.356934,-15.319824
1493852634.245970,-0.683105,-0.071777,-0.113281,18.615723,-3.234863,-12.817383
1493852634.248673,-0.702637,-0.061523,-0.058105,19.104004,-2.136230,-10.986328
1493852634.251374,-0.650391,-0.036133,-0.109375,19.165039,0.061035,-8.789062
1493852634.254050,-0.689941,-0.028809,-0.116699,20.446777,1.037598,-6.225586
1493852634.256721,-0.645996,-0.018555,-0.083496,19.531250,2.929688,-5.249023
1493852634.259396,-0.636719,-0.008301,-0.155762,17.272949,4.028320,-4.638672
1493852634.262076,-0.687988,-0.002930,-0.173828,17.333984,5.798340,-4.760742
1493852634.264755,-0.652832,-0.027344,-0.120605,17.395020,6.958008,-5.004883
1493852634.267432,-0.638672,-0.016113,-0.113281,17.517090,8.789062,-5.187988
1493852634.270120,-0.678711,-0.003418,-0.133301,17.700195,9.887695,-5.432129
1493852634.272798,-0.664062,-0.019531,-0.093750,20.019531,11.352539,-4.333496
1493852634.275481,-0.623047,-0.030762,-0.244629,18.127441,12.634277,-3.784180
1493852634.278161,-0.688965,-0.014160,-0.024902,17.578125,12.878418,-2.441406
1493852634.280769,-0.716797,-0.040527,-0.158203,18.676758,14.038086,-1.525879
1493852634.283318,-0.637695,-0.049805,-0.146484,18.005371,14.282227,-0.061035
1493852634.285864,-0.695312,-0.068359,-0.218262,19.897461,13.244629,0.976562
1493852634.288436,-0.658691,-0.046387,-0.216797,20.996094,11.779785,1.098633
1493852634.291077,-0.706055,-0.064941,-0.280762,21.911621,10.437012,0.671387
1493852634.293756,-0.711426,-0.075195,-0.194336,23.193359,10.009766,1.708984
1493852634.296432,-0.734375,-0.054199,-0.293945,24.169922,8.483887,2.319336
1493852634.299109,-0.716797,-0.057129,-0.169922,22.216797,4.394531,2.258301
1493852634.301787,-0.771484,-0.037109,-0.145020,20.385742,-1.892090,1.953125
1493852634.304463,-0.780762,-0.036133,-0.210938,21.118164,-9.338379,3.112793
1493852634.307138,-0.776855,-0.004395,-0.184570,24.230957,-15.808105,3.112793
1493852634.309819,-0.800781,-0.030273,-0.171387,28.259277,-20.019531,4.943848
1493852634.312498,-0.779297,-0.117676,-0.189453,32.897949,-20.935059,5.798340
1493852634.315173,-0.735352,-0.022949,-0.222168,34.423828,-19.958496,5.798340
1493852634.317875,-0.760254,-0.002930,-0.237793,36.132812,-18.859863,3.662109
1493852634.320582,-0.704102,-0.002441,-0.113770,35.705566,-19.042969,1.953125
1493852634.323264,-0.692383,-0.003418,-0.220215,36.010742,-19.592285,-0.427246
1493852634.326056,-0.709473,0.014648,-0.119141,33.813477,-20.385742,-3.479004
1493852634.328721,-0.665039,0.013184,-0.033691,16.784668,-20.568848,-6.164551
1493852634.331313,-0.632812,-0.002930,-0.228516,29.785156,-21.789551,-8.117676
1493852634.333860,-0.607422,0.020508,-0.113770,29.907227,-21.423340,-9.826660
1493852634.336406,-0.616699,0.018555,-0.229980,30.822754,-20.568848,-11.352539
1493852634.338961,-0.575684,0.013184,-0.136719,30.883789,-19.836426,-11.596680
1493852634.341515,-0.619629,-0.014160,-0.110840,31.066895,-17.944336,-12.023926
1493852634.344063,-0.590820,-0.010742,-0.034668,31.066895,-17.028809,-12.573242
1493852634.346608,-0.589844,-0.014160,-0.196777,27.343750,-16.235352,-12.512207
1493852634.349203,-0.562500,-0.028320,-0.007324,26.977539,-14.770508,-13.244629
1493852634.351870,-0.564453,-0.006348,-0.199219,25.146484,-14.099121,-14.343262
1493852634.354552,-0.615234,-0.037109,-0.078613,25.512695,-13.000488,-14.770508
1493852634.357232,-0.575195,-0.030762,-0.119629,26.000977,-11.657715,-15.319824
1493852634.359920,-0.586914,-0.034668,-0.104980,25.390625,-10.559082,-15.380859
1493852634.362604,-0.583984,-0.050293,-0.182617,25.756836,-9.887695,-15.441895
1493852634.365281,-0.597168,-0.049316,-0.064453,25.695801,-10.437012,-15.747070
1493852634.367967,-0.569824,-0.043945,-0.144531,26.000977,-9.948730,-15.441895
1493852634.370648,-0.591309,-0.040039,-0.078125,26.245117,-9.338379,-14.831543
1493852634.373321,-0.596680,-0.075195,-0.082520,25.451660,-9.216309,-14.587402
1493852634.375993,-0.589844,-0.049316,-0.137695,25.512695,-9.704590,-14.221191
1493852634.378676,-0.597656,-0.047852,-0.178711,26.000977,-9.033203,-14.282227
1493852634.381361,-0.597656,-0.070312,-0.064453,25.817871,-8.850098,-14.465332
1493852634.384034,-0.580566,-0.057617,-0.168945,25.634766,-7.812500,-14.587402
1493852634.386709,-0.622559,-0.067383,-0.176758,26.916504,-7.812500,-14.587402
1493852634.389358,-0.602051,-0.077637,-0.116699,26.855469,-8.178711,-15.014648
1493852634.391938,-0.599121,-0.060059,-0.170898,26.855469,-9.033203,-14.587402
1493852634.394487,-0.562500,-0.058105,-0.173828,29.113770,-9.887695,-14.648438
1493852634.397035,-0.593262,-0.052246,-0.142578,30.395508,-9.521484,-14.221191
1493852634.399637,-0.556641,-0.050781,-0.211914,30.273438,-8.605957,-14.465332
1493852634.402308,-0.574219,-0.077148,-0.132324,28.991699,-8.605957,-14.099121
1493852634.404986,-0.597656,-0.105469,-0.203613,29.663086,-8.789062,-11.352539
1493852634.407672,-0.588867,-0.128418,-0.216309,31.127930,-8.789062,-3.356934
1493852634.410361,-0.593262,-0.155762,-0.113770,35.156250,-10.803223,6.896973
1493852634.413044,-0.599609,-0.097168,-0.169922,36.743164,-13.916016,15.625000
1493852634.415728,-0.590820,-0.081543,-0.148926,39.123535,-16.357422,19.348145
1493852634.418413,-0.581543,-0.023926,-0.247559,40.222168,-17.333984,14.892578
1493852634.421101,-0.563477,0.004883,-0.103027,39.428711,-19.775391,3.906250
1493852634.423785,-0.542480,0.041504,-0.117188,36.804199,-19.104004,-11.169434
1493852634.426471,-0.560547,0.012207,-0.092773,34.301758,-15.625000,-22.827148
1493852634.429158,-0.524902,-0.005371,-0.120605,32.104492,-9.094238,-28.137207
1493852634.431845,-0.552246,0.000000,-0.235840,28.381348,-3.967285,-31.860352
1493852634.434523,-0.481445,-0.024902,-0.145020,24.597168,1.403809,-33.569336
1493852634.437202,-0.549805,-0.038574,-0.109375,22.155762,5.371094,-32.287598
1493852634.439833,-0.535156,-0.077637,-0.150879,21.301270,6.713867,-30.700684
1493852634.442393,-0.550781,-0.083496,-0.079590,22.094727,6.225586,-29.663086
1493852634.444940,-0.566406,-0.103027,-0.043457,20.629883,5.187988,-27.709961
1493852634.447487,-0.597656,-0.058594,-0.136230,21.362305,3.173828,-28.869629
1493852634.450061,-0.618652,-0.103027,-0.036621,21.362305,3.295898,-30.578613
1493852634.452608,-0.731934,-0.075195,-0.145996,21.850586,3.723145,-30.212402
1493852634.455151,-0.743652,-0.048340,-0.067383,20.385742,3.601074,-32.592773
1493852634.457694,-0.665039,-0.069336,-0.093262,19.531250,4.760742,-33.752441
1493852634.460364,-0.638672,-0.049316,-0.049805,20.019531,6.774902,-33.630371
1493852634.463158,-0.630371,-0.046387,-0.077637,21.667480,8.300781,-33.996582
1493852634.465837,-0.678223,-0.074219,-0.092773,23.071289,8.789062,-34.790039
1493852634.468523,-0.634277,-0.042480,-0.078613,23.681641,8.300781,-34.973145
1493852634.471209,-0.684570,-0.063477,-0.031738,22.644043,7.812500,-34.973145
1493852634.473889,-0.658691,-0.047363,-0.095215,23.742676,7.873535,-33.874512
1493852634.476567,-0.694336,-0.040527,-0.086914,23.681641,6.896973,-32.714844
1493852634.479265,-0.690918,-0.028320,-0.084961,22.460938,6.286621,-32.104492
1493852634.481965,-0.725586,-0.038574,-0.102051,23.193359,5.432129,-31.555176
1493852634.484641,-0.669434,-0.018066,-0.056641,24.658203,5.126953,-31.921387
1493852634.487316,-0.728027,-0.035156,-0.103027,26.367188,4.638672,-33.203125
1493852634.489943,-0.735352,-0.030762,-0.010742,26.611328,4.150391,-35.034180
1493852634.492503,-0.698730,-0.026367,-0.099121,24.841309,4.516602,-36.132812
1493852634.495055,-0.713379,-0.116211,-0.028320,23.925781,3.356934,-38.146973
1493852634.497608,-0.706543,0.119629,-0.067871,24.230957,1.831055,-40.161133
1493852634.500228,-0.721191,-0.100098,-0.067871,24.719238,1.586914,-42.480469
1493852634.502907,-0.689941,0.034180,-0.022461,25.268555,-0.305176,-44.311523
1493852634.505588,-0.739746,0.043457,-0.045898,23.437500,-1.770020,-46.264648
1493852634.508273,-0.688477,0.026855,-0.091309,20.935059,-2.319336,-49.011230
1493852634.510960,-0.736328,0.031738,-0.043457,17.822266,-2.868652,-52.551270
1493852634.513642,-0.774414,0.083984,-0.098633,14.648438,-2.807617,-56.884766
1493852634.516320,-0.772949,0.072754,-0.009277,13.488770,-2.868652,-59.692383
1493852634.519001,-0.769043,0.055664,-0.230469,13.061523,-2.258301,-63.903809
1493852634.521682,-0.813965,0.058105,-0.113281,9.399414,-1.525879,-68.359375
1493852634.524360,-0.800293,0.054688,-0.149902,7.263184,-1.342773,-71.899414
1493852634.527040,-0.845215,0.043945,-0.199219,6.408691,-1.525879,-76.904297
1493852634.529669,-0.872070,0.010742,-0.145996,6.591797,-3.051758,-79.040527
1493852634.532228,-0.870605,0.007812,-0.234375,5.126953,-2.380371,-83.496094
1493852634.534775,-0.901367,0.120605,-0.157715,6.591797,-2.807617,-86.853027
1493852634.537320,-0.910156,0.029297,-0.187500,6.958008,-5.065918,-88.928223
1493852634.539929,-0.913574,0.024414,-0.190918,7.385254,-7.019043,-92.346191
1493852634.542609,-0.962891,0.056152,-0.142090,7.751465,-9.582520,-95.581055
1493852634.545285,-0.951660,0.050781,-0.233887,7.690430,-12.084961,-98.815918
1493852634.547975,-0.982422,0.063965,-0.234375,8.789062,-14.709473,-102.355957
1493852634.550663,-1.020508,0.051758,-0.179199,10.131836,-31.127930,-105.468750
1493852634.553346,-1.015137,0.061523,-0.264648,10.925293,-18.249512,-106.872559
1493852634.556028,-1.007812,-0.006836,-0.344238,13.366699,-24.719238,-102.294922
1493852634.558713,-1.048828,0.001465,-0.347168,17.211914,-36.743164,-96.191406
1493852634.561404,-1.017090,0.020508,-0.240234,21.240234,-47.790527,-92.285156
1493852634.564086,-1.052734,0.070312,-0.353027,26.245117,-50.781250,-94.177246
1493852634.566766,-1.068359,0.091797,-0.302246,29.479980,-45.532227,-105.895996
1493852634.569481,-1.036133,0.148926,-0.329590,27.465820,-35.827637,-122.314453
1493852634.572196,-1.029785,0.144043,-0.334961,21.301270,-24.108887,-138.488770
1493852634.574875,-1.065918,0.169922,-0.306152,18.310547,-17.944336,-150.207520
1493852634.577555,-1.036133,0.151855,-0.220703,17.883301,-17.089844,-159.301758
1493852634.580178,-1.058594,0.125488,-0.270996,17.578125,-16.357422,-160.827637
1493852634.582729,-1.101074,0.143066,-0.182617,17.333984,-15.869141,-162.780762
1493852634.585276,-1.147949,0.147461,-0.207031,19.592285,-16.845703,-162.231445
1493852634.587822,-1.136719,0.154785,-0.265137,19.470215,-18.981934,-162.475586
1493852634.590375,-1.240723,0.173340,-0.248047,17.211914,-20.324707,-164.672852
1493852634.592924,-1.221680,0.194336,-0.238770,19.287109,-22.094727,-167.358398
1493852634.595465,-1.287109,0.215820,-0.281250,23.559570,-24.414062,-172.302246
1493852634.598070,-1.278809,0.212891,-0.288574,25.695801,-25.451660,-177.062988
1493852634.600853,-1.295410,0.216309,-0.328125,30.151367,-25.695801,-181.213379
1493852634.603520,-1.329102,0.184570,-0.357422,36.621094,-24.658203,-185.485840
1493852634.606191,-1.304688,0.193359,-0.220703,41.625977,-21.606445,-187.500000
1493852634.608876,-1.320801,0.192871,-0.260254,46.386719,-17.883301,-188.354492
1493852634.611564,-1.336426,0.213867,-0.291016,54.260254,-15.869141,-189.208984
1493852634.614228,-1.407715,0.363281,-0.327637,66.406250,-15.258789,-189.819336
1493852634.616894,-1.450684,0.364746,-0.432129,80.444336,-17.883301,-191.223145
1493852634.619564,-1.542480,0.468750,-0.531250,96.435547,-25.329590,-193.481445
1493852634.622233,-1.548828,0.569824,-0.500488,113.159180,-38.085938,-197.021484
1493852634.624898,-1.604492,0.678711,-0.632324,126.647949,-52.551270,-202.026367
1493852634.627568,-1.588867,0.763184,-0.546875,134.887695,-66.284180,-208.251953
1493852634.630232,-1.552734,0.851562,-0.529297,134.948730,-76.171875,-215.087891
1493852634.632898,-1.513184,0.848633,-0.613281,132.690430,-81.481934,-223.754883
1493852634.635565,-1.478516,0.849609,-0.403809,129.089355,-80.566406,-234.497070
1493852634.638254,-1.438477,0.773926,-0.388672,110.717773,-75.317383,-246.154785
1493852634.640942,-1.486328,0.731445,-0.429199,117.614746,-68.908691,-258.117676
1493852634.643607,-1.309082,0.609375,-0.265625,94.726562,-62.927246,-272.216797
1493852634.646272,-1.381836,0.460449,-0.148438,101.989746,-61.096191,-287.475586
1493852634.648948,-1.366211,0.228027,-0.251953,87.951660,-60.302734,-304.992676
1493852634.651631,-1.368652,0.041504,-0.295898,71.411133,-59.509277,-324.218750
1493852634.654314,-1.476074,-0.157227,-0.272461,57.739258,-59.570312,-343.688965
1493852634.657001,-1.437012,-0.326660,-0.326172,50.537109,-58.959961,-363.220215
1493852634.659688,-1.447266,-0.485840,-0.253906,53.039551,-56.152344,-380.126953
1493852634.662376,-1.417969,-0.487793,-0.130371,69.702148,-52.612305,-390.686035
1493852634.665059,-1.397949,-0.418945,-0.328613,98.449707,-32.165527,-396.545410
1493852634.667745,-1.346680,-0.293945,-0.332031,132.568359,-44.067383,-394.409180
1493852634.670429,-1.343262,-0.163574,-0.390625,164.001465,-40.954590,-382.080078
1493852634.673108,-1.335449,0.046875,-0.503418,188.415527,-46.691895,-359.375000
1493852634.675790,-1.312012,0.241211,-0.504883,196.533203,-62.805176,-328.918457
1493852634.678479,-1.377930,0.274902,-0.562012,186.218262,-83.129883,-296.508789
1493852634.681168,-1.389648,0.272949,-0.678711,162.536621,-97.656250,-272.460938
1493852634.683851,-1.263672,0.169434,-0.702148,136.230469,-101.318359,-263.488770
1493852634.686534,-1.294434,0.068359,-0.671387,114.807129,-91.918945,-269.348145
1493852634.689179,-1.236816,-0.008789,-0.640137,99.060059,-76.904297,-291.198730
1493852634.691759,-1.113281,-0.082031,-0.539551,93.750000,-61.523438,-292.053223
1493852634.694310,-1.105469,-0.052246,-0.460938,96.130371,-50.659180,-309.143066
1493852634.696864,-1.020996,-0.004883,-0.307129,98.205566,-46.508789,-322.631836
1493852634.699484,-0.992676,0.095703,-0.451172,101.745605,-46.569824,-327.819824
1493852634.702172,-0.917480,0.183594,-0.285156,106.506348,-49.499512,-323.242188
1493852634.704853,-0.915527,0.299316,-0.466797,108.093262,-48.889160,-310.852051
1493852634.707533,-0.762695,0.410156,-0.421875,109.069824,-45.043945,-290.832520
1493852634.710221,-0.851074,0.465332,-0.525879,107.055664,-37.414551,-269.897461
1493852634.712904,-0.826172,0.556641,-0.484375,103.637695,-17.150879,-250.000000
1493852634.715585,-0.682617,0.590332,-0.496582,102.661133,-22.949219,-233.947754
1493852634.718271,-0.677246,0.587402,-0.327637,105.957031,-11.291504,-222.534180
1493852634.720960,-0.573242,0.638184,-0.432129,114.990234,0.061035,-214.904785
1493852634.723639,-0.451660,0.654785,-0.347656,137.268066,29.357910,-207.092285
1493852634.726316,-0.372559,0.408203,-0.281738,169.555664,26.733398,-203.552246
1493852634.728969,-0.290527,0.207031,-0.203125,185.058594,31.860352,-206.054688
1493852634.731552,-0.205078,-0.100586,-0.148926,170.410156,28.686523,-214.538574
1493852634.734097,-0.190430,-0.416504,-0.003906,143.371582,24.658203,-221.496582
1493852634.736754,-0.088867,-0.619141,0.067383,129.150391,24.475098,-238.159180
1493852634.739315,-0.056152,-0.810059,0.144043,136.718750,31.433105,-247.619629
1493852634.741875,-0.061523,-0.829590,0.094727,163.146973,45.410156,-245.483398
1493852634.744425,-0.070312,-0.796875,0.118164,173.095703,62.438965,-226.745605
1493852634.746975,-0.114746,-0.762695,0.056152,196.472168,88.806152,-193.542480
1493852634.749585,-0.104492,-0.612793,-0.280762,204.711914,96.923828,-150.085449
1493852634.752265,-0.206543,-0.389648,-0.214355,197.570801,101.562500,-96.679688
1493852634.754950,-0.311035,-0.124512,-0.466309,138.427734,97.595215,-27.404785
1493852634.757660,-0.381836,0.194824,-0.595703,45.715332,46.569824,46.325684
1493852634.760367,-0.357422,0.158691,-0.166016,-53.710938,-24.719238,107.666016
1493852634.763048,-0.334473,0.141113,0.107422,-106.201172,-83.557129,143.127441
1493852634.765728,-0.274902,0.134766,0.226562,-103.759766,-107.299805,155.761719
1493852634.768407,-0.323242,0.148926,0.152344,-73.425293,-101.196289,156.127930
1493852634.771091,-0.339355,0.233887,0.063965,-51.391602,-83.740234,153.503418
1493852634.773771,-0.359375,0.319824,0.037109,-52.551270,-66.223145,153.320312
1493852634.776454,-0.363281,0.403809,-0.007324,-69.396973,-51.818848,171.264648
1493852634.779144,-0.289551,0.484375,0.033691,-82.946777,-35.766602,165.527344
1493852634.781832,-0.234375,0.577637,-0.005859,-86.547852,-15.380859,177.856445
1493852634.784513,-0.166992,0.675781,-0.002441,-82.702637,3.723145,202.453613
1493852634.787188,-0.154785,0.731445,-0.236816,-81.970215,21.789551,189.575195
1493852634.789834,-0.049316,0.751953,-0.066406,-88.928223,28.991699,185.241699
1493852634.792412,-0.044434,0.781738,-0.207031,-99.304199,32.348633,173.095703
1493852634.794960,0.008789,0.760254,-0.152832,-120.056152,31.372070,155.029297
1493852634.797513,-0.005371,0.744629,-0.062500,-116.149902,43.640137,134.460449
1493852634.800124,0.027344,0.654297,-0.171387,-127.807617,39.184570,117.675781
1493852634.802805,0.030273,0.591797,-0.052734,-124.450684,32.409668,103.881836
1493852634.805491,-0.009277,0.517578,-0.119629,-121.704102,33.508301,93.200684
1493852634.808186,-0.028320,0.481934,-0.080078,-119.140625,37.658691,86.181641
1493852634.810880,-0.074219,0.412598,-0.090820,-117.187500,40.283203,82.214355
1493852634.813569,-0.084961,0.362793,-0.119629,-118.041992,44.433594,80.566406
1493852634.816252,-0.157715,0.287109,-0.134766,-118.957520,46.264648,81.909180
1493852634.818939,-0.143555,0.258301,-0.083984,-116.699219,49.133301,85.876465
1493852634.821630,-0.166992,0.211914,-0.160645,-112.487793,48.828125,90.332031
1493852634.824317,-0.175781,0.195312,-0.123535,-109.680176,50.354004,96.069336
1493852634.827002,-0.229492,0.150879,-0.183594,-105.407715,49.560547,99.548340
1493852634.829636,-0.198242,0.128418,-0.213867,-103.942871,49.743652,101.501465
1493852634.832202,-0.194336,0.119141,-0.108887,-100.585938,47.668457,106.628418
1493852634.834755,-0.188965,0.119629,-0.111328,-100.463867,47.119141,111.511230
1493852634.837306,-0.208496,0.106934,-0.121094,-100.036621,46.386719,118.103027
1493852634.839876,-0.188477,0.101074,-0.171875,-97.656250,44.250488,124.267578
1493852634.842443,-0.148438,0.104004,-0.175293,-96.008301,44.128418,130.065918
1493852634.844995,-0.186523,0.076172,-0.091797,-94.238281,43.823242,135.559082
1493852634.847542,-0.177246,0.053711,-0.124512,-93.872070,42.114258,142.822266
1493852634.850126,-0.231934,0.035156,-0.158203,-93.750000,41.076660,151.550293
1493852634.852811,-0.185547,0.039062,-0.103516,-93.322754,38.940430,171.447754
1493852634.855489,-0.208008,-0.002441,-0.171875,-91.979980,37.780762,165.893555
1493852634.858176,-0.260254,0.123535,-0.108887,-90.759277,36.682129,174.987793
1493852634.860868,-0.286621,0.002930,-0.017090,-89.965820,35.217285,200.195312
1493852634.863554,-0.265625,0.004395,-0.166504,-86.853027,33.935547,194.458008
1493852634.866239,-0.280762,0.003418,-0.050293,-84.167480,32.958984,203.063965
1493852634.868927,-0.280762,0.004883,-0.096680,-83.618164,33.996582,212.280273
1493852634.871733,-0.281250,0.020996,-0.025391,-79.162598,35.583496,220.947266
1493852634.874419,-0.304688,0.046387,-0.001465,-77.636719,38.696289,229.553223
1493852634.877101,-0.331543,0.036621,-0.104980,-73.547363,41.320801,238.403320
1493852634.879741,-0.281250,0.087891,-0.147949,-70.129395,43.762207,245.971680
1493852634.882313,-0.306641,0.100586,-0.065430,-67.749023,45.654297,252.624512
1493852634.884863,-0.268555,0.121582,-0.134766,-65.368652,47.424316,258.605957
1493852634.887411,-0.304199,0.125488,-0.082031,-61.523438,48.034668,263.122559
1493852634.890025,-0.340820,0.172852,-0.144531,-59.448242,49.377441,266.418457
1493852634.892706,-0.315918,0.203613,-0.145996,-53.955078,49.865723,270.263672
1493852634.895384,-0.364258,0.200195,-0.187012,-50.903320,50.903320,273.742676
1493852634.898085,-0.345215,0.208496,-0.005859,-45.776367,51.879883,276.367188
1493852634.900789,-0.391602,0.198730,-0.156250,-41.687012,53.283691,278.869629
1493852634.903472,-0.407715,0.219238,-0.058594,-39.367676,55.541992,281.494141
1493852634.906151,-0.425293,0.200684,-0.136230,-35.705566,56.762695,283.386230
1493852634.908853,-0.452637,0.216797,-0.234863,-32.531738,58.349609,285.522461
1493852634.911557,-0.420898,0.233887,-0.025391,-28.442383,58.715820,287.353516
1493852634.914240,-0.470703,0.197266,-0.160645,-25.329590,58.471680,289.611816
1493852634.916919,-0.432617,0.225586,-0.173340,-23.437500,58.959961,292.663574
1493852634.919602,-0.470215,0.217773,-0.142090,-21.057129,59.814453,293.640137
1493852634.922287,-0.513184,0.220703,-0.062988,-17.700195,60.729980,295.898438
1493852634.924968,-0.518555,0.233887,-0.132812,-16.357422,61.584473,297.485352
1493852634.927668,-0.500977,0.231445,-0.193359,-15.747070,62.316895,298.339844
1493852634.930302,-0.568848,0.219238,-0.122559,-14.770508,62.866211,298.583984
1493852634.932854,-0.568359,0.208496,-0.164551,-14.099121,64.270020,299.621582
1493852634.935406,-0.577637,0.206543,-0.132324,-13.122559,65.979004,300.964355
1493852634.937978,-0.591309,0.214355,-0.155762,-12.329102,68.054199,302.246094
1493852634.940619,-0.502930,0.185059,-0.183105,-12.573242,69.396973,305.053711
1493852634.943297,-0.656738,0.190918,-0.216797,-11.413574,70.739746,308.044434
1493852634.945976,-0.672852,0.193359,-0.226074,-11.840820,72.387695,311.889648
1493852634.948683,-0.653809,0.218750,-0.242188,-10.986328,74.157715,315.246582
1493852634.951391,-0.679199,0.185059,-0.140137,-12.634277,75.195312,318.359375
1493852634.954075,-0.710449,0.196777,-0.210449,-11.291504,76.354980,321.105957
1493852634.956764,-0.697754,0.207031,-0.202148,-15.625000,78.491211,322.814941
1493852634.959465,-0.758789,0.207520,-0.197266,-17.333984,81.970215,324.462891
1493852634.962168,-0.735840,0.220215,-0.184570,-19.042969,84.777832,326.538086
1493852634.964849,-0.755371,0.207520,-0.247559,-23.010254,86.914062,328.796387
1493852634.967533,-0.785156,0.217773,-0.173340,-24.536133,88.562012,332.275391
1493852634.970227,-0.820801,0.222656,-0.190430,-25.756836,90.332031,334.655762
1493852634.972914,-0.802734,0.229980,-0.148926,-27.832031,91.857910,337.463379
1493852634.975596,-0.825195,0.203125,-0.176758,-28.381348,94.055176,340.515137
1493852634.978270,-0.756836,0.206543,-0.231445,-30.822754,95.031738,343.505859
1493852634.980874,-0.877441,0.229004,-0.192871,-31.005859,95.275879,344.909668
1493852634.983424,-0.938477,0.233887,-0.192871,-30.578613,95.092773,346.984863
1493852634.985972,-1.083496,0.273438,-0.299316,-32.226562,94.177246,350.463867
1493852634.988567,-1.027344,0.263672,-0.249512,-15.991211,93.017578,351.257324
1493852634.991231,-1.050293,0.308105,-0.202148,-30.334473,91.735840,349.853516
1493852634.993910,-1.107910,0.270996,-0.247559,-31.188965,90.637207,346.740723
1493852634.996590,-1.169434,0.294922,-0.146484,-31.921387,92.163086,341.674805
1493852634.999273,-1.242676,0.277832,-0.253906,-31.982422,94.909668,335.083008
1493852635.001960,-1.221680,0.253906,-0.222168,-28.869629,103.149414,331.604004
1493852635.004642,-1.130859,0.191406,-0.251465,-21.911621,124.328613,331.665039
1493852635.007324,-1.305176,0.190430,-0.390625,-18.310547,119.445801,333.312988
1493852635.010132,-1.342773,0.263184,-0.398926,-22.033691,121.032715,332.946777
1493852635.012816,-1.409668,0.271484,-0.374512,-34.851074,96.618652,329.589844
1493852635.015498,-1.381836,0.246582,-0.369141,-48.400879,81.054688,326.049805
1493852635.018187,-1.557617,0.136719,-0.373535,-51.513672,86.242676,320.983887
1493852635.020874,-1.520508,0.193359,-0.410156,-41.320801,87.097168,310.913086
1493852635.023555,-1.534668,0.133301,-0.318848,-32.104492,99.365234,298.034668
1493852635.026233,-1.545898,0.080566,-0.479492,-30.761719,116.577148,286.071777
1493852635.028892,-1.543945,0.010742,-0.461426,-38.085938,130.432129,275.390625
1493852635.031483,-1.567871,-0.098633,-0.491699,-49.438477,139.648438,267.822266
1493852635.034033,-1.579590,-0.178711,-0.561035,-56.579590,143.432617,250.183105
1493852635.036579,-1.520508,-0.260254,-0.459961,-58.837891,142.944336,263.122559
1493852635.039168,-1.691406,-0.371094,-0.583008,-60.546875,142.578125,261.962891
1493852635.041831,-1.861328,-0.418945,-0.601562,-60.424805,143.066406,264.160156
1493852635.044511,-1.842285,-0.606934,-0.574707,-60.791016,144.836426,270.324707
1493852635.047193,-1.826172,-0.583496,-0.613770,-63.110352,146.118164,278.198242
1493852635.049880,-1.834961,-0.642578,-0.498535,-62.438965,142.211914,291.748047
1493852635.052564,-1.827637,-0.631348,-0.403809,-60.852051,138.305664,307.495117
1493852635.055248,-1.796875,-0.662109,-0.379883,-55.175781,132.324219,322.143555
1493852635.057933,-1.719727,-0.739258,-0.310059,-49.621582,131.408691,333.496094
1493852635.060617,-1.636230,-0.748047,-0.172852,-44.738770,129.272461,338.500977
1493852635.063297,-1.546875,-0.772461,-0.210938,-41.992188,129.333496,338.439941
1493852635.065976,-1.496094,-0.771484,-0.152344,-41.381836,130.249023,331.909180
1493852635.068686,-1.403320,-0.740234,-0.113281,-36.071777,130.187988,323.730469
1493852635.071393,-1.386230,-0.692383,-0.100586,-31.311035,128.479004,316.101074
1493852635.074075,-1.320801,-0.660645,-0.052734,-29.907227,127.136230,306.762695
1493852635.076757,-1.390137,-0.665039,0.025879,-32.348633,126.220703,295.898438
1493852635.079436,-1.351074,-0.672852,-0.060059,-35.461426,125.244141,279.357910
1493852635.082043,-1.373535,-0.672363,-0.084961,-39.001465,127.075195,256.958008
1493852635.084594,-1.474121,-0.755371,-0.030762,-48.278809,129.943848,226.745605
1493852635.087145,-1.407715,-0.834473,-0.094238,-61.523438,133.666992,212.890625
1493852635.089701,-1.511230,-1.026367,0.010742,-71.899414,133.300781,195.800781
1493852635.092254,-1.714844,-1.131348,0.079590,-74.584961,133.239746,196.533203
1493852635.094806,-1.503906,-1.261719,0.020508,-80.322266,131.713867,203.979492
1493852635.097353,-1.578125,-1.358398,0.144043,-84.838867,112.915039,207.031250
1493852635.099971,-1.555664,-1.454590,0.115234,-91.674805,119.934082,201.782227
1493852635.102662,-1.385742,-1.558105,0.153320,-98.144531,108.520508,190.063477
1493852635.105340,-1.423340,-1.634277,0.187988,-101.196289,97.900391,174.194336
1493852635.108019,-1.317871,-1.717285,0.208008,-99.609375,88.684082,155.822754
1493852635.110701,-1.279297,-1.803223,0.165527,-99.243164,80.932617,136.535645
1493852635.113381,-1.191406,-1.880371,0.141602,-98.327637,74.462891,117.797852
1493852635.116060,-1.231934,-1.919434,0.151855,-100.036621,69.946289,99.182129
1493852635.118745,-1.041504,-1.962402,0.140137,-102.783203,66.467285,82.031250
1493852635.121430,-1.071777,-2.024414,0.083496,-103.759766,62.683105,64.941406
1493852635.124111,-1.015137,-2.035156,0.123047,-96.313477,56.396484,39.611816
1493852635.126789,-0.968750,-1.778809,-0.019043,-87.829590,46.264648,14.587402
1493852635.129478,-0.763672,-1.268066,-0.142090,-85.327148,14.892578,-48.339844
1493852635.132168,-0.935547,-1.871582,0.069336,-93.872070,-40.283203,-128.540039
1493852635.134851,-1.104492,-1.740723,-0.157715,-94.909668,-57.556152,-141.784668
1493852635.137527,-1.159668,-1.587891,-0.144531,-114.440918,-67.810059,-166.137695
1493852635.140155,-1.193359,-1.700684,-0.054688,-163.696289,-71.289062,-189.025879
1493852635.142706,-1.066406,-1.763672,0.124512,-151.916504,-45.166016,-192.016602
1493852635.145366,-1.005371,-1.939941,0.238281,-99.243164,-12.451172,-166.687012
1493852635.147940,-1.080566,-1.839844,-0.100586,-73.364258,8.056641,-131.408691
1493852635.150586,-1.011719,-1.761230,-0.166504,-42.663574,10.620117,-114.196777
1493852635.153268,-1.113281,-1.673340,-0.061523,-41.748047,7.934570,-114.318848
1493852635.155946,-1.144531,-1.391602,0.092773,-43.701172,-13.854980,-119.567871
1493852635.158644,-1.417969,-1.099121,-0.663574,-33.569336,6.835938,-135.131836
1493852635.161342,-1.450684,-0.767578,0.069336,27.404785,56.823730,-158.142090
1493852635.164020,-1.299316,-0.286621,-0.099609,36.865234,126.708984,-163.452148
1493852635.166700,-1.119141,0.358398,0.494629,44.128418,161.621094,-140.869141
1493852635.169388,-1.085449,0.830078,0.539062,46.203613,212.280273,-89.111328
1493852635.172076,-1.215820,1.502930,-0.000488,66.589355,227.783203,-16.174316
1493852635.174756,-1.348633,2.042969,-0.275879,139.038086,232.116699,63.476562
1493852635.177437,-1.809570,2.553223,-0.069824,193.420410,225.646973,127.990723
1493852635.180125,-3.285156,3.647461,-0.269043,177.368164,184.143066,137.329102
1493852635.182852,-3.791992,3.873535,-0.027832,141.906738,135.070801,99.182129
1493852635.185582,-2.452637,2.679199,-0.381836,107.360840,55.480957,18.005371
1493852635.188262,-0.693359,1.863281,-0.534668,78.613281,-20.690918,-78.857422
1493852635.190882,0.656738,1.289062,-0.578125,78.002930,-128.479004,-167.114258
1493852635.193440,0.937012,0.743652,-0.570312,99.731445,-238.830566,-197.875977
1493852635.195995,0.735840,0.339844,-0.187500,104.980469,-304.626465,-305.786133
1493852635.198574,0.022461,0.062988,0.364746,76.416016,-297.119141,-460.327148
