1493852600.700405,-0.911133,0.511719,0.083496,-52.612305,115.722656,384.643555
1493852600.703070,-1.019043,0.410156,0.030273,-55.847168,115.417480,388.610840
1493852600.705652,-0.958496,0.510254,0.066406,-60.729980,115.051270,392.333984
1493852600.708211,-0.964844,0.487305,0.024902,-61.767578,114.013672,395.996094
1493852600.710798,-0.985840,0.492676,0.030762,-63.354492,113.769531,397.766113
1493852600.713372,-0.954590,0.531250,-0.051270,-66.589355,113.708496,401.489258
1493852600.715919,-1.009277,0.520996,0.070312,-66.650391,113.037109,404.479980
1493852600.718497,-0.984863,0.535156,-0.120117,-68.725586,113.525391,407.653809
1493852600.721131,-1.037598,0.582031,-0.016602,-70.739746,113.098145,409.484863
1493852600.723738,-1.034180,0.578613,0.011230,-71.472168,114.013672,409.973145
1493852600.726559,-1.049805,0.578125,-0.081543,-75.622559,114.013672,409.973145
1493852600.729449,-1.092285,0.583984,-0.103516,-77.148438,114.868164,408.813477
1493852600.732122,-1.174805,0.618652,-0.065918,-80.139160,116.271973,407.836914
1493852600.735283,-1.198242,0.630371,-0.138184,-82.458496,119.140625,407.409668
1493852600.738575,-1.294922,0.604004,-0.014648,-84.350586,119.873047,407.287598
1493852600.741322,-1.346680,0.600098,-0.128906,-85.388184,121.032715,408.203125
1493852600.743943,-1.382324,0.574707,-0.210938,-89.721680,121.643066,410.217285
1493852600.746498,-1.476562,0.567871,-0.129883,-89.782715,121.398926,413.269043
1493852600.749712,-1.536621,0.593262,-0.136230,-90.454102,120.056152,417.419434
1493852600.752589,-1.583496,0.578125,-0.207031,-90.515137,120.056152,422.424316
1493852600.755777,-1.659668,0.552734,-0.203613,-89.416504,120.544434,429.565430
1493852600.758695,-1.736328,0.537598,-0.280762,-89.233398,120.849609,433.715820
1493852600.761388,-1.812500,0.491699,-0.355469,-90.270996,123.291016,436.584473
1493852600.764091,-1.906738,0.478516,-0.216309,-90.820312,124.511719,438.964844
1493852600.766761,-2.084473,0.413574,-0.254883,-90.881348,124.511719,440.429688
1493852600.769454,-2.041992,0.375000,-0.322266,-91.613770,124.816895,441.101074
1493852600.772173,-2.172852,0.328613,-0.238770,-95.153809,125.061035,442.382812
1493852600.774873,-2.210449,0.261230,-0.357422,-97.473145,125.915527,442.749023
1493852600.777543,-2.312988,0.161621,-0.434082,-100.463867,126.647949,442.932129
1493852600.780163,-2.484375,0.041016,-0.408203,-106.079102,126.586914,442.565918
1493852600.782720,-2.436035,-0.132324,-0.488281,-113.403320,127.014160,440.856934
1493852600.785275,-2.502930,-0.277344,-0.522949,-117.065430,124.816895,437.316895
1493852600.787830,-2.548828,-0.478516,-0.515137,-118.041992,120.727539,432.739258
1493852600.790390,-2.636230,-0.609863,-0.620117,-116.821289,118.469238,428.222656
1493852600.792944,-2.670410,-0.770508,-0.564941,-112.731934,114.257812,422.790527
1493852600.795498,-2.649414,-0.937012,-0.694336,-103.820801,112.670898,416.992188
1493852600.798079,-2.658203,-1.111816,-0.714355,-91.735840,110.900879,413.330078
1493852600.800659,-2.730469,-1.298340,-0.733887,-80.200195,110.473633,404.663086
1493852600.803294,-2.663086,-1.459961,-0.741699,-67.993164,112.243652,376.953125
1493852600.805933,-2.607422,-1.633301,-0.736328,-56.701660,114.990234,378.112793
1493852600.808593,-2.501465,-1.764160,-0.706543,-44.616699,116.027832,363.769531
1493852600.811323,-2.406738,-1.982910,-0.612305,-33.386230,117.858887,348.510742
1493852600.814005,-2.380371,-2.087402,-0.406250,-21.057129,120.666504,332.702637
1493852600.816693,-2.283203,-2.199219,-0.308105,-10.498047,121.765137,313.964844
1493852600.819381,-2.214844,-2.265137,-0.070312,-4.516602,123.657227,293.457031
1493852600.822067,-2.169922,-2.335938,0.088379,13.305664,123.474121,271.423340
1493852600.824751,-2.166992,-2.346680,0.266602,2.136230,119.628906,248.596191
1493852600.827434,-2.161621,-2.363281,0.380371,2.136230,114.501953,225.341797
1493852600.830123,-2.130371,-2.390625,0.601074,-15.258789,104.187012,201.477051
1493852600.832810,-2.078125,-2.196777,0.588867,-20.141602,97.290039,168.762207
1493852600.835494,-1.846680,-1.989746,0.453613,-33.935547,99.365234,108.886719
1493852600.838175,-1.647949,-1.876465,0.265137,-82.519531,100.524902,10.864258
1493852600.840936,-1.611816,-2.542480,0.289551,-128.601074,65.063477,-90.393066
1493852600.843488,-1.820801,-3.276855,0.595703,-119.567871,-22.827148,-138.488770
1493852600.846043,-2.152344,-3.714355,0.266602,-84.472656,-68.237305,-127.868652
1493852600.848619,-2.107422,-3.138672,0.435547,-24.353027,-105.407715,-88.623047
1493852600.851540,-2.075684,-3.031738,0.092773,89.904785,-56.457520,-42.175293
1493852600.854454,-1.771973,-3.101074,0.104980,166.442871,-26.245117,1.037598
1493852600.857001,-1.460449,-3.293945,-0.012695,167.480469,-21.484375,18.310547
1493852600.859600,-1.326660,-3.703613,-0.022461,117.919922,-9.643555,10.192871
1493852600.862202,-1.308594,-4.011230,0.090820,48.095703,-9.948730,-19.470215
1493852600.864794,-1.316406,-4.167969,0.096680,-25.634766,-12.023926,-75.256348
1493852600.867387,-1.291016,-3.667969,0.467285,-72.326660,-7.141113,-109.008789
1493852600.869976,-1.413574,-3.037598,0.623535,-57.434082,-7.141113,-170.593262
1493852600.872568,-1.576660,-2.542480,0.401855,-11.047363,-31.616211,-202.819824
1493852600.875118,-1.698242,-2.232422,0.401367,23.925781,-53.039551,-208.312988
1493852600.877667,-1.871094,-2.040527,0.274902,30.700684,-51.635742,-208.801270
1493852600.880340,-1.752930,-1.563965,0.335449,34.973145,-44.372559,-209.106445
1493852600.882890,-1.904297,-1.031250,-0.936035,30.639648,-23.864746,-217.224121
1493852600.885439,-2.027344,-0.668945,0.303711,138.977051,110.290527,-238.342285
1493852600.888026,-1.927734,0.162598,0.713867,221.496582,344.543457,-223.632812
1493852600.890614,-3.024414,1.771484,-0.699219,229.492188,455.322266,-178.222656
1493852600.893160,-4.957031,3.795410,-0.533691,240.905762,421.142578,-130.065918
1493852600.895706,-5.604492,4.757812,-0.134277,267.639160,398.315430,37.292480
1493852600.898253,-4.248047,3.963379,-0.996582,224.792480,335.144043,232.055664
1493852600.900806,-1.759277,3.057129,-1.319336,211.669922,168.884277,317.626953
1493852600.903372,-0.562012,2.875000,-1.946289,215.881348,-88.134766,311.828613
1493852600.905937,0.399902,2.745605,-2.220215,276.916504,-237.426758,234.069824
1493852600.908555,0.406250,2.583008,-2.190918,321.228027,-543.090820,53.466797
1493852600.911180,0.312012,2.551758,-1.062500,311.279297,-775.085449,-171.936035
1493852600.913733,0.242188,2.017090,0.199219,231.628418,-931.396484,-311.828613
1493852600.916286,0.315918,1.019531,1.426758,131.103516,-981.384277,-577.819824
1493852600.918950,0.515625,0.199219,2.254883,28.442383,-911.437988,-834.777832
1493852600.921684,1.048828,-0.507324,2.668457,-67.016602,-712.402344,-1018.249512
1493852600.924366,1.297363,-1.232910,2.045898,-146.667480,-418.701172,-1088.256836
1493852600.927045,1.276367,-1.933105,1.253906,-188.598633,-91.369629,-1076.660156
1493852600.929727,0.728516,-2.112793,0.035156,-245.422363,176.513672,-1028.503418
1493852600.932412,-0.220215,-2.153809,-0.538574,-289.489746,355.285645,-987.243652
1493852600.935088,-1.217285,-2.094727,-1.001953,-288.391113,343.017578,-963.195801
1493852600.937771,-2.085938,-1.797363,-1.059082,-277.099609,262.451172,-936.950684
1493852600.940384,-2.464355,-1.768066,-0.951172,-261.291504,81.909180,-863.891602
1493852600.942936,-2.931641,-2.187012,-0.376953,-174.804688,-154.541016,-728.881836
1493852600.945490,-2.919922,-2.252930,0.255371,-57.800293,-244.445801,-554.504395
1493852600.948057,-2.406738,-1.995117,0.524902,26.794434,-354.064941,-367.187500
1493852600.950680,-1.423340,-1.718750,0.478027,90.820312,-330.993652,-170.532227
1493852600.953343,-0.601074,-1.476074,0.120117,166.076660,-237.182617,0.122070
1493852600.956008,-0.075684,-1.224121,-0.567871,226.806641,-139.892578,117.614746
1493852600.958678,0.113281,-1.051758,-0.812500,218.505859,-79.101562,147.460938
1493852600.961348,-0.032715,-0.683105,-0.862793,146.667480,-48.583984,137.451172
1493852600.964012,-0.182129,-0.110352,-0.687500,57.495117,-36.071777,67.016602
1493852600.966678,-0.411621,0.354980,-0.410156,-18.066406,-35.827637,-5.798340
1493852600.969337,-0.500977,0.343262,-0.085938,-69.519043,-48.461914,-70.190430
1493852600.972126,-0.486328,0.082520,0.122070,-104.431152,-80.383301,-144.531250
1493852600.974771,-0.530762,-0.087402,0.386719,-111.450195,-109.069824,-200.073242
1493852600.977435,-0.576660,-0.294434,0.447266,-109.191895,-114.562988,-209.655762
1493852600.980129,-0.670898,-0.483887,0.317871,-70.007324,-86.364746,-177.185059
1493852600.982808,-0.736328,-0.645996,0.204590,-32.958984,-38.879395,-125.366211
1493852600.985488,-0.772949,-0.511230,-0.041504,-4.577637,0.793457,-76.416016
1493852600.988162,-0.769531,-0.272949,-0.136230,-16.174316,15.136719,-47.607422
1493852600.990767,-0.818359,-0.191406,-0.165527,-18.310547,13.732910,-37.170410
1493852600.993312,-0.766602,-0.126465,-0.258301,-17.822266,-1.831055,-37.963867
1493852600.995858,-0.729004,-0.150391,-0.169434,-19.592285,-21.118164,-42.053223
1493852600.998412,-0.664062,-0.177246,-0.130859,-23.742676,-35.217285,-40.893555
1493852601.000963,-0.567383,-0.235352,-0.032715,-28.686523,-42.480469,-32.531738
1493852601.003512,-0.599121,-0.348633,0.049805,-31.982422,-38.146973,-16.235352
1493852601.006063,-0.601074,-0.369141,-0.019043,-29.418945,-30.700684,2.258301
1493852601.008616,-0.673340,-0.277344,-0.008789,-18.676758,-24.414062,18.066406
1493852601.011173,-0.716309,-0.194336,-0.051758,-6.042480,-23.254395,30.334473
1493852601.013717,-0.782227,-0.055176,-0.249512,3.479004,-27.221680,38.696289
1493852601.016262,-0.772949,0.020996,-0.118652,-0.122070,-29.541016,43.334961
1493852601.018844,-0.657715,0.071777,-0.020020,-11.169434,-28.076172,43.457031
1493852601.021500,-0.634277,0.075684,-0.116699,-18.249512,-24.108887,40.039062
1493852601.024187,-0.526367,0.086914,0.016113,-22.888184,-21.728516,18.249512
1493852601.026867,-0.399414,0.078125,-0.056641,-23.315430,-19.226074,23.132324
1493852601.029553,-0.508789,0.101562,0.024414,-19.775391,-13.122559,11.230469
1493852601.032242,-0.589355,0.097656,-0.030273,-17.333984,-3.234863,-1.647949
1493852601.034914,-0.534180,0.117188,-0.109863,-18.066406,8.178711,-12.512207
1493852601.037591,-0.601562,0.077148,0.006836,-18.249512,18.188477,-20.629883
1493852601.040258,-0.625977,0.017578,-0.074219,-19.409180,25.024414,-25.146484
1493852601.042807,-0.646973,-0.006836,-0.088867,-19.104004,29.724121,-26.611328
1493852601.045359,-0.648438,-0.081055,-0.041504,-18.676758,31.921387,-25.146484
1493852601.047939,-0.688965,-0.084473,-0.121582,-19.165039,32.897949,-22.460938
1493852601.050586,-0.700195,-0.114746,-0.059570,-16.906738,33.386230,-17.944336
1493852601.053265,-0.716309,-0.083008,-0.106934,-14.831543,34.729004,-11.108398
1493852601.055944,-0.672363,-0.080078,-0.153809,-13.366699,35.339355,-5.310059
1493852601.058643,-0.729492,-0.048340,-0.142090,-11.657715,35.705566,0.854492
1493852601.061347,-0.739746,-0.063477,-0.155762,-8.422852,36.010742,7.202148
1493852601.064026,-0.670898,-0.020996,-0.186523,-5.310059,34.057617,12.145996
1493852601.066705,-0.678711,-0.028320,-0.162109,-1.281738,33.813477,15.380859
1493852601.069390,-0.682617,-0.020996,-0.229980,-0.732422,32.653809,18.371582
1493852601.072075,-0.674316,0.000000,-0.212402,2.502441,31.127930,20.080566
1493852601.074756,-0.689941,0.012695,-0.228027,3.234863,29.846191,21.362305
1493852601.077436,-0.694824,-0.002441,-0.214355,4.150391,27.954102,23.803711
1493852601.080130,-0.713379,0.042480,-0.286621,7.690430,25.512695,24.841309
1493852601.082812,-0.716309,0.036133,-0.341309,10.742188,22.460938,26.794434
1493852601.085493,-0.735840,0.028320,-0.224121,12.268066,20.202637,27.404785
1493852601.088169,-0.850586,0.032715,-0.241699,16.235352,15.930176,27.893066
1493852601.090778,-0.786133,0.008789,-0.283691,19.531250,13.000488,29.724121
1493852601.093335,-0.791992,0.015137,-0.246582,20.202637,9.338379,32.104492
1493852601.095886,-0.778320,0.013184,-0.300293,25.146484,3.173828,35.949707
1493852601.098458,-0.815918,0.036133,-0.283691,28.564453,-14.770508,39.245605
1493852601.101106,-0.770508,0.041016,-0.305176,30.456543,-5.249023,42.602539
1493852601.103786,-0.792480,0.050781,-0.215820,33.508301,-9.155273,45.532227
1493852601.106463,-0.776855,0.084961,-0.314453,34.057617,-13.000488,47.729492
1493852601.109293,-0.730469,0.147461,-0.157715,30.578613,-15.991211,47.607422
1493852601.112012,-0.699219,0.144531,-0.177246,26.000977,-17.517090,46.203613
1493852601.114695,-0.623535,0.172852,-0.142578,20.141602,-14.770508,42.785645
1493852601.117380,-0.593262,0.188965,-0.022949,13.977051,-10.314941,36.193848
1493852601.120101,-0.544922,0.242188,-0.160645,8.239746,-1.892090,24.536133
1493852601.122784,-0.569824,0.214355,-0.109863,1.770020,3.112793,10.925293
1493852601.125460,-0.570801,0.197754,-0.177246,-1.647949,7.263184,-6.652832
1493852601.128135,-0.564453,0.170898,-0.217773,-3.479004,8.117676,-21.240234
1493852601.130818,-0.594727,0.089355,-0.149902,-2.929688,4.760742,-33.630371
1493852601.133496,-0.648438,0.002930,-0.136230,3.356934,-1.159668,-37.719727
1493852601.136172,-0.665039,-0.033691,-0.302734,9.460449,-8.117676,-35.766602
1493852601.138849,-0.714844,-0.090820,-0.229980,15.014648,-13.305664,-17.639160
1493852601.141468,-0.729980,-0.073242,-0.325684,18.310547,-17.395020,-25.817871
1493852601.144022,-0.730469,-0.058105,-0.405762,18.127441,-19.226074,-18.310547
1493852601.146573,-0.704590,-0.058594,-0.347656,15.319824,-20.019531,-13.793945
1493852601.149171,-0.694336,-0.044434,-0.417969,14.404297,-22.644043,-10.009766
1493852601.151841,-0.668945,-0.047852,-0.398438,16.723633,-23.071289,-8.911133
1493852601.154526,-0.671387,-0.028320,-0.412109,19.836426,-25.695801,-7.263184
1493852601.157207,-0.614746,-0.016113,-0.416992,18.249512,-25.939941,-7.019043
1493852601.159895,-0.619629,-0.053711,-0.465332,16.479492,-27.038574,-8.544922
1493852601.162582,-0.583008,-0.073730,-0.459961,17.517090,-30.578613,-10.559082
1493852601.165262,-0.606445,-0.073730,-0.476562,25.939941,-46.691895,-12.512207
1493852601.167944,-0.573730,-0.081543,-0.496094,35.583496,-32.470703,-12.329102
1493852601.170628,-0.581543,-0.083496,-0.421875,43.212891,-34.118652,-11.657715
1493852601.173310,-0.528809,-0.104980,-0.473145,48.950195,-33.813477,-11.535645
1493852601.175993,-0.557617,-0.059570,-0.279297,52.246094,-33.752441,-14.099121
1493852601.178681,-0.609375,-0.012695,-0.255859,52.062988,-37.414551,-19.470215
1493852601.181370,-0.619141,0.030273,-0.169434,48.217773,-42.846680,-23.437500
1493852601.184058,-0.677246,0.062012,-0.145996,48.156738,-45.715332,-25.695801
1493852601.186739,-0.678711,0.095703,-0.111328,47.058105,-47.241211,-26.672363
1493852601.189376,-0.692383,0.144043,-0.095215,47.729492,-47.607422,-30.639648
1493852601.191945,-0.724609,0.108887,0.040039,53.588867,-38.757324,-33.142090
1493852601.194498,-0.738281,0.067871,-0.005371,62.744141,-25.817871,-41.137695
1493852601.197051,-0.646484,0.026367,-0.041016,64.025879,-15.686035,-48.156738
1493852601.199679,-0.719727,0.009277,-0.074219,62.316895,-10.375977,-54.748535
1493852601.202380,-0.702637,-0.008789,-0.063965,54.870605,-10.192871,-58.837891
1493852601.205066,-0.714844,-0.083496,-0.011230,52.185059,-15.258789,-57.250977
1493852601.207754,-0.730469,-0.110840,-0.022461,55.358887,-26.000977,-46.325684
1493852601.210442,-0.731445,-0.079590,-0.041016,77.514648,-41.931152,-27.526855
1493852601.213123,-0.655762,-0.055176,0.005371,67.565918,-54.809570,-3.417969
1493852601.215807,-0.745117,0.022461,-0.041016,74.890137,-61.767578,19.836426
1493852601.218499,-0.733887,0.225586,-0.057617,77.270508,-62.622070,29.968262
1493852601.221187,-0.707031,0.260254,0.030273,73.669434,-60.485840,24.780273
1493852601.223872,-0.704102,0.279785,0.007324,65.795898,-52.062988,7.690430
1493852601.226552,-0.692871,0.306641,-0.055664,54.748535,-42.236328,-16.784668
1493852601.229227,-0.698730,0.284668,-0.034180,47.729492,-16.967773,-42.114258
1493852601.231834,-0.696289,0.251953,-0.051758,38.818359,-22.705078,-66.223145
1493852601.234388,-0.683594,0.169434,-0.039062,33.630371,-13.366699,-87.646484
1493852601.236944,-0.719238,0.023438,-0.132812,28.991699,-3.906250,-96.679688
1493852601.239544,-0.794922,0.072754,-0.098633,30.334473,7.080078,-110.168457
1493852601.242215,-0.813965,-0.000488,-0.223633,27.770996,15.747070,-115.173340
1493852601.244901,-0.865234,-0.068359,-0.071777,24.658203,21.423340,-116.821289
1493852601.247583,-0.753418,-0.016113,-0.131836,22.583008,25.817871,-116.943359
1493852601.250427,-0.899414,-0.122070,-0.125000,26.794434,32.165527,-119.445801
1493852601.253113,-0.990234,-0.006836,-0.095703,31.433105,36.254883,-121.765137
1493852601.255796,-0.964355,-0.002930,-0.180664,34.667969,35.949707,-123.413086
1493852601.258481,-1.053711,0.007324,-0.149902,39.184570,26.916504,-120.239258
1493852601.261165,-1.037109,0.039062,-0.211914,44.677734,15.319824,-115.234375
1493852601.263846,-1.054199,0.067871,-0.171875,51.940918,3.112793,-109.619141
1493852601.266524,-1.037598,0.114746,-0.199219,54.748535,-8.666992,-103.149414
1493852601.269209,-1.032227,0.177734,-0.054199,59.631348,-17.456055,-99.426270
1493852601.271900,-1.010254,0.234863,-0.095215,62.072754,-24.169922,-97.534180
1493852601.274583,-0.942871,0.290527,-0.087891,61.889648,-28.015137,-99.487305
1493852601.277263,-1.042969,0.363770,-0.133301,58.715820,-29.357910,-104.553223
1493852601.279893,-1.020508,0.403809,-0.142090,53.771973,-28.564453,-112.304688
1493852601.282456,-1.078613,0.413574,-0.082031,45.471191,-27.709961,-123.474121
1493852601.285012,-1.063477,0.386230,-0.103516,36.315918,-25.573730,-134.155273
1493852601.287566,-1.097656,0.332520,-0.097168,28.930664,-24.780273,-140.197754
1493852601.290187,-1.134277,0.309082,-0.200684,26.245117,-27.404785,-142.395020
1493852601.292873,-1.175781,0.282715,-0.212402,26.550293,-31.250000,-145.935059
1493852601.295558,-1.246094,0.246582,-0.172852,25.573730,-32.592773,-168.090820
1493852601.298265,-1.348633,0.291992,-0.208984,26.000977,-31.433105,-162.963867
1493852601.300972,-1.234863,0.272461,-0.175781,22.583008,-26.062012,-174.987793
1493852601.303657,-1.273926,0.247559,-0.238281,20.629883,-24.230957,-202.148438
1493852601.306342,-1.282715,0.302246,-0.131836,22.827148,-29.357910,-193.969727
1493852601.309027,-1.205566,0.326172,-0.233398,25.268555,-33.935547,-201.904297
1493852601.311715,-1.234375,0.314453,-0.183594,31.738281,-36.376953,-208.190918
1493852601.314402,-1.235840,0.499512,-0.311035,35.522461,-42.297363,-210.327148
1493852601.317089,-1.249512,0.435547,-0.302246,33.081055,-47.546387,-214.233398
1493852601.319729,-1.241699,0.498047,-0.313965,33.996582,-45.471191,-221.557617
1493852601.322297,-1.289551,0.494141,-0.431152,34.545898,-41.503906,-230.102539
1493852601.324847,-1.308105,0.561035,-0.529297,32.531738,-38.757324,-239.135742
1493852601.327396,-1.356934,0.553711,-0.499023,29.174805,-38.513184,-251.159668
1493852601.330007,-1.392090,0.550781,-0.475098,29.418945,-36.865234,-263.244629
1493852601.332686,-1.422852,0.552246,-0.533203,31.250000,-31.372070,-274.536133
1493852601.335367,-1.575684,0.562500,-0.512695,37.902832,-25.085449,-280.395508
1493852601.338072,-1.507812,0.579590,-0.624023,47.912598,-22.827148,-283.020020
1493852601.340783,-1.554688,0.664062,-0.533691,52.978516,-22.155762,-284.973145
1493852601.343467,-1.573242,0.687988,-0.448242,57.067871,-17.089844,-286.560059
1493852601.346149,-1.632812,0.731934,-0.457520,64.208984,-12.023926,-287.353516
1493852601.348853,-1.728516,0.836914,-0.453613,76.782227,-14.099121,-288.574219
1493852601.351554,-1.841309,1.105469,-0.389648,90.026855,-19.531250,-290.161133
1493852601.354235,-1.874512,1.108887,-0.423828,102.355957,-29.968262,-311.828613
1493852601.356919,-1.953125,1.177246,-0.388672,108.825684,-38.024902,-304.016113
1493852601.359610,-2.148438,1.242188,-0.429199,109.985352,-46.508789,-313.598633
1493852601.362298,-2.253906,1.274902,-0.476074,112.365723,-49.194336,-341.552734
1493852601.364980,-2.342285,1.210449,-0.480469,112.243652,-51.452637,-343.505859
1493852601.367682,-2.478516,1.070312,-0.481934,98.693848,-54.504395,-363.891602
1493852601.370315,-2.476074,0.832520,-0.571777,75.805664,-57.189941,-384.521484
1493852601.372864,-2.437012,0.663086,-0.570312,46.691895,-55.786133,-403.686523
1493852601.375415,-2.437988,0.539062,-0.535645,18.676758,-46.325684,-422.546387
1493852601.377971,-2.330566,0.523438,-0.423828,22.583008,-41.687012,-441.894531
1493852601.380529,-2.330566,0.494141,-0.420898,40.405273,-34.057617,-462.219238
1493852601.383081,-2.300781,0.582520,-0.316895,83.068848,-34.790039,-482.299805
1493852601.385736,-2.277344,0.656738,-0.328125,129.028320,-47.851562,-497.314453
1493852601.388325,-2.145508,0.770020,-0.623535,168.151855,-73.547363,-501.281738
1493852601.390986,-1.959473,0.936035,-0.832520,200.744629,-101.379395,-504.516602
1493852601.393670,-1.388672,0.630371,-0.862793,220.153809,-132.080078,-503.295898
1493852601.396353,-1.411621,0.724609,-0.970703,179.443359,-176.391602,-494.934082
1493852601.399060,-1.398438,0.733398,-0.894043,109.313965,-217.102051,-458.190918
1493852601.401763,-1.394531,0.683594,-0.935059,28.076172,-243.164062,-442.993164
1493852601.404443,-1.396484,0.668457,-0.845703,-41.381836,-231.994629,-406.127930
1493852601.407124,-1.534180,0.650391,-0.901855,-73.425293,-174.804688,-368.286133
1493852601.409811,-1.676758,0.595215,-0.895020,-64.636230,-98.083496,-335.144043
1493852601.412493,-1.855469,0.613281,-0.751465,-32.531738,-27.893066,-310.058594
1493852601.415173,-2.010254,0.843262,-0.769043,25.146484,35.644531,-291.442871
1493852601.417869,-2.015625,0.871582,-0.632324,107.788086,86.975098,-279.296875
1493852601.420495,-1.962402,0.937500,-0.460938,134.826660,112.304688,-272.216797
1493852601.423048,-1.856445,0.970703,-0.296875,142.761230,113.708496,-266.235352
1493852601.425602,-1.740723,1.039062,-0.378906,142.883301,107.299805,-261.291504
1493852601.428180,-1.520508,1.241699,-0.460938,145.080566,95.703125,-249.328613
1493852601.430830,-1.349609,1.238770,-0.460449,184.936523,97.229004,-232.360840
1493852601.433515,-1.648438,1.296387,0.108887,262.268066,123.840332,-236.328125
1493852601.436198,-3.508789,1.857910,0.289062,321.350098,159.118652,-292.846680
1493852601.438887,-2.722168,1.218262,0.156250,362.060547,192.626953,-339.721680
1493852601.441573,-0.297852,-0.282227,0.153809,347.351074,149.414062,-384.643555
1493852601.444259,0.765137,-0.927246,-0.573242,295.959473,33.935547,-421.020508
1493852601.446948,1.031738,-0.731934,-1.552246,204.162598,-107.482910,-401.550293
1493852601.449661,1.302734,-0.653809,-0.428711,96.496582,-179.443359,-301.025391
1493852601.452371,1.508301,-0.589844,-0.733398,-83.251953,-269.531250,-163.391113
1493852601.455050,1.332520,-0.367188,-0.072754,-213.623047,-301.635742,45.227051
1493852601.457738,1.188965,-0.123047,0.761719,-216.491699,-255.187988,230.163574
1493852601.460425,0.854980,0.214844,0.108887,-137.573242,-158.569336,378.784180
1493852601.463107,0.562500,0.529785,-0.209961,-73.181152,-37.780762,439.025879
1493852601.465791,0.274902,0.928711,-0.295898,-82.763672,60.791016,502.929688
1493852601.468460,0.089355,1.421387,-0.469238,-119.995117,91.918945,526.855469
1493852601.471064,-0.073730,1.862305,-0.460938,-139.404297,91.125488,520.385742
1493852601.473619,-0.342773,1.963867,-0.547363,-112.121582,71.960449,486.938477
1493852601.476167,-0.342773,2.217285,-0.112793,-97.473145,56.945801,422.241211
1493852601.478756,-0.523438,2.390625,-0.420898,-74.829102,51.940918,335.021973
1493852601.481417,-0.708984,2.349609,-0.345215,-28.381348,45.471191,228.637695
1493852601.484099,-0.713379,1.937012,-0.214844,-29.785156,42.053223,119.323730
1493852601.486783,-0.764648,1.560547,-0.187012,-68.176270,55.847168,31.250000
1493852601.489499,-0.644043,1.215332,-0.173340,-112.670898,94.421387,-18.188477
1493852601.492213,-0.411621,0.875488,-0.093750,-135.437012,138.793945,-33.508301
1493852601.494898,-0.331543,0.605469,-0.173828,-133.178711,168.640137,-26.245117
1493852601.497581,-0.114258,0.362793,-0.163574,-115.539551,177.185059,-3.906250
1493852601.500312,0.074219,0.084961,-0.202148,-90.148926,164.184570,26.794434
1493852601.502994,0.235840,-0.069824,-0.200195,-66.894531,137.390137,64.514160
1493852601.505679,0.354980,-0.191406,-0.187500,-49.926758,106.689453,108.764648
1493852601.508363,0.417969,-0.366699,-0.227051,-40.161133,78.796387,156.433105
1493852601.511049,0.410156,-0.209961,-0.226074,-39.428711,62.072754,213.317871
1493852601.513730,0.332031,-0.084473,-0.031250,-45.532227,56.457520,260.681152
1493852601.516411,0.201172,0.083984,-0.130859,-51.574707,59.265137,284.057617
1493852601.519065,0.067383,0.284668,-0.089844,-56.823730,63.659668,297.973633
1493852601.521760,-0.094238,0.457031,-0.030762,-55.541992,67.749023,315.124512
1493852601.524312,-0.197754,0.716309,-0.107422,-47.912598,67.687988,322.570801
1493852601.526863,-0.339844,0.714844,-0.039551,-40.710449,67.260742,320.678711
1493852601.529489,-0.485840,0.785156,-0.028809,-27.587891,65.429688,312.255859
1493852601.532184,-0.395996,0.824219,0.140137,-1.403809,65.307617,300.842285
1493852601.534861,-0.448730,0.789551,0.094238,-6.530762,76.354980,288.879395
1493852601.537543,-0.450195,0.710449,0.013184,-0.549316,78.735352,280.639648
1493852601.540235,-0.445801,0.635742,0.071289,3.295898,85.144043,274.169922
1493852601.542914,-0.398438,0.413574,0.034180,5.432129,87.707520,273.437500
1493852601.545595,-0.385742,0.470703,0.092773,5.432129,91.247559,276.245117
1493852601.548282,-0.337402,0.392578,0.002441,4.699707,92.651367,281.677246
1493852601.550971,-0.380371,0.356934,0.165527,7.446289,91.369629,290.527344
1493852601.553657,-0.365234,0.355469,0.120605,11.413574,88.378906,299.804688
1493852601.556340,-0.404297,0.487793,0.123047,16.967773,83.801270,310.424805
1493852601.558987,-0.460449,0.413574,0.120117,20.568848,82.092285,319.946289
1493852601.561568,-0.490723,0.444824,0.170898,24.291992,79.101562,327.514648
1493852601.564116,-0.473633,0.613770,0.272461,25.695801,77.209473,331.848145
1493852601.566664,-0.558105,0.582031,0.162109,25.878906,77.026367,337.707520
1493852601.569282,-0.553711,0.732910,0.262695,23.254395,77.026367,341.491699
1493852601.571968,-0.614258,0.650879,0.234375,23.010254,76.599121,344.421387
1493852601.574647,-0.602051,0.669922,0.242188,22.705078,75.927734,345.458984
1493852601.577326,-0.648926,0.695312,0.142090,21.423340,76.293945,345.153809
1493852601.580009,-0.660645,0.685547,0.227539,17.822266,75.988770,344.177246
1493852601.582696,-0.705078,0.671387,0.200195,13.793945,76.354980,343.261719
1493852601.585378,-0.693359,0.653320,0.127930,8.361816,77.331543,343.811035
1493852601.588080,-0.719727,0.636719,0.206543,1.953125,76.599121,345.214844
1493852601.590783,-0.836426,0.606934,0.202637,-4.150391,77.453613,347.717285
1493852601.593460,-0.647949,0.554199,0.208008,-9.887695,77.392578,351.196289
1493852601.596139,-0.776855,0.570801,0.179199,-14.465332,78.125000,354.980469
1493852601.598823,-0.807617,0.550293,0.168945,-19.958496,93.688965,358.886719
1493852601.601506,-0.768555,0.544434,0.231934,-24.230957,93.688965,362.976074
1493852601.604185,-0.791992,0.489258,0.229004,-29.113770,78.674316,366.760254
1493852601.606866,-0.815430,0.503418,0.183105,-33.325195,78.613281,370.056152
1493852601.609511,-0.789551,0.439941,0.140137,-39.123535,79.162598,374.450684
1493852601.612087,-0.856934,0.462402,0.122559,-41.931152,79.956055,379.211426
1493852601.614639,-0.826660,0.418945,0.182129,-47.424316,80.566406,382.019043
1493852601.617192,-0.820312,0.419434,0.160156,-51.208496,80.688477,387.329102
1493852601.619747,-0.833008,0.406738,0.075195,-55.664062,79.772949,391.723633
1493852601.622304,-0.894043,0.424316,0.122070,-57.006836,78.674316,397.094727
1493852601.624855,-0.907227,0.404297,0.077637,-58.166504,78.674316,402.038574
1493852601.627403,-0.908203,0.431152,0.024902,-61.279297,78.063965,406.921387
1493852601.630012,-1.016602,0.431152,0.020508,-60.424805,77.148438,412.109375
1493852601.632687,-0.992676,0.448242,-0.086426,-61.828613,76.049805,415.771484
1493852601.635356,-1.008789,0.470215,-0.100098,-61.279297,74.707031,419.067383
1493852601.638032,-1.055664,0.470703,0.025879,-61.523438,73.852539,421.630859
1493852601.640708,-1.111816,0.500000,-0.070801,-59.387207,72.509766,423.156738
1493852601.643380,-1.176758,0.523926,-0.076172,-60.058594,73.242188,423.767090
1493852601.646048,-1.195312,0.548340,-0.067383,-60.180664,73.486328,424.804688
1493852601.648721,-1.204590,0.528809,-0.097168,-59.326172,74.829102,425.109863
1493852601.651393,-1.280762,0.548828,-0.122559,-62.866211,76.110840,424.377441
1493852601.654060,-1.364746,0.525879,-0.141113,-62.561035,78.430176,424.621582
1493852601.656729,-1.377441,0.523438,-0.185059,-63.781738,81.054688,429.138184
1493852601.659389,-1.470703,0.492188,-0.178711,-65.612793,82.214355,436.401367
1493852601.662143,-1.593262,0.498047,-0.231445,-69.274902,81.787109,445.556641
1493852601.664788,-1.645508,0.491699,-0.160156,-72.021484,82.153320,450.988770
1493852601.667433,-1.692871,0.458008,-0.158203,-73.364258,83.862305,450.256348
1493852601.670053,-1.742676,0.429199,-0.151855,-73.059082,89.477539,443.481445
1493852601.672606,-1.814941,0.400879,-0.241211,-74.890137,98.083496,433.410645
1493852601.675159,-1.865234,0.358887,-0.190430,-80.078125,101.257324,425.415039
1493852601.677758,-1.962891,0.355469,-0.226074,-89.904785,105.895996,422.973633
1493852601.680425,-2.070801,0.303711,-0.311035,-103.454590,108.886719,426.391602
1493852601.683105,-2.156250,0.128906,-0.300293,-115.661621,110.778809,432.983398
1493852601.685787,-2.288574,0.155762,-0.364746,-127.868652,111.877441,440.368652
1493852601.688478,-2.370605,-0.002930,-0.480469,-139.160156,113.586426,445.312500
1493852601.691171,-2.478516,-0.151367,-0.581055,-148.315430,113.647461,445.312500
1493852601.693851,-2.529785,-0.311035,-0.627441,-155.334473,111.206055,441.528320
1493852601.696530,-2.539062,-0.481445,-0.698730,-159.790039,106.933594,435.302734
1493852601.699217,-2.737793,-0.660156,-0.715820,-158.752441,102.539062,426.086426
1493852601.701902,-2.769043,-0.839844,-0.786621,-152.648926,98.815918,421.203613
1493852601.704582,-2.800293,-1.028809,-0.778809,-144.592285,98.876953,412.353516
1493852601.707263,-2.822266,-1.198242,-0.873047,-131.591797,96.984863,403.686523
1493852601.709949,-2.784180,-1.377441,-0.858398,-118.408203,97.106934,378.173828
1493852601.712633,-2.678711,-1.593262,-0.925781,-103.637695,97.167969,382.385254
1493852601.715315,-2.622070,-1.865723,-0.963867,-88.867188,101.074219,368.286133
1493852601.717992,-2.470215,-1.927246,-0.769043,-74.829102,105.346680,349.914551
1493852601.720601,-2.339844,-2.047852,-0.746094,-62.866211,107.788086,328.979492
1493852601.723152,-2.288574,-2.200195,-0.576172,-56.152344,107.482910,307.617188
1493852601.725702,-2.162109,-2.313965,-0.462891,-47.119141,106.933594,288.940430
1493852601.728297,-2.113281,-2.453125,-0.205078,-39.245605,123.535156,273.925781
1493852601.730960,-2.032227,-2.562500,0.116699,-30.822754,111.938477,262.329102
1493852601.733637,-1.996094,-2.602539,0.175781,-27.526855,112.426758,248.901367
1493852601.736316,-1.940918,-2.605469,0.274414,-27.221680,109.436035,234.313965
1493852601.738997,-1.949219,-2.553223,0.289551,-23.193359,100.097656,216.491699
1493852601.741678,-1.951172,-2.567871,0.139648,-20.751953,82.580566,195.068359
1493852601.744359,-1.958008,-2.640625,0.144531,-22.888184,63.049316,169.677734
1493852601.747043,-1.984863,-2.782715,-0.007324,-27.587891,46.386719,139.343262
1493852601.749731,-1.936035,-3.096680,-0.184570,-32.470703,32.287598,105.102539
1493852601.752418,-1.869629,-3.303711,-0.187988,-33.691406,22.399902,72.570801
1493852601.755095,-1.771484,-3.476562,-0.330566,-29.479980,20.141602,42.175293
1493852601.757780,-1.630859,-3.635742,-0.406250,-21.301270,24.658203,17.578125
1493852601.760464,-1.618652,-3.771484,-0.316406,-12.817383,29.235840,-4.577637
1493852601.763140,-1.424805,-3.127930,-0.309082,-8.361816,28.747559,-48.522949
1493852601.765822,-0.768555,-1.799805,-0.912109,-29.785156,40.893555,-195.007324
1493852601.768495,-0.943359,-2.336914,1.475098,32.470703,-29.479980,-300.170898
1493852601.771095,-1.403809,-2.894531,-0.395996,75.012207,-195.312500,-444.458008
1493852601.773646,-1.601074,-3.244141,0.343262,138.488770,-267.578125,-457.275391
1493852601.776197,-1.752930,-3.134766,-0.145020,118.530273,-184.326172,-402.465820
1493852601.778753,-1.989746,-3.425781,-0.055176,114.440918,-36.010742,-283.447266
1493852601.781306,-2.003906,-3.321289,-0.359375,62.866211,12.207031,-166.809082
1493852601.783855,-1.856445,-2.782715,0.461914,-2.197266,50.048828,-132.751465
1493852601.786399,-1.739746,-2.616699,0.366211,-7.934570,11.657715,-159.118652
1493852601.788982,-1.662598,-2.400879,0.344727,55.114746,-51.452637,-175.781250
1493852601.791644,-1.758301,-1.135742,-0.318848,89.172363,-95.458984,-196.533203
1493852601.794324,-1.878418,-0.935547,-0.445312,126.220703,-70.495605,-200.073242
1493852601.797110,-1.544922,-0.159668,0.685059,283.447266,184.204102,-176.269531
1493852601.799795,-1.707031,1.058105,0.433105,363.525391,443.603516,-117.675781
1493852601.802480,-2.702148,2.787109,-0.736816,291.137695,440.063477,-33.325195
1493852601.805161,-4.292969,4.702637,-0.077637,250.000000,358.032227,84.045410
1493852601.807868,-4.435059,5.015625,-0.101562,240.051270,281.677246,260.437012
1493852601.810574,-2.824219,3.765137,-0.902832,211.120605,161.987305,355.895996
1493852601.813257,-0.657715,3.269043,-1.445312,199.584961,-30.578613,349.853516
1493852601.815937,0.217773,2.937988,-2.136719,217.407227,-269.042969,290.710449
1493852601.818617,0.748047,2.762695,-1.226562,211.791992,-472.961426,162.109375
1493852601.821302,0.741211,2.494141,-0.864746,180.236816,-651.184082,-20.385742
1493852601.823986,0.535156,2.042969,0.059570,156.555176,-745.605469,-251.281738
1493852601.826667,0.297363,1.368652,0.866699,121.093750,-732.177734,-501.159668
1493852601.829316,0.445801,0.420898,1.594727,75.561523,-605.346680,-736.694336
1493852601.831898,0.774902,-0.366211,1.375488,-11.230469,-404.418945,-913.757324
1493852601.834453,0.925781,-1.012695,1.284668,-86.608887,-285.888672,-1005.493164
1493852601.837004,0.785156,-1.459961,0.708008,-137.512207,-66.772461,-1021.667480
1493852601.839611,0.388184,-1.820801,0.025391,-157.897949,109.741211,-1000.427246
1493852601.842287,-0.217773,-1.986816,-0.362793,-166.137695,221.679688,-976.196289
1493852601.844969,-1.240723,-2.043945,-0.787109,-186.584473,262.512207,-968.017578
1493852601.847673,-1.933594,-2.077637,-0.841797,-255.371094,243.225098,-909.729004
1493852601.850378,-2.215820,-1.913574,-0.687012,-251.586914,161.987305,-840.209961
1493852601.853056,-2.327637,-1.939453,-0.565918,-192.443848,23.193359,-788.146973
1493852601.855736,-2.313965,-1.986328,0.026855,-94.421387,-125.854492,-649.291992
1493852601.858421,-2.023438,-1.902832,0.298828,13.793945,-215.881348,-481.506348
1493852601.861103,-1.503906,-1.443359,0.181152,90.698242,-234.252930,-311.462402
1493852601.863778,-1.123047,-1.075684,0.007324,128.051758,-187.438965,-168.212891
1493852601.866459,-0.665039,-0.778320,-0.464844,143.554688,-140.808105,-56.945801
1493852601.869145,-0.498535,-0.599121,-0.617188,149.047852,-112.060547,11.413574
1493852601.871830,-0.489746,-0.476562,-0.717773,130.737305,-102.844238,29.357910
1493852601.874507,-0.482422,-0.248047,-0.726074,94.482422,-102.294922,7.019043
1493852601.877183,-0.401367,0.100098,-0.498535,73.913574,-94.482422,-26.062012
1493852601.879836,-0.357422,0.123535,-0.265137,34.790039,-80.017090,-56.762695
1493852601.882422,-0.332031,0.095215,-0.132324,11.352539,-71.594238,-90.759277
1493852601.884974,-0.290527,-0.025879,0.002930,-33.508301,-60.668945,-133.117676
1493852601.887527,-0.449219,-0.267090,0.118164,-72.265625,-61.279297,-167.724609
1493852601.890071,-0.576172,-0.490234,0.263184,-81.176758,-62.500000,-177.307129
1493852601.892622,-0.767090,-0.684570,0.335449,-66.162109,-61.584473,-174.743652
1493852601.895172,-0.882812,-0.745117,0.076172,-37.963867,-48.889160,-143.127441
1493852601.897744,-0.921387,-0.742188,-0.044922,-7.690430,-33.569336,-95.092773
1493852601.900388,-0.970215,-0.520508,-0.130371,13.000488,-23.376465,-45.776367
1493852601.903069,-0.826660,-0.216797,-0.374512,6.408691,-23.620605,-9.277344
1493852601.905744,-0.703125,-0.077637,-0.238770,-15.014648,-31.250000,10.437012
1493852601.908448,-0.614258,0.041504,-0.197266,-8.911133,-43.579102,10.131836
1493852601.911152,-0.575684,-0.088867,-0.041504,-17.211914,-53.466797,-3.173828
1493852601.913832,-0.535156,-0.049805,0.086426,-23.803711,-57.617188,-13.610840
1493852601.916515,-0.597656,-0.139648,0.118652,-25.512695,-53.955078,-16.723633
1493852601.919198,-0.558105,-0.205078,0.050781,-21.423340,-32.165527,-12.817383
1493852601.921881,-0.583496,-0.252441,0.026855,-15.563965,-30.578613,-7.202148
1493852601.924556,-0.619141,-0.157227,-0.111328,-13.366699,-12.329102,1.953125
1493852601.927231,-0.672363,-0.064941,-0.198730,-12.390137,0.976562,11.718750
1493852601.929951,-0.665039,-0.012695,-0.185547,-18.920898,6.835938,15.441895
1493852601.932506,-0.701172,0.000000,-0.100586,-27.343750,7.324219,14.343262
1493852601.935060,-0.641113,0.013672,-0.172852,-31.250000,1.464844,12.817383
1493852601.937613,-0.648438,-0.038086,-0.065918,-27.770996,-4.943848,9.094238
1493852601.940232,-0.638672,-0.035156,-0.048828,-21.301270,-6.530762,5.554199
1493852601.942909,-0.625000,-0.079102,0.034180,-15.258789,-3.112793,5.126953
1493852601.945587,-0.508301,-0.069824,-0.027344,-11.901855,3.967285,6.225586
1493852601.948284,-0.652832,-0.043945,-0.069336,-7.995605,10.559082,8.972168
1493852601.950981,-0.642090,-0.047852,-0.041016,-5.432129,17.028809,12.268066
1493852601.953660,-0.632324,-0.055664,-0.050293,-6.896973,23.620605,15.441895
1493852601.956337,-0.681152,-0.051758,-0.128418,-7.385254,27.648926,18.920898
1493852601.959019,-0.654785,-0.027344,-0.118652,-6.347656,30.151367,21.606445
1493852601.961704,-0.641113,-0.035156,-0.067383,-7.873535,33.020020,25.207520
1493852601.964385,-0.695312,-0.045410,-0.037109,-7.080078,33.447266,28.930664
1493852601.967064,-0.668457,-0.003418,-0.177734,-5.126953,34.790039,32.409668
1493852601.969699,-0.687988,-0.005371,-0.125000,-2.685547,36.621094,36.132812
1493852601.972266,-0.705078,0.019043,-0.197266,-1.342773,36.865234,38.208008
1493852601.974815,-0.663574,0.047852,-0.192871,-0.061035,36.682129,39.489746
1493852601.977365,-0.707031,0.026367,-0.117676,2.990723,35.400391,40.222168
1493852601.979979,-0.686523,0.054688,-0.236328,4.577637,34.484863,39.489746
1493852601.982665,-0.697754,0.069824,-0.201172,7.202148,33.264160,40.161133
1493852601.985345,-0.675781,0.041016,-0.187988,10.498047,30.700684,39.733887
1493852601.988046,-0.682129,0.031250,-0.252930,12.695312,29.602051,41.076660
1493852601.990749,-0.704102,0.041016,-0.354980,14.587402,27.893066,41.992188
1493852601.993430,-0.712402,0.052246,-0.252930,16.174316,25.756836,43.273926
1493852601.996113,-0.675781,0.040527,-0.267578,19.531250,23.559570,44.189453
1493852601.998804,-0.723633,0.039062,-0.231934,22.216797,19.592285,45.288086
1493852602.001493,-0.747070,0.042480,-0.187012,24.902344,15.808105,46.630859
1493852602.004175,-0.747070,0.056152,-0.255371,28.137207,11.169434,48.034668
1493852602.006855,-0.765625,0.072754,-0.267090,30.822754,6.042480,50.292969
1493852602.009540,-0.862793,0.082031,-0.252930,35.278320,-0.305176,53.588867
1493852602.012223,-0.741699,0.137695,-0.333008,36.437988,-5.432129,56.274414
1493852602.014900,-0.766602,0.153809,-0.265137,37.414551,-11.840820,55.847168
1493852602.017581,-0.774902,0.223633,-0.298828,38.208008,-17.944336,53.283691
1493852602.020270,-0.756836,0.271484,-0.195801,38.024902,-24.108887,48.095703
1493852602.022819,-0.778320,0.342773,-0.171387,38.024902,-27.099609,38.940430
1493852602.025369,-0.736328,0.316895,-0.174805,36.315918,-31.982422,26.672363
1493852602.027951,-0.680664,0.349609,-0.196777,34.851074,-32.653809,12.268066
1493852602.030602,-0.684570,0.275879,-0.099121,34.179688,-28.259277,-2.197266
1493852602.033282,-0.651855,0.241699,-0.197266,33.569336,-20.446777,-14.526367
1493852602.035963,-0.630859,0.178711,-0.183105,31.311035,-13.305664,-22.277832
1493852602.038672,-0.620605,0.099609,-0.231445,22.888184,-11.657715,-26.184082
1493852602.041386,-0.641113,0.025391,-0.256836,16.296387,-15.808105,-25.451660
1493852602.044067,-0.748535,-0.010742,-0.305176,14.343262,-19.958496,-21.789551
1493852602.046749,-0.681152,-0.081055,-0.173828,17.883301,-24.047852,-0.305176
1493852602.049457,-0.690918,-0.041992,-0.373535,20.263672,-27.954102,-10.498047
1493852602.052164,-0.696289,-0.062988,-0.380859,18.859863,-31.188965,-6.164551
1493852602.054845,-0.699219,-0.075195,-0.382324,17.639160,-34.118652,-4.211426
1493852602.057528,-0.722168,-0.089844,-0.423340,20.690918,-35.034180,-2.502441
1493852602.060214,-0.652344,-0.069824,-0.525879,26.367188,-36.315918,-2.197266
1493852602.062894,-0.658691,-0.101562,-0.476562,31.860352,-39.184570,-1.708984
1493852602.065577,-0.656738,-0.081543,-0.379883,37.292480,-44.433594,-0.244141
1493852602.068268,-0.621582,-0.045898,-0.575684,43.762207,-50.720215,0.671387
1493852602.071001,-0.586914,-0.041992,-0.437500,50.415039,-55.541992,1.098633
1493852602.073552,-0.550781,-0.026855,-0.472656,53.955078,-58.410645,0.488281
1493852602.076104,-0.476562,-0.072754,-0.487305,60.668945,-58.471680,-1.281738
1493852602.078704,-0.462891,-0.103027,-0.458008,68.786621,-57.617188,-4.089355
1493852602.081374,-0.423828,-0.045410,-0.414551,75.073242,-55.053711,-8.605957
1493852602.084055,-0.405762,-0.060547,-0.366699,75.988770,-52.978516,-14.892578
1493852602.086741,-0.440430,0.047852,-0.181152,72.570801,-53.771973,-25.329590
1493852602.089431,-0.426758,0.171875,-0.168945,66.955566,-51.452637,-42.175293
1493852602.092115,-0.440430,0.202637,-0.110840,66.345215,-41.748047,-62.988281
1493852602.094802,-0.415527,0.165527,-0.051758,67.626953,-24.475098,-76.599121
1493852602.097487,-0.597656,0.009766,-0.072266,59.020996,-12.451172,-81.176758
1493852602.100181,-0.634277,0.072266,0.084961,46.875000,-10.070801,-79.956055
1493852602.102865,-0.676758,0.013672,0.132324,39.855957,-12.084961,-74.768066
1493852602.105547,-0.629883,-0.021973,0.148438,44.616699,-14.160156,-67.626953
1493852602.108236,-0.755859,-0.030273,0.073730,51.147461,-15.197754,-61.584473
1493852602.110856,-0.774902,-0.049805,0.153809,53.466797,-17.395020,-59.570312
1493852602.113405,-0.811035,-0.120117,0.053711,48.461914,-18.981934,-57.067871
1493852602.115957,-0.823242,0.015137,0.116211,45.593262,-19.836426,-55.908203
1493852602.118551,-0.774902,0.085938,0.106934,45.410156,-20.080566,-56.030273
1493852602.121213,-0.815918,0.123047,0.111328,44.982910,-20.629883,-57.495117
1493852602.123893,-0.793945,0.166992,0.120117,45.776367,-17.700195,-58.288574
1493852602.126577,-0.823242,0.156250,0.153809,45.715332,-15.380859,-59.875488
1493852602.129284,-0.823242,0.160645,0.012207,46.264648,-13.183594,-61.584473
1493852602.131990,-0.815430,0.140137,-0.009766,43.273926,-10.681152,-63.964844
1493852602.134675,-0.888672,0.005859,-0.100586,40.466309,-8.422852,-67.016602
1493852602.137362,-0.888184,0.082031,-0.082520,38.269043,-3.723145,-70.129395
1493852602.140065,-0.924805,0.036133,-0.116699,38.635254,1.464844,-73.608398
1493852602.142771,-0.982422,0.011230,-0.072266,40.710449,3.784180,-76.782227
1493852602.145452,-1.028320,0.019531,-0.115234,42.358398,7.995605,-77.331543
1493852602.148139,-1.010254,0.028809,-0.003418,45.349121,9.033203,-77.453613
1493852602.150825,-1.102051,0.070801,-0.179199,49.011230,5.065918,-74.523926
1493852602.153507,-1.087891,0.061523,-0.210449,50.903320,-1.464844,-68.664551
1493852602.156186,-1.240723,0.089844,-0.142578,59.020996,-10.681152,-56.945801
1493852602.158844,-1.097168,0.125000,-0.137695,65.979004,-21.362305,-45.837402
1493852602.161437,-1.154785,0.154785,-0.206543,69.702148,-31.494141,-39.489746
1493852602.163990,-1.111328,0.174805,-0.101074,73.486328,-39.672852,-37.170410
1493852602.166546,-1.114258,0.356445,-0.187500,73.730469,-45.898438,-35.217285
1493852602.169149,-1.050293,0.306641,-0.179199,74.096680,-51.391602,-38.330078
1493852602.171821,-1.027344,0.459961,-0.220703,75.500488,-55.358887,-47.973633
1493852602.174501,-0.953125,0.388672,-0.058105,75.134277,-57.678223,-63.476562
1493852602.177186,-0.942383,0.452637,-0.200684,70.373535,-59.814453,-82.824707
1493852602.179889,-0.939453,0.476562,-0.117676,46.875000,-58.288574,-104.248047
1493852602.182592,-0.990723,0.449219,-0.189453,54.504395,-55.725098,-124.328613
1493852602.185276,-1.058594,0.443359,-0.173340,31.677246,-53.405762,-139.160156
1493852602.187962,-1.092285,0.466797,-0.147461,40.405273,-50.537109,-153.076172
1493852602.190647,-1.209961,0.460938,-0.195312,33.142090,-46.386719,-167.602539
1493852602.193329,-1.333496,0.489258,-0.268066,27.709961,-41.625977,-184.570312
1493852602.196010,-1.273926,0.507812,-0.221680,22.705078,-35.461426,-200.195312
1493852602.198694,-1.344238,0.492676,-0.249512,17.700195,-30.578613,-213.134766
1493852602.201379,-1.347656,0.458984,-0.322754,14.526367,-29.113770,-222.839355
1493852602.204060,-1.338867,0.490234,-0.171875,12.634277,-28.320312,-230.468750
1493852602.206743,-1.382812,0.437012,-0.229980,14.221191,-29.113770,-234.497070
1493852602.209492,-1.407715,0.447266,-0.214355,15.014648,-31.311035,-238.403320
1493852602.212065,-1.371094,0.437988,-0.154297,15.136719,-35.522461,-240.539551
1493852602.214617,-1.434570,0.522949,-0.253906,19.226074,-41.870117,-241.394043
1493852602.217167,-1.425293,0.539062,-0.205078,23.925781,-49.621582,-242.126465
1493852602.219779,-1.434570,0.635254,-0.341309,26.489258,-57.434082,-243.530273
1493852602.222460,-1.465820,0.708496,-0.416992,29.846191,-62.683105,-245.910645
1493852602.225142,-1.457031,0.787109,-0.377930,31.555176,-64.575195,-250.976562
1493852602.227848,-1.496094,0.789551,-0.420898,31.616211,-64.025879,-260.009766
1493852602.230553,-1.478027,0.827637,-0.505859,32.897949,-61.889648,-270.874023
1493852602.233236,-1.481445,0.858887,-0.585938,33.752441,-58.471680,-284.179688
1493852602.235919,-1.536621,0.900391,-0.507812,38.085938,-57.678223,-295.349121
1493852602.238607,-1.541504,0.908203,-0.495117,44.738770,-57.678223,-304.565430
1493852602.241296,-1.544922,0.941406,-0.615234,47.485352,-53.344727,-311.889648
1493852602.243982,-1.594727,0.969238,-0.496094,50.903320,-47.241211,-318.359375
1493852602.246672,-1.626465,1.120117,-0.476074,57.128906,-41.259766,-322.326660
1493852602.249363,-1.683594,1.054199,-0.441406,65.612793,-36.010742,-323.425293
1493852602.252056,-1.751953,1.143066,-0.451172,71.472168,-35.583496,-324.768066
1493852602.254741,-1.999512,1.147949,-0.365234,90.942383,-43.090820,-330.932617
1493852602.257422,-2.078125,1.197266,-0.434082,82.214355,-54.077148,-342.468262
1493852602.260054,-2.071777,1.181641,-0.336914,88.134766,-74.768066,-357.421875
1493852602.262607,-2.171875,1.003906,-0.446777,86.547852,-67.199707,-374.938965
1493852602.265160,-2.267090,0.930176,-0.385254,72.326660,-73.486328,-394.897461
1493852602.267743,-2.318359,0.743652,-0.505859,45.349121,-74.401855,-421.203613
1493852602.270325,-2.373047,0.589355,-0.572266,13.183594,-68.725586,-427.307129
1493852602.272875,-2.275391,0.607910,-0.461426,-7.629395,-60.058594,-445.983887
1493852602.275420,-2.246094,0.515137,-0.511719,-5.432129,-53.649902,-459.411621
1493852602.277979,-1.936035,0.584961,-0.551270,2.502441,-63.293457,-470.092773
1493852602.280614,-1.944824,0.534668,-0.433594,25.024414,-93.933105,-479.919434
1493852602.283300,-1.992188,0.714844,-0.346191,60.791016,-121.887207,-485.473633
1493852602.285980,-2.047852,0.853027,-0.538574,105.590820,-139.099121,-486.694336
1493852602.288669,-1.941895,0.815918,-0.661133,136.840820,-146.972656,-486.206055
1493852602.291357,-1.847656,0.835938,-0.742676,132.934570,-182.617188,-482.849121
1493852602.294039,-1.765625,0.935059,-0.833984,108.154297,-201.232910,-476.745605
1493852602.296722,-1.804199,0.933594,-0.945801,77.880859,-196.716309,-466.003418
1493852602.299406,-1.810059,0.900391,-0.873047,40.466309,-202.697754,-444.946289
1493852602.302092,-1.835449,0.926270,-0.875488,3.723145,-199.707031,-414.367676
1493852602.304768,-1.812500,0.933105,-0.916016,-22.399902,-173.583984,-380.371094
1493852602.307448,-1.860840,0.873535,-0.932129,-31.066895,-122.497559,-350.280762
1493852602.310077,-1.862793,0.812500,-0.965332,-23.864746,-64.147949,-328.369141
1493852602.312628,-1.915039,1.113281,-0.882324,0.244141,-10.009766,-303.405762
1493852602.315176,-1.813965,1.005859,-0.844238,44.250488,35.644531,-304.260254
1493852602.317749,-1.661621,1.121582,-0.712891,84.655762,66.101074,-292.419434
1493852602.320387,-1.542480,1.054688,-0.497070,104.187012,79.467773,-278.015137
1493852602.323068,-1.356445,1.126953,-0.555176,106.628418,75.500488,-261.169434
1493852602.325748,-1.218750,1.268555,-0.671387,109.924316,70.373535,-238.891602
1493852602.328428,-1.208496,1.281250,-0.417969,175.659180,85.998535,-220.764160
1493852602.331108,-3.336914,2.270020,-0.148926,307.617188,147.338867,-242.309570
1493852602.333786,-3.756348,2.089355,0.617676,364.379883,230.590820,-291.076660
1493852602.336467,-2.017090,0.460938,0.233398,413.146973,182.006836,-336.975098
1493852602.339153,0.113770,-0.731445,-0.149902,350.463867,49.316406,-406.738281
1493852602.341840,0.869629,-0.731934,-1.697266,264.038086,-81.665039,-448.547363
1493852602.344632,1.234375,-0.696777,-0.684570,219.360352,-154.174805,-418.518066
1493852602.347316,1.535156,-0.688965,-1.093262,103.820801,-274.291992,-320.312500
1493852602.350000,1.387695,-0.658203,-0.750488,-78.430176,-325.927734,-162.658691
1493852602.352680,1.350586,-0.433105,0.328613,-180.786133,-297.668457,38.757324
1493852602.355360,0.979004,-0.116211,0.252441,-197.326660,-260.070801,244.628906
1493852602.358057,0.634277,0.362793,0.151367,-134.460449,-142.639160,413.391113
1493852602.360684,0.311035,0.661133,-0.177734,-83.312988,-93.139648,524.475098
1493852602.363239,0.070801,1.173340,-0.342773,-80.444336,-6.408691,587.341309
1493852602.365791,-0.117188,1.662109,-0.288574,-89.294434,41.687012,618.652344
1493852602.368376,-0.224609,1.970215,-0.412109,-70.190430,55.847168,606.567383
1493852602.371029,-0.360840,2.136719,-0.414062,-54.321289,55.419922,574.157715
1493852602.373713,-0.496582,2.368652,-0.479492,-71.228027,48.828125,504.638672
1493852602.376389,-0.708496,2.541016,-0.413574,-69.580078,29.602051,408.142090
1493852602.379073,-0.728027,2.581055,-0.472656,-65.002441,15.747070,294.677734
1493852602.381762,-0.825195,2.176758,-0.243652,-69.396973,13.854980,180.664062
1493852602.384440,-0.808105,1.823242,-0.142090,-95.764160,25.756836,91.247559
1493852602.387119,-0.692383,1.389648,-0.290527,-129.211426,54.870605,37.353516
1493852602.389805,-0.587891,1.007324,-0.229980,-141.174316,90.393066,16.418457
1493852602.392489,-0.263672,0.690430,-0.333008,-152.526855,112.670898,17.211914
1493852602.395169,-0.119141,0.439941,-0.294922,-131.591797,121.582031,33.203125
1493852602.397875,0.014648,0.248535,-0.252930,-131.103516,109.436035,60.058594
1493852602.400583,0.166504,0.041504,-0.314941,-109.985352,86.425781,95.764160
1493852602.403266,0.268066,-0.071289,-0.394043,-92.956543,57.922363,140.869141
1493852602.405949,0.366699,-0.086914,-0.376465,-81.909180,33.935547,191.589355
1493852602.408628,0.359863,-0.070312,-0.367676,-76.477051,20.263672,245.605469
1493852602.411242,0.356934,0.004395,-0.250488,-76.049805,0.122070,293.334961
1493852602.413794,0.197266,0.126465,-0.345215,-78.002930,16.235352,329.162598
1493852602.416344,0.130371,0.296875,-0.333984,-80.078125,22.644043,357.360840
1493852602.418946,0.002441,0.447754,-0.257324,-77.941895,28.320312,372.375488
1493852602.421617,-0.086914,0.619629,-0.340820,-72.265625,34.484863,361.206055
1493852602.424300,-0.192383,0.692383,-0.249512,-60.668945,38.635254,356.140137
1493852602.426985,-0.305664,0.744141,-0.268066,-50.292969,44.250488,347.229004
1493852602.429688,-0.315430,0.743652,-0.316406,-36.499023,48.889160,335.998535
1493852602.432390,-0.352539,0.693359,-0.241699,-26.672363,56.701660,325.622559
1493852602.435072,-0.399902,0.615234,-0.171387,-18.188477,63.842773,318.359375
1493852602.437756,-0.395508,0.562500,-0.282715,-13.549805,70.556641,312.744141
1493852602.440444,-0.386230,0.470703,-0.222168,-10.314941,76.110840,311.828613
1493852602.443128,-0.366211,0.375488,-0.213867,-5.432129,78.979492,313.598633
1493852602.445804,-0.358887,0.363770,-0.242676,-2.685547,80.932617,317.443848
1493852602.448488,-0.376465,0.300293,-0.166016,1.037598,80.444336,322.753906
1493852602.451171,-0.403809,0.312012,-0.212891,8.544922,79.467773,329.895020
1493852602.453851,-0.382324,0.332520,-0.207520,29.846191,76.477051,337.768555
1493852602.456532,-0.426758,0.323242,-0.145996,20.874023,75.195312,345.764160
1493852602.459176,-0.465820,0.379883,-0.172852,25.451660,73.486328,353.576660
1493852602.461752,-0.505371,0.435059,-0.173340,30.151367,73.425293,358.947754
1493852602.464305,-0.549805,0.458008,-0.082520,32.409668,73.303223,362.976074
1493852602.466859,-0.583984,0.511719,-0.138672,34.851074,72.021484,365.478516
1493852602.469480,-0.607910,0.533691,-0.135254,36.315918,71.594238,366.394043
1493852602.472172,-0.681152,0.562012,-0.052734,34.790039,71.289062,366.149902
1493852602.474856,-0.684570,0.581055,-0.123047,32.592773,72.143555,362.670898
1493852602.477540,-0.713867,0.546387,-0.114746,28.930664,73.608398,344.665527
1493852602.480232,-0.838379,0.556641,-0.083496,22.644043,76.049805,357.604980
1493852602.483024,-0.719727,0.523438,-0.051758,17.150879,80.261230,354.736328
1493852602.485711,-0.709961,0.492188,-0.012207,9.582520,81.665039,353.759766
1493852602.488402,-0.757812,0.447266,0.012695,3.906250,84.472656,355.041504
1493852602.491091,-0.757324,0.448242,-0.015625,-2.319336,86.853027,357.788086
1493852602.493777,-0.755371,0.419922,-0.048828,-5.065918,87.463379,360.534668
1493852602.496461,-0.782227,0.396484,0.076660,-8.178711,89.721680,366.577148
1493852602.499115,-0.796387,0.402832,-0.106934,-12.451172,90.942383,371.032715
1493852602.501702,-0.832031,0.395020,-0.008789,-13.977051,91.430664,374.572754
1493852602.504260,-0.826172,0.416504,0.123535,-16.845703,89.782715,379.699707
1493852602.506815,-0.868164,0.416504,-0.067871,-21.423340,89.904785,383.300781
1493852602.509368,-0.897949,0.464355,0.010254,-25.329590,89.904785,388.732910
1493852602.511917,-0.907715,0.518066,-0.100098,-31.372070,89.416504,392.333984
1493852602.514462,-0.976074,0.529785,0.104492,-33.935547,90.026855,395.019531
1493852602.517007,-0.991699,0.541016,0.072754,-38.513184,88.745117,398.254395
1493852602.519615,-1.048340,0.551270,-0.013184,-42.602539,89.721680,401.428223
1493852602.522300,-1.083984,0.541992,-0.012695,-46.386719,90.209961,403.137207
1493852602.524985,-1.120605,0.584961,-0.072266,-49.865723,91.735840,402.221680
1493852602.527673,-1.096680,0.558594,-0.082031,-55.480957,94.604492,402.221680
1493852602.530359,-1.148926,0.564453,-0.029785,-61.706543,95.825195,401.245117
1493852602.533040,-1.203125,0.561035,-0.231445,-63.903809,97.229004,399.841309
1493852602.535723,-1.238281,0.579590,-0.146484,-68.664551,97.656250,399.047852
1493852602.538407,-1.265625,0.560059,-0.209961,-74.829102,98.999023,399.108887
1493852602.541093,-1.307129,0.538574,-0.140137,-79.895020,99.914551,399.291992
1493852602.543777,-1.387695,0.514648,-0.158691,-86.242676,102.233887,399.963379
1493852602.546458,-1.425781,0.528809,-0.165527,-90.576172,103.271484,401.611328
1493852602.549149,-1.499512,0.498047,-0.240234,-92.468262,104.370117,403.137207
1493852602.551837,-1.568359,0.480957,-0.271484,-96.496582,106.140137,403.808594
1493852602.554521,-1.598633,0.496094,-0.419922,-99.975586,106.140137,405.944824
1493852602.557206,-1.668945,0.447754,-0.365234,-104.064941,124.023438,406.250000
1493852602.559837,-1.740234,0.428711,-0.355469,-109.802246,113.769531,407.348633
1493852602.562401,-1.791992,0.424316,-0.316406,-114.318848,118.103027,407.714844
1493852602.564953,-1.871094,0.371582,-0.319824,-121.643066,122.192383,408.020020
1493852602.567508,-1.936035,0.332031,-0.369141,-127.380371,126.037598,408.264160
1493852602.570130,-2.041504,0.285645,-0.330078,-134.582520,127.868652,409.484863
1493852602.572814,-2.145996,0.233887,-0.325684,-140.197754,129.638672,409.118652
1493852602.575494,-2.182617,0.139648,-0.356445,-146.179199,130.493164,408.569336
1493852602.578180,-2.267578,-0.010742,-0.294434,-150.756836,129.150391,408.325195
1493852602.580868,-2.366699,-0.226074,-0.385254,-155.517578,126.037598,406.860352
1493852602.583550,-2.414551,-0.233398,-0.300781,-156.982422,118.164062,406.555176
1493852602.586231,-2.478516,-0.351074,-0.339844,-156.433105,109.069824,407.104492
1493852602.588917,-2.558594,-0.467285,-0.405762,-155.517578,102.355957,409.729004
1493852602.591604,-2.564453,-0.583496,-0.510254,-149.291992,99.609375,410.949707
1493852602.594282,-2.578613,-0.698242,-0.437988,-126.525879,98.632812,409.362793
1493852602.596960,-2.587891,-0.846191,-0.581055,-137.023926,96.435547,402.038574
1493852602.599614,-2.577637,-0.968750,-0.632324,-132.751465,93.200684,389.282227
1493852602.602200,-2.593750,-1.123047,-0.687012,-130.615234,92.041016,374.938965
1493852602.604753,-2.527832,-1.271973,-0.645020,-128.906250,89.599609,358.520508
1493852602.607306,-2.487305,-1.489746,-0.762695,-122.741699,89.294434,341.308594
1493852602.609926,-2.423340,-1.673340,-0.875000,-117.370605,88.867188,325.378418
1493852602.612622,-2.308594,-1.900391,-0.890137,-107.910156,89.477539,301.452637
1493852602.615304,-2.162109,-2.248535,-0.898438,-96.374512,89.721680,284.729004
1493852602.618100,-2.150391,-2.372559,-0.798340,-86.669922,93.200684,275.939941
1493852602.620796,-2.015137,-2.584473,-0.850586,-76.049805,98.937988,252.380371
1493852602.623478,-1.935059,-2.792480,-0.692383,-65.429688,105.041504,236.145020
1493852602.626158,-1.751465,-2.901367,-0.522461,-57.312012,110.473633,220.642090
1493852602.628867,-1.772949,-2.940918,-0.390625,-46.203613,111.328125,204.528809
1493852602.631575,-1.649902,-2.960449,-0.203613,-32.348633,109.741211,187.988281
1493852602.634255,-1.685059,-2.934570,-0.129883,-8.911133,94.299316,186.828613
1493852602.636932,-1.689453,-2.880371,-0.005371,6.958008,80.932617,168.457031
1493852602.639623,-1.513184,-2.674805,0.030762,12.390137,72.509766,145.935059
1493852602.642317,-1.606934,-2.498047,-0.108887,2.075195,74.340820,98.022461
1493852602.644996,-1.599609,-2.405762,0.129395,-17.150879,65.917969,6.347656
1493852602.647678,-1.806641,-2.986816,0.325195,-27.648926,15.808105,-110.107422
1493852602.650294,-1.845703,-2.599609,0.403320,-18.371582,-37.475586,-177.001953
1493852602.652844,-1.953613,-2.873535,0.534668,50.170898,-66.406250,-182.800293
1493852602.655396,-2.023438,-2.864746,0.086426,89.538574,-70.556641,-149.658203
1493852602.657975,-1.981934,-3.179199,0.089355,124.389648,-72.692871,-97.106934
1493852602.660623,-1.894043,-3.450195,-0.177734,96.557617,-56.091309,-45.410156
1493852602.663307,-1.856445,-3.702637,-0.103516,48.217773,-23.193359,-24.230957
1493852602.665991,-1.741699,-3.910645,-0.095215,-5.615234,1.159668,-42.968750
1493852602.668674,-1.574219,-3.745605,0.183105,-56.823730,6.408691,-83.557129
1493852602.671356,-1.518555,-3.351074,0.312012,-61.401367,-0.183105,-122.497559
1493852602.674036,-1.979980,-1.847656,0.454590,-29.296875,-22.155762,-145.202637
1493852602.676718,-2.270996,-1.126465,-0.715820,-25.512695,-63.354492,-183.288574
1493852602.679401,-2.036133,-1.068359,0.787598,84.655762,56.701660,-215.576172
1493852602.682083,-1.864746,-1.106445,0.842285,139.648438,305.969238,-215.515137
1493852602.684762,-2.186035,-0.457031,0.378418,104.919434,400.634766,-216.064453
1493852602.687442,-3.812500,1.447754,1.127930,123.596191,357.543945,-151.123047
1493852602.690132,-5.695312,3.331055,0.798828,177.551270,313.781738,-83.862305
1493852602.692813,-5.238281,3.929199,0.085449,214.843750,253.234863,72.998047
1493852602.695491,-3.145996,3.451172,-0.559082,226.623535,174.255371,207.214355
1493852602.698164,-0.873047,2.655273,-1.454590,197.998047,46.447754,278.015137
1493852602.700772,-0.155762,2.731445,-1.646484,177.368164,-98.815918,260.559082
1493852602.703322,0.218750,2.626953,-1.683594,147.949219,-255.126953,146.240234
1493852602.705872,0.356445,2.230957,-1.400879,120.483398,-412.719727,-84.289551
1493852602.708447,0.526855,1.618652,-0.490234,84.106445,-519.775391,-400.817871
1493852602.711095,0.312988,0.596191,0.594727,70.434570,-572.448730,-751.953125
1493852602.713780,0.160156,-0.288574,1.221680,54.504395,-594.482422,-1080.383301
1493852602.716468,0.488770,-1.317871,1.238281,35.034180,-521.850586,-1280.639648
1493852602.719156,0.635742,-2.121094,0.956543,15.625000,-365.051270,-1297.851562
1493852602.721845,0.568359,-2.362793,0.286621,-28.259277,-184.326172,-1191.162109
1493852602.724527,0.095215,-2.345703,-0.070312,-127.929688,-19.653320,-1044.433594
1493852602.727211,-0.849121,-2.220703,-0.277832,-237.731934,107.849121,-905.395508
1493852602.729901,-1.792969,-2.123047,-0.272461,-296.752930,184.753418,-783.142090
1493852602.732585,-2.540039,-1.917480,0.029297,-271.972656,163.391113,-665.527344
1493852602.735265,-2.835449,-1.708008,0.042480,-173.889160,79.956055,-526.672363
1493852602.737952,-2.657227,-1.352539,-0.057617,-49.926758,-17.578125,-370.422363
1493852602.740643,-1.898926,-0.909668,-0.144043,51.086426,-89.782715,-198.547363
1493852602.743333,-1.392090,-0.511230,-0.163574,108.825684,-121.520996,-68.359375
1493852602.746017,-0.927246,-0.248047,-0.330566,152.099609,-124.572754,-28.442383
1493852602.748680,-0.499512,-0.082031,-0.678711,191.101074,-120.483398,26.489258
1493852602.751277,-0.166504,-0.077637,-0.774902,216.003418,-117.431641,47.363281
1493852602.753933,0.010742,-0.077148,-0.792969,216.674805,-111.572266,34.362793
1493852602.756486,-0.055664,-0.069336,-0.884277,174.072266,-108.764648,-14.953613
1493852602.759063,-0.168945,0.130371,-0.957520,157.897949,-105.041504,-94.970703
1493852602.761642,-0.286621,0.333008,-0.539551,88.500977,-101.928711,-178.466797
1493852602.764194,-0.427734,0.364746,-0.330566,24.475098,-94.421387,-240.417480
1493852602.766743,-0.491699,0.187012,-0.240234,-15.136719,-82.702637,-281.433105
1493852602.769347,-0.546875,-0.136719,-0.050781,-51.391602,-70.251465,-309.997559
1493852602.772019,-0.563965,-0.450195,0.161621,-81.420898,-62.500000,-305.236816
1493852602.774704,-0.675781,-0.739258,0.248047,-109.558105,-59.814453,-276.184082
1493852602.777387,-0.791992,-0.963867,0.249512,-123.840332,-55.053711,-256.286621
1493852602.780107,-0.881836,-1.138672,0.291504,-113.647461,-45.837402,-206.237793
1493852602.782788,-0.988281,-1.023438,0.170898,-81.665039,-29.357910,-149.963379
1493852602.785466,-1.052246,-0.792969,-0.058105,-46.386719,-12.817383,-86.059570
1493852602.788149,-1.121582,-0.420898,-0.244141,-24.780273,-3.906250,-30.578613
1493852602.790833,-0.807617,-0.114746,-0.303711,-26.794434,-8.056641,4.516602
1493852602.793512,-0.700195,0.100586,-0.187012,-34.729004,-27.832031,14.221191
1493852602.796194,-0.618652,0.089355,-0.154297,-36.315918,-53.649902,6.408691
1493852602.798848,-0.628906,-0.014648,-0.058105,-15.991211,-78.063965,-5.615234
1493852602.801435,-0.748047,-0.076172,-0.036621,-13.671875,-94.543457,-10.925293
1493852602.803991,-0.746582,-0.128906,0.003418,-7.202148,-81.054688,-10.803223
1493852602.806541,-0.530762,-0.149414,0.104980,-16.357422,-85.754395,-6.042480
1493852602.809143,-0.589355,-0.125977,0.031738,-28.869629,-61.523438,2.075195
1493852602.811817,-0.581543,-0.091797,-0.022461,-33.447266,-34.973145,10.559082
1493852602.814500,-0.615723,-0.040527,-0.106445,-33.386230,-15.319824,15.930176
1493852602.817183,-0.583496,0.013184,-0.111328,-35.522461,-5.493164,16.540527
1493852602.819884,-0.659668,0.046875,-0.145996,-40.100098,-3.845215,12.939453
1493852602.822583,-0.654297,0.044922,-0.039551,-41.748047,-6.530762,9.521484
1493852602.825260,-0.658691,0.057617,-0.009766,-39.184570,-10.742188,-12.817383
1493852602.827949,-0.667480,0.025391,-0.012207,-32.836914,-14.526367,-4.455566
1493852602.830634,-0.683594,-0.018066,0.089844,-25.146484,-16.479492,-8.911133
1493852602.833312,-0.669434,-0.041504,-0.029297,-19.348145,-13.061523,-11.230469
1493852602.835995,-0.614258,-0.070312,-0.030273,-17.272949,-7.690430,-8.239746
1493852602.838679,-0.505371,-0.085449,-0.051758,-17.456055,1.281738,-3.723145
1493852602.841360,-0.649902,-0.039062,-0.142090,-18.981934,7.873535,1.770020
1493852602.844035,-0.704590,-0.024902,-0.208984,-19.897461,10.437012,6.530762
1493852602.846715,-0.674805,-0.011230,-0.013672,-17.578125,10.253906,10.925293
1493852602.849357,-0.720215,0.022949,-0.127930,-15.808105,7.141113,15.319824
1493852602.851931,-0.754883,0.054688,-0.147461,-14.038086,5.065918,18.066406
1493852602.854486,-0.731934,0.080078,-0.208984,-9.033203,2.685547,19.897461
1493852602.857039,-0.716309,0.087402,-0.201172,-4.882812,2.380371,20.874023
1493852602.859641,-0.774902,0.057617,-0.169434,0.488281,-0.854492,20.996094
1493852602.862309,-0.851562,0.099609,-0.257812,5.798340,-4.760742,20.996094
1493852602.864985,-0.733887,0.060059,-0.164551,10.803223,-8.056641,21.423340
1493852602.867671,-0.753906,0.069336,-0.222168,14.587402,-10.803223,21.789551
1493852602.870359,-0.760254,0.054688,-0.190918,16.479492,-13.000488,22.949219
1493852602.873044,-0.719727,0.060059,-0.173340,17.700195,-16.052246,24.597168
1493852602.875726,-0.743164,0.048828,-0.126465,20.751953,-17.272949,25.634766
1493852602.878411,-0.695312,0.058105,-0.205566,23.254395,-16.967773,26.611328
1493852602.881098,-0.730469,0.034180,-0.139648,23.620605,-16.174316,27.954102
1493852602.883774,-0.730469,0.054688,-0.109863,24.780273,-15.869141,28.076172
1493852602.886451,-0.745605,0.086914,-0.183594,26.367188,-16.113281,27.832031
1493852602.889134,-0.716309,0.130859,-0.183105,26.855469,-15.869141,24.902344
1493852602.891933,-0.758789,0.126953,-0.099609,28.015137,-17.578125,21.606445
1493852602.894615,-0.769531,0.181152,-0.040527,29.418945,-21.667480,17.761230
1493852602.897294,-0.778809,0.198730,-0.218750,29.541016,-25.695801,12.817383
1493852602.899924,-0.772461,0.199219,-0.090820,30.456543,-30.822754,7.690430
1493852602.902484,-0.756836,0.194336,-0.026367,30.395508,-34.057617,2.746582
1493852602.905035,-0.773438,0.187012,-0.150879,27.587891,-36.254883,-3.234863
1493852602.907585,-0.713379,0.152344,-0.102051,26.611328,-35.827637,-10.131836
1493852602.910204,-0.691406,0.152832,-0.131836,28.625488,-17.395020,-16.235352
1493852602.912888,-0.708496,0.136719,-0.133301,25.878906,-27.465820,-23.620605
1493852602.915570,-0.627930,0.055664,-0.169434,24.108887,-21.667480,-28.503418
1493852602.918275,-0.588867,0.017090,-0.169922,25.573730,-17.639160,-30.273438
1493852602.920979,-0.615234,0.003418,-0.241211,30.517578,-16.479492,-28.442383
1493852602.923657,-0.690918,0.015137,-0.224121,36.132812,-16.723633,-26.611328
1493852602.926338,-0.672363,0.034180,-0.325684,37.902832,-19.409180,-23.376465
1493852602.929022,-0.699219,0.004395,-0.252930,37.658691,-23.437500,-20.141602
1493852602.931707,-0.680664,0.026855,-0.390625,38.452148,-27.221680,-15.502930
1493852602.934392,-0.697754,-0.012695,-0.384277,40.100098,-29.968262,-11.230469
1493852602.937075,-0.706055,0.008789,-0.444824,44.921875,-33.142090,-8.972168
1493852602.939711,-0.672363,-0.044434,-0.399902,49.072266,-38.208008,-6.347656
1493852602.942275,-0.689941,-0.027344,-0.491699,51.757812,-40.954590,-4.760742
1493852602.944822,-0.655762,-0.065918,-0.465332,59.814453,-44.372559,-3.234863
1493852602.947373,-0.722168,-0.047363,-0.491699,63.415527,-45.043945,-2.685547
1493852602.949986,-0.611816,-0.095215,-0.434082,71.411133,-45.471191,-4.211426
1493852602.952671,-0.568848,-0.099609,-0.476074,80.139160,-43.457031,-7.751465
1493852602.955353,-0.519531,-0.012695,-0.521484,90.148926,-38.513184,-11.352539
1493852602.958063,-0.547852,-0.132812,-0.449707,95.214844,-35.827637,-13.854980
1493852602.960768,-0.552734,-0.135254,-0.448242,102.050781,-32.714844,-15.747070
1493852602.963452,-0.551758,-0.102539,-0.419922,101.745605,-33.081055,-17.883301
1493852602.966136,-0.617676,-0.065918,-0.247559,95.336914,-38.452148,-19.348145
1493852602.968822,-0.621094,-0.038574,-0.181641,86.669922,-47.546387,-19.531250
1493852602.971507,-0.636230,-0.009277,-0.106445,87.402344,-52.795410,-17.700195
1493852602.974190,-0.683105,0.007812,-0.031250,97.106934,-53.405762,-15.258789
1493852602.976871,-0.703125,0.055664,-0.114746,106.811523,-49.255371,-12.329102
1493852602.979559,-0.714844,0.104004,-0.154297,112.487793,-46.264648,-10.925293
1493852602.982249,-0.696777,0.020020,-0.095703,107.238770,-46.203613,-13.061523
1493852602.984938,-0.617188,0.179199,-0.025391,101.257324,-48.095703,-20.141602
1493852602.987622,-0.560547,0.203613,-0.089355,97.534180,-46.508789,-36.560059
1493852602.990283,-0.606445,0.261719,-0.002930,98.388672,-40.344238,-64.086914
1493852602.992836,-0.569824,0.263672,-0.040527,98.693848,-23.254395,-77.514648
1493852602.995389,-0.585938,0.202148,0.047852,90.759277,-5.676270,-98.999023
1493852602.997974,-0.509766,0.141113,0.055664,85.266113,4.333496,-107.727051
1493852603.000629,-0.645508,0.102051,0.034180,75.378418,7.202148,-104.736328
1493852603.003314,-0.654297,0.058594,0.121094,69.213867,3.173828,-92.956543
1493852603.005995,-0.727539,0.063965,0.217773,67.932129,-4.760742,-78.369141
1493852603.008680,-0.802246,0.096680,0.243652,69.946289,-13.305664,-68.176270
1493852603.011371,-0.892578,0.117676,0.153809,70.373535,-19.775391,-63.903809
1493852603.014054,-0.875977,0.121582,0.184570,69.396973,-22.583008,-63.598633
1493852603.016737,-0.914551,0.080566,0.216309,67.138672,-24.475098,-61.401367
1493852603.019419,-0.908203,0.218750,0.198242,66.955566,-25.512695,-56.091309
1493852603.022098,-0.945801,0.117676,0.248047,63.659668,-28.076172,-49.926758
1493852603.024781,-0.935059,0.161621,0.086914,66.040039,-31.738281,-45.715332
1493852603.027467,-0.940430,0.159668,0.099121,68.908691,-32.531738,-43.640137
1493852603.030310,-0.930664,0.166016,0.096191,73.547363,-32.104492,-40.527344
1493852603.032992,-0.912598,0.173340,0.062988,72.448730,-34.484863,-38.146973
1493852603.035671,-0.936035,0.166992,0.062012,71.411133,-37.597656,-41.992188
1493852603.038344,-0.923340,0.203613,0.040527,74.768066,-40.283203,-47.790527
1493852603.040951,-0.935547,0.265625,0.066406,78.002930,-41.259766,-57.006836
1493852603.043504,-0.904297,0.259277,0.008789,79.284668,-41.625977,-69.946289
1493852603.046057,-1.115723,0.294922,-0.035156,76.110840,-39.306641,-73.791504
1493852603.048639,-1.010254,0.336914,0.000977,66.711426,-35.217285,-84.045410
1493852603.051290,-1.101074,0.362793,-0.017578,56.274414,-31.616211,-96.679688
1493852603.053972,-0.980469,0.348633,-0.036621,49.316406,-26.550293,-111.572266
1493852603.056656,-0.982910,0.323242,-0.047852,45.471191,-23.071289,-123.229980
1493852603.059347,-0.955566,0.320801,-0.096680,42.602539,-25.390625,-129.821777
1493852603.062037,-1.008789,0.322266,-0.184570,40.466309,-30.578613,-131.896973
1493852603.064718,-1.093750,0.316406,-0.192383,38.696289,-35.461426,-133.178711
1493852603.067399,-1.162109,0.324707,-0.247559,34.240723,-41.198730,-133.789062
1493852603.070089,-1.186035,0.326172,-0.322266,32.958984,-45.654297,-134.521484
1493852603.072767,-1.224609,0.355469,-0.245605,15.747070,-49.926758,-137.390137
1493852603.075447,-1.251953,0.380859,-0.153809,29.418945,-51.818848,-144.470215
1493852603.078133,-1.294922,0.447754,-0.140625,29.113770,-53.955078,-155.578613
1493852603.080821,-1.325684,0.605469,-0.166992,26.672363,-57.189941,-165.832520
1493852603.083500,-1.395996,0.527832,-0.222168,20.935059,-59.936523,-176.635742
1493852603.086180,-1.392578,0.554688,-0.131836,15.869141,-78.002930,-188.232422
1493852603.088852,-1.402344,0.544434,-0.182617,14.953613,-63.903809,-199.279785
1493852603.091457,-1.383789,0.569824,-0.120605,13.549805,-65.124512,-211.853027
1493852603.094008,-1.279785,0.566895,-0.144531,12.756348,-64.514160,-223.937988
1493852603.096559,-1.269531,0.603027,-0.228516,11.352539,-65.551758,-229.736328
1493852603.099154,-1.471680,0.637207,-0.288574,9.399414,-66.345215,-238.159180
1493852603.101817,-1.429688,0.659180,-0.315918,10.314941,-69.335938,-246.337891
1493852603.104498,-1.423828,0.710938,-0.353516,9.887695,-69.335938,-253.967285
1493852603.107177,-1.432617,0.761719,-0.494629,8.605957,-63.842773,-262.390137
1493852603.109884,-1.514648,0.744141,-0.520996,5.493164,-60.058594,-271.057129
1493852603.112588,-1.540527,0.774902,-0.642090,5.981445,-57.250977,-280.944824
1493852603.115266,-1.571777,0.787598,-0.739746,11.657715,-56.274414,-290.466309
1493852603.117954,-1.631348,0.812500,-0.726562,20.751953,-58.044434,-300.170898
1493852603.120647,-1.644531,0.843750,-0.855469,42.785645,-58.227539,-307.067871
1493852603.123333,-1.688477,0.904297,-0.732422,38.391113,-59.387207,-314.453125
1493852603.126015,-1.726562,0.965332,-0.698730,48.461914,-64.270020,-321.533203
1493852603.128701,-1.768066,1.060547,-0.767090,56.396484,-67.810059,-327.697754
1493852603.131391,-1.839844,1.130859,-0.697266,63.842773,-72.204590,-334.899902
1493852603.134073,-1.888184,1.229492,-0.814453,73.852539,-78.674316,-340.820312
1493852603.136756,-1.970215,1.251465,-0.630371,80.444336,-84.533691,-346.069336
1493852603.139426,-2.068848,1.203125,-0.840820,86.181641,-89.355469,-352.416992
1493852603.142028,-2.096680,1.101074,-0.888184,85.510254,-107.482910,-362.182617
1493852603.144584,-2.076172,0.958984,-0.788574,75.439453,-99.548340,-371.520996
1493852603.147137,-1.762695,0.696777,-0.705078,53.710938,-115.295410,-384.948730
1493852603.149689,-1.773926,0.505371,-0.802734,21.728516,-142.395020,-392.761230
1493852603.152241,-1.932129,0.351074,-0.726074,6.530762,-166.809082,-410.461426
1493852603.154787,-2.005859,0.199219,-0.544922,8.972168,-181.152344,-426.635742
1493852603.157331,-2.181152,0.106445,-0.580078,17.211914,-180.480957,-440.307617
1493852603.159941,-2.341309,0.085938,-0.607422,38.635254,-170.288086,-450.012207
1493852603.162623,-2.581055,0.145996,-0.543945,63.232422,-155.029297,-454.833984
1493852603.165299,-2.731445,0.220703,-0.479492,85.510254,-133.728027,-456.726074
1493852603.168088,-2.729492,0.449219,-0.812500,111.389160,-117.492676,-459.045410
1493852603.170777,-2.711426,0.687012,-0.687500,138.549805,-119.628906,-459.777832
1493852603.173462,-2.792969,0.927734,-0.759277,162.963867,-139.526367,-458.801270
1493852603.176149,-2.619141,1.041016,-1.099121,179.138184,-149.353027,-453.002930
1493852603.178851,-2.542969,1.097656,-1.276367,163.085938,-176.452637,-437.805176
1493852603.181551,-2.392090,1.166016,-1.334961,113.342285,-209.289551,-414.550781
1493852603.184233,-2.265625,1.186035,-1.213379,65.185547,-210.449219,-389.038086
1493852603.186914,-2.111816,1.197266,-1.156250,31.250000,-187.866211,-365.661621
1493852603.189597,-1.993164,1.299805,-1.160645,18.615723,-174.316406,-346.557617
1493852603.192281,-1.827637,1.473633,-0.934082,21.179199,-132.629395,-333.007812
1493852603.194963,-1.716797,1.519531,-0.975098,31.677246,-90.820312,-329.040527
1493852603.197665,-1.533203,1.539551,-1.009766,54.565430,-53.649902,-335.937500
1493852603.200294,-1.363281,1.406250,-1.009277,89.477539,-20.385742,-352.233887
1493852603.202843,-1.981445,1.766113,-0.888184,142.517090,39.550781,-380.371094
1493852603.205396,-3.667480,2.819824,-0.673340,310.668945,159.851074,-409.606934
1493852603.207969,-4.078613,3.231934,1.021484,555.175781,349.792480,-445.922852
1493852603.210612,-2.964844,2.038574,1.619141,589.660645,310.241699,-440.551758
1493852603.213292,-1.466309,0.041504,-0.898926,420.349121,88.867188,-490.966797
1493852603.215970,-0.095215,-0.539062,-0.891113,379.516602,-29.602051,-577.575684
1493852603.218673,1.178711,-0.985840,-0.248535,344.848633,-188.293457,-619.995117
1493852603.221376,1.529297,-1.111816,-1.447266,254.089355,-371.154785,-598.937988
1493852603.224056,2.018066,-1.304688,-0.418945,236.694336,-427.062988,-500.549316
1493852603.226737,2.348145,-1.190918,-0.547363,125.061035,-477.416992,-326.049805
1493852603.229418,2.168945,-0.815918,0.269531,-39.184570,-423.645020,-89.843750
1493852603.232098,1.760254,-0.338867,0.696777,-159.362793,-312.744141,162.170410
1493852603.234777,1.306152,0.018555,0.187012,-222.106934,-169.555664,374.633789
1493852603.237462,0.873535,0.356445,-0.072754,-227.233887,-34.057617,520.080566
1493852603.240159,0.405762,0.906250,-0.361328,-216.552734,67.626953,607.788086
1493852603.242846,0.138184,1.146973,-0.513184,-226.806641,106.445312,650.512695
1493852603.245535,-0.091797,1.274902,-0.418945,-261.108398,112.182617,649.475098
1493852603.248208,-0.276855,1.490234,-0.375000,-327.697754,98.815918,612.426758
1493852603.250813,-0.471680,1.755371,-0.088867,-374.328613,68.725586,550.292969
1493852603.253369,-0.484863,1.991211,-0.339355,-361.572266,38.574219,480.102539
1493852603.255923,-0.590820,2.309570,-0.504883,-304.321289,33.203125,424.865723
1493852603.258524,-0.831543,2.561035,-0.447266,-239.318848,46.203613,333.374023
1493852603.261194,-0.991211,2.848633,-0.482422,-172.119141,55.664062,242.858887
1493852603.263877,-0.984375,2.858887,-0.476562,-128.723145,62.561035,159.912109
1493852603.266560,-0.772461,2.213379,-0.343750,-138.488770,55.541992,86.364746
1493852603.269265,-0.478027,1.503906,-0.489746,-177.368164,50.598145,22.644043
1493852603.271971,-0.330078,1.030762,-0.460938,-209.716797,64.636230,-28.076172
1493852603.274652,-0.149414,0.646973,-0.334961,-209.960938,87.768555,-64.025879
1493852603.277328,0.001465,0.353516,-0.410156,-211.914062,110.290527,-83.068848
1493852603.280014,0.197266,0.069824,-0.495605,-189.208984,121.765137,-85.327148
1493852603.282700,0.329590,-0.144043,-0.441406,-177.246094,119.873047,-70.678711
1493852603.285380,0.499023,-0.296875,-0.483887,-180.786133,106.079102,-37.292480
1493852603.288085,0.539062,-0.448242,-0.435547,-167.541504,86.181641,13.427734
1493852603.290787,0.556641,-0.551758,-0.475098,-157.409668,63.781738,80.566406
1493852603.293468,0.461426,-0.510742,-0.411621,-150.146484,42.541504,159.729004
1493852603.296154,0.344238,-0.310547,-0.476074,-151.672363,35.949707,241.149902
1493852603.298830,0.183594,-0.248047,-0.322754,-158.447266,17.395020,309.387207
1493852603.301435,-0.092285,-0.033691,-0.330078,-150.390625,21.850586,354.553223
1493852603.304091,-0.012695,0.142090,-0.312012,-145.874023,21.301270,376.464844
1493852603.306643,-0.335449,0.345215,-0.335938,-136.596680,25.268555,378.295898
1493852603.309240,-0.302734,0.502930,-0.280762,-120.361328,29.785156,374.694824
1493852603.311907,-0.362305,0.650391,-0.315918,-101.501465,33.142090,345.703125
1493852603.314591,-0.443359,0.755371,-0.335938,-84.777832,36.315918,328.674316
1493852603.317277,-0.408203,0.789062,-0.361816,-66.223145,38.085938,326.538086
1493852603.319968,-0.415527,0.733398,-0.281250,-52.368164,42.785645,309.570312
1493852603.322654,-0.451172,0.640625,-0.282715,-37.658691,46.081543,293.701172
1493852603.325337,-0.241699,0.522949,-0.186523,-27.221680,51.391602,282.958984
1493852603.328022,-0.266602,0.369629,-0.286621,-19.836426,55.175781,276.306152
1493852603.330706,-0.258789,0.265625,-0.359863,-18.859863,60.363770,277.099609
1493852603.333387,-0.211914,0.211914,-0.257812,-18.676758,64.514160,282.043457
1493852603.336071,-0.344238,0.162109,-0.186523,-19.165039,66.040039,291.015625
1493852603.338760,-0.232422,0.182617,-0.241699,-18.432617,63.781738,301.147461
1493852603.341445,-0.279297,0.199219,-0.200195,-12.573242,60.180664,311.767578
1493852603.344122,-0.365234,0.262695,-0.166992,-6.408691,57.495117,321.350098
1493852603.346798,-0.356445,0.329590,-0.182617,14.526367,56.335449,330.322266
1493852603.349438,-0.407227,0.351562,-0.114746,2.075195,57.312012,338.256836
1493852603.352011,-0.498047,0.388672,-0.126953,2.807617,58.349609,343.566895
1493852603.354563,-0.591309,0.438965,-0.170898,5.554199,61.340332,347.351074
