1493852592.737529,-0.229004,0.241699,-0.158691,-49.560547,45.410156,241.760254
1493852592.740124,-0.247070,0.153809,-0.197266,-48.095703,46.813965,247.436523
1493852592.742673,-0.235352,0.154297,-0.177246,-46.508789,47.180176,252.990723
1493852592.745222,-0.274414,0.160645,-0.244141,-44.799805,47.180176,258.850098
1493852592.747779,-0.260742,0.174805,-0.256836,-42.480469,48.889160,263.977051
1493852592.750336,-0.289551,0.162109,-0.212891,-38.818359,50.476074,266.235352
1493852592.752884,-0.318359,0.175293,-0.222656,-35.827637,51.818848,271.301270
1493852592.755486,-0.286621,0.171875,-0.175781,-32.714844,52.734375,276.550293
1493852592.758134,-0.304199,0.203613,-0.250488,-30.029297,54.199219,280.517578
1493852592.760725,-0.284668,0.238281,-0.304199,-28.869629,56.213379,283.874512
1493852592.763273,-0.328613,0.199219,-0.207520,-25.146484,57.983398,288.085938
1493852592.765867,-0.302734,0.228027,-0.210449,-21.667480,59.020996,290.588379
1493852592.768504,-0.325195,0.259766,-0.315918,-18.676758,59.997559,292.907715
1493852592.771679,-0.341309,0.251465,-0.261719,-12.634277,61.462402,296.997070
1493852592.774878,-0.390137,0.265625,-0.214355,-10.192871,62.561035,300.170898
1493852592.777501,-0.380859,0.285156,-0.277832,-7.568359,63.537598,300.842285
1493852592.780060,-0.407227,0.285156,-0.275879,-3.662109,65.429688,301.269531
1493852592.782614,-0.415527,0.280762,-0.224121,-0.976562,67.382812,301.757812
1493852592.785181,-0.443848,0.262695,-0.202637,1.525879,69.458008,302.062988
1493852592.787837,-0.485840,0.285156,-0.190918,4.882812,70.983887,302.368164
1493852592.790534,-0.482910,0.255371,-0.281738,5.981445,72.998047,303.344727
1493852592.793183,-0.474121,0.125488,-0.245605,8.728027,75.683594,305.175781
1493852592.795896,-0.535156,0.222168,-0.158691,9.582520,76.660156,307.189941
1493852592.798678,-0.534668,0.238281,-0.146484,11.840820,78.186035,308.654785
1493852592.801399,-0.568359,0.222168,-0.220215,13.183594,80.078125,311.462402
1493852592.804369,-0.594727,0.206543,-0.254883,14.282227,81.237793,314.086914
1493852592.807343,-0.622559,0.207031,-0.216797,16.296387,85.632324,317.016602
1493852592.809900,-0.621094,0.207031,-0.200684,16.601562,87.219238,319.763184
1493852592.812459,-0.629883,0.188965,-0.208496,17.089844,90.393066,322.998047
1493852592.815011,-0.611816,0.193359,-0.270020,16.357422,94.055176,327.941895
1493852592.817873,-0.647949,0.193359,-0.133301,14.526367,99.060059,331.298828
1493852592.820812,-0.635742,0.194824,-0.190918,13.488770,103.210449,334.594727
1493852592.823494,-0.706543,0.216309,-0.161621,14.038086,105.712891,337.829590
1493852592.826175,-0.719727,0.212402,-0.233887,12.207031,108.337402,341.369629
1493852592.828856,-0.632324,0.188965,-0.200684,11.352539,111.206055,345.642090
1493852592.831470,-0.774902,0.237793,-0.282715,10.925293,114.624023,349.548340
1493852592.834023,-0.844727,0.240234,-0.238770,9.887695,117.492676,354.125977
1493852592.836574,-0.867188,0.245605,-0.298340,10.253906,119.323730,358.520508
1493852592.839130,-0.774902,0.270020,-0.318848,10.131836,122.009277,361.022949
1493852592.841686,-0.925293,0.279297,-0.307129,11.291504,123.718262,362.609863
1493852592.844233,-0.979980,0.346680,-0.359375,10.742188,126.708984,364.074707
1493852592.846783,-1.121094,0.349121,-0.243652,10.498047,129.272461,366.638184
1493852592.849336,-1.041504,0.401855,-0.329590,9.094238,133.178711,367.126465
1493852592.851886,-1.110840,0.406250,-0.263672,9.094238,136.779785,365.661621
1493852592.854435,-1.175781,0.397949,-0.283203,7.934570,154.663086,362.976074
1493852592.856984,-1.135742,0.404297,-0.325684,5.065918,144.348145,359.375000
1493852592.859596,-1.293945,0.389648,-0.285645,3.051758,149.536133,355.285645
1493852592.862208,-1.338867,0.369141,-0.324219,2.197266,153.686523,353.576660
1493852592.864755,-1.455078,0.345215,-0.345703,2.685547,159.484863,351.989746
1493852592.867303,-1.609375,0.296875,-0.366211,2.014160,163.818359,350.769043
1493852592.869974,-1.589844,0.366211,-0.287109,-1.403809,168.212891,350.708008
1493852592.872711,-1.650879,0.204590,-0.493652,-4.150391,173.034668,352.233887
1493852592.875389,-1.675781,0.189453,-0.448242,-8.544922,176.147461,355.590820
1493852592.878215,-1.800781,0.140137,-0.416504,-14.038086,179.016113,359.558105
1493852592.880903,-1.898926,0.112793,-0.476074,-16.174316,180.480957,363.159180
1493852592.883587,-1.919922,0.035156,-0.443359,-20.812988,182.373047,365.539551
1493852592.886267,-1.974121,0.002930,-0.298828,-26.672363,185.668945,367.797852
1493852592.888952,-1.979980,-0.106445,-0.159668,-33.386230,190.002441,368.408203
1493852592.891639,-1.967285,-0.235840,0.026855,-42.724609,196.411133,369.018555
1493852592.894318,-1.939453,-0.411621,0.010742,-48.034668,207.092285,369.628906
1493852592.896999,-1.935059,-0.424805,-0.138672,-50.659180,215.576172,370.849609
1493852592.899634,-1.990723,-0.395508,-0.128906,-50.659180,210.388184,372.497559
1493852592.902199,-2.029297,-0.408203,-0.228516,-56.213379,194.274902,375.122070
1493852592.904749,-2.079590,-0.397461,-0.103027,-62.561035,185.485840,376.770020
1493852592.907299,-2.117188,-0.420898,0.040039,-61.584473,174.560547,375.610352
1493852592.909930,-2.115723,-0.460938,-0.065430,-52.856445,174.621582,367.187500
1493852592.912633,-2.250000,-0.469727,0.043457,-43.945312,178.588867,350.158691
1493852592.915317,-2.238281,-0.480469,0.004395,-42.297363,181.396484,326.965332
1493852592.918002,-2.142578,-0.535156,0.006348,-46.508789,180.786133,299.438477
1493852592.920691,-2.148926,-0.597656,0.094727,-50.842285,176.452637,293.823242
1493852592.923375,-2.168945,-0.711426,0.055176,-55.847168,172.607422,276.794434
1493852592.926122,-2.041992,-0.858398,-0.029297,-59.204102,169.128418,263.916016
1493852592.928853,-2.092285,-1.014648,0.024902,-62.927246,164.855957,238.037109
1493852592.931563,-2.097168,-1.166992,0.014160,-65.979004,161.376953,242.614746
1493852592.934248,-2.026367,-1.289062,0.214355,-69.580078,156.738281,230.834961
1493852592.936933,-2.044434,-1.431641,0.312500,-71.777344,150.756836,217.956543
1493852592.939621,-1.966309,-1.542969,0.325684,-72.570801,145.446777,204.956055
1493852592.942309,-1.881348,-1.688965,0.417480,-75.561523,139.404297,191.650391
1493852592.944996,-1.847656,-1.810547,0.494141,-74.707031,135.742188,177.551270
1493852592.947684,-1.744141,-1.868652,0.494629,-70.800781,130.615234,162.292480
1493852592.950297,-1.678711,-1.966797,0.482422,-68.298340,123.657227,145.751953
1493852592.952848,-1.603516,-2.075195,0.470703,-70.190430,115.295410,126.464844
1493852592.955404,-1.500488,-2.208008,0.486816,-74.035645,108.825684,104.675293
1493852592.957975,-1.450684,-2.386230,0.553711,-77.697754,106.018066,79.772949
1493852592.960544,-1.364746,-2.487305,0.549805,-78.491211,99.670410,53.161621
1493852592.963094,-1.385254,-2.539062,0.592285,-76.538086,90.759277,28.442383
1493852592.965644,-1.393555,-2.464844,0.490723,-72.509766,77.331543,1.220703
1493852592.968203,-1.356445,-2.203613,0.478027,-62.866211,57.434082,-6.835938
1493852592.970762,-1.374512,-2.133301,0.536133,-56.823730,31.494141,-34.423828
1493852592.973319,-1.380371,-1.898438,0.457031,-53.833008,15.441895,-64.514160
1493852592.975874,-1.358887,-1.720215,0.395508,-58.715820,16.418457,-98.205566
1493852592.978504,-1.421875,-1.680664,0.320312,-72.692871,1.037598,-128.051758
1493852592.981135,-1.424805,-1.649902,0.387695,-87.463379,-15.625000,-151.550293
1493852592.983688,-1.279297,-1.585938,0.312500,-97.106934,-24.902344,-175.109863
1493852592.986245,-1.161621,-1.744141,0.423828,-101.501465,-35.583496,-192.932129
1493852592.988899,-1.247559,-1.803223,0.348633,-90.087891,-30.761719,-194.030762
1493852592.991619,-1.270996,-1.728027,0.279785,-71.411133,-24.963379,-173.339844
1493852592.994301,-1.324219,-1.515625,0.284180,-62.805176,-30.212402,-181.701660
1493852592.996984,-1.474609,-1.047852,-0.113281,-71.044922,-38.879395,-181.396484
1493852592.999636,-1.555664,-0.587402,-0.498535,-74.707031,-23.010254,-185.974121
1493852593.002222,-1.241699,-0.108398,0.804199,-23.010254,88.562012,-193.603516
1493852593.004773,-0.940430,0.586426,0.386230,2.075195,162.414551,-166.992188
1493852593.007322,-1.023438,1.386719,0.106445,17.822266,155.273438,-104.797363
1493852593.009944,-1.043945,1.985352,-0.774902,47.546387,112.365723,-21.118164
1493852593.012751,-0.980469,2.658203,-0.464355,155.334473,94.482422,61.828613
1493852593.015436,-1.065430,3.109863,-0.755371,163.879395,54.016113,121.643066
1493852593.018125,-1.154785,3.535156,-0.753906,157.836914,1.708984,146.484375
1493852593.020813,-1.036621,3.766113,-0.688965,130.432129,-78.308105,120.422363
1493852593.023499,-0.951660,3.342285,-0.108398,82.092285,-146.057129,25.024414
1493852593.026188,-0.737305,2.562500,0.136719,41.625977,-192.871094,-133.789062
1493852593.028882,-0.634277,1.850098,0.253906,36.804199,-172.119141,-315.429688
1493852593.031571,-0.617188,1.182129,0.512695,21.240234,-127.319336,-477.478027
1493852593.034256,-0.595215,0.572754,0.443848,-13.000488,-83.129883,-603.393555
1493852593.036944,-0.540527,-0.344727,0.550293,-42.114258,-55.297852,-687.622070
1493852593.039659,-0.440918,-1.114746,0.474609,-34.912109,-22.705078,-721.801758
1493852593.042373,-0.369141,-1.624512,0.129883,6.347656,-26.000977,-704.589844
1493852593.045054,-0.421875,-1.877930,0.063477,28.320312,-32.592773,-652.587891
1493852593.047742,-0.742188,-2.019043,-0.052246,16.113281,-40.771484,-582.641602
1493852593.050364,-0.990723,-1.973145,-0.160645,-35.644531,-37.902832,-504.821777
1493852593.052916,-1.234863,-1.573242,-0.164062,-57.434082,-30.273438,-434.204102
1493852593.055468,-1.645996,-1.296387,-0.210938,-56.579590,-34.606934,-389.953613
1493852593.058034,-2.102051,-1.160156,-0.075195,-36.376953,-48.095703,-330.017090
1493852593.060668,-2.274902,-0.872559,-0.119141,-0.976562,-70.129395,-284.606934
1493852593.063353,-2.111328,-0.495605,-0.245605,32.348633,-93.750000,-243.103027
1493852593.066042,-1.712402,-0.098633,-0.139648,58.837891,-118.469238,-189.208984
1493852593.068733,-1.290039,0.056641,-0.273926,31.494141,-129.150391,-126.525879
1493852593.071426,-0.992676,0.255859,-0.218262,51.696777,-162.963867,-71.960449
1493852593.074110,-0.665039,0.328613,-0.141113,65.246582,-176.696777,-40.893555
1493852593.076787,-0.382324,0.370605,-0.160156,82.519531,-175.720215,-36.560059
1493852593.079447,-0.103027,0.358398,-0.297852,95.031738,-162.414551,-59.326172
1493852593.082038,0.083496,0.335449,-0.179199,97.290039,-136.230469,-100.280762
1493852593.084590,0.220215,0.323242,-0.327637,86.791992,-123.046875,-145.812988
1493852593.087142,0.091309,0.203125,-0.306152,65.368652,-92.041016,-182.678223
1493852593.089694,-0.084961,0.099609,-0.332520,37.231445,-62.255859,-211.547852
1493852593.092246,-0.272949,0.030762,-0.433105,3.295898,-34.484863,-210.205078
1493852593.094792,-0.431641,-0.096191,-0.351562,-30.883789,-5.737305,-220.581055
1493852593.097336,-0.653809,-0.164551,-0.458008,-61.462402,10.009766,-231.567383
1493852593.099996,-0.812500,-0.266602,-0.408203,-86.853027,11.230469,-235.168457
1493852593.102659,-0.910156,-0.380371,-0.297363,-87.341309,2.685547,-227.905273
1493852593.105211,-0.983887,-0.524902,-0.382324,-92.346191,-23.864746,-216.247559
1493852593.107845,-1.009277,-0.593262,-0.192383,-95.825195,-31.127930,-196.960449
1493852593.110523,-0.943359,-0.677246,-0.079590,-95.947266,-53.222656,-172.851562
1493852593.113167,-0.942871,-0.683105,0.043457,-93.994141,-68.481445,-143.127441
1493852593.115876,-0.935059,-0.638184,0.106445,-88.012695,-73.120117,-107.666016
1493852593.118646,-0.864258,-0.537598,0.117188,-81.542969,-69.335938,-76.354980
1493852593.121433,-0.862305,-0.259277,-0.007324,-73.181152,-58.532715,-49.987793
1493852593.124122,-0.808594,-0.214355,-0.065918,-64.086914,-48.522949,-26.245117
1493852593.126808,-0.765137,-0.059570,-0.237793,-56.335449,-45.593262,-10.681152
1493852593.129571,-0.699219,-0.010742,-0.094238,-49.072266,-51.086426,-6.530762
1493852593.132349,-0.679199,-0.120605,0.012695,-39.123535,-60.119629,-12.939453
1493852593.135044,-0.629883,-0.012695,0.074219,-30.273438,-67.199707,-22.766113
1493852593.137738,-0.607910,-0.024414,0.017578,-23.498535,-69.152832,-33.813477
1493852593.140428,-0.637695,-0.061523,0.111328,-20.568848,-64.331055,-40.893555
1493852593.143114,-0.603027,-0.080078,-0.051758,-24.841309,-50.659180,-41.687012
1493852593.145799,-0.601562,-0.062988,-0.053711,-30.761719,-36.010742,-34.606934
1493852593.148582,-0.654785,-0.031738,-0.023926,-36.193848,-24.658203,-25.085449
1493852593.151175,-0.632324,0.011230,-0.030762,-37.292480,-20.751953,-20.812988
1493852593.153730,-0.684570,0.016602,-0.029785,-34.912109,-21.118164,-13.427734
1493852593.156285,-0.704102,0.042480,-0.123047,-30.883789,-25.756836,-10.986328
1493852593.158895,-0.710449,0.051758,-0.120605,-24.353027,-30.090332,-12.695312
1493852593.161576,-0.702148,0.045898,-0.035156,-20.019531,-31.372070,-17.944336
1493852593.164264,-0.657715,0.044922,-0.063965,-18.859863,-28.564453,-23.986816
1493852593.166949,-0.632324,0.019043,-0.050293,-17.883301,-21.484375,-28.930664
1493852593.169604,-0.648926,-0.008301,-0.099609,-18.432617,-13.793945,-31.738281
1493852593.172191,-0.617188,0.022461,-0.086914,-19.897461,-9.094238,-30.944824
1493852593.174738,-0.622559,0.009277,-0.066406,-20.996094,-7.934570,-28.015137
1493852593.177670,-0.586914,0.011230,-0.005859,-21.667480,-7.324219,-25.695801
1493852593.180661,-0.627930,0.011230,-0.206543,-19.531250,-6.469727,-22.644043
1493852593.183320,-0.635742,0.016602,-0.041016,-19.226074,-6.347656,-20.080566
1493852593.185970,-0.675293,0.015625,-0.052734,-18.005371,-5.065918,-18.615723
1493852593.188629,-0.689941,0.022949,-0.095215,-17.333984,-2.685547,-16.906738
1493852593.191237,-0.694336,0.013672,-0.082031,-16.052246,0.671387,-14.770508
1493852593.193789,-0.731934,-0.098145,-0.138184,-14.953613,1.098633,-13.122559
1493852593.196342,-0.699219,0.021484,-0.107422,-13.427734,2.258301,-11.047363
1493852593.198951,-0.715820,-0.115723,-0.097656,-10.253906,3.723145,-7.873535
1493852593.201622,-0.694336,0.008789,-0.218750,-8.483887,4.272461,-4.699707
1493852593.204304,-0.647949,0.010742,-0.010254,-5.920410,3.967285,-3.051758
1493852593.206979,-0.658691,0.000000,-0.101562,-2.563477,3.906250,0.305176
1493852593.209641,-0.680664,0.010742,-0.091797,-1.525879,3.356934,2.685547
1493852593.212235,-0.709473,0.008789,-0.094238,-0.488281,2.441406,5.310059
1493852593.214784,-0.689941,0.028320,-0.176758,2.014160,0.183105,7.446289
1493852593.217332,-0.711914,0.026855,-0.171387,1.953125,-2.319336,9.643555
1493852593.219894,-0.662598,0.054199,-0.186523,3.845215,-4.394531,11.047363
1493852593.222457,-0.699219,0.026855,-0.126953,5.187988,-5.126953,11.962891
1493852593.225005,-0.702637,0.063965,-0.185059,6.652832,-7.446289,13.427734
1493852593.227555,-0.667480,0.060547,-0.233887,9.582520,-9.033203,13.549805
1493852593.230303,-0.692871,0.080078,-0.142090,9.033203,-10.131836,11.779785
1493852593.232995,-0.693359,0.060547,-0.187988,8.911133,-11.657715,10.742188
1493852593.235679,-0.675781,0.060547,-0.237793,9.826660,-11.230469,10.131836
1493852593.238354,-0.680176,0.095703,-0.156738,8.056641,-11.047363,10.009766
1493852593.240963,-0.679199,0.093262,-0.175781,8.300781,-11.047363,10.498047
1493852593.243508,-0.648926,0.102051,-0.086914,7.446289,-12.878418,9.399414
1493852593.246053,-0.656738,0.083496,-0.108398,7.202148,-13.427734,7.690430
1493852593.248632,-0.687988,0.078125,-0.080566,5.554199,-13.671875,5.371094
1493852593.251280,-0.682129,0.112793,-0.124512,8.239746,-14.404297,3.173828
1493852593.253962,-0.686523,0.116211,-0.173340,7.141113,-13.610840,0.183105
1493852593.256640,-0.675781,0.091309,-0.204590,7.080078,-13.061523,-2.746582
1493852593.259284,-0.678223,0.089355,-0.162109,6.042480,-12.207031,-6.408691
1493852593.261858,-0.614258,0.100586,-0.214355,5.493164,-11.230469,-8.789062
1493852593.264402,-0.646484,0.052734,-0.228027,3.967285,-9.582520,-10.986328
1493852593.266950,-0.593750,0.077148,-0.130859,4.333496,-9.582520,-11.474609
1493852593.269562,-0.611816,0.058594,-0.111816,3.784180,-9.094238,-11.901855
1493852593.272172,-0.672852,0.029297,-0.137695,5.126953,-9.887695,-12.023926
1493852593.274719,-0.672363,0.030762,-0.148926,6.225586,-12.939453,-12.207031
1493852593.277266,-0.670410,0.031250,-0.177734,6.408691,-15.686035,-11.596680
1493852593.279901,-0.654785,0.054688,-0.197754,8.117676,-17.944336,-10.681152
1493852593.282604,-0.646484,0.043457,-0.147461,8.422852,-19.897461,-10.070801
1493852593.285294,-0.636719,0.044922,-0.150879,10.375977,-22.277832,-8.422852
1493852593.288103,-0.654297,0.067383,-0.152344,10.437012,-26.306152,-8.178711
1493852593.290710,-0.658691,0.053711,-0.142578,10.314941,-28.320312,-8.239746
1493852593.293257,-0.662109,0.041016,-0.148926,12.512207,-31.066895,-8.056641
1493852593.295803,-0.644531,0.043457,-0.173340,16.540527,-34.545898,-7.934570
1493852593.298371,-0.663574,0.036133,-0.089355,18.798828,-37.109375,-7.263184
1493852593.301011,-0.654297,0.021484,-0.127930,19.592285,-39.978027,-6.835938
1493852593.303691,-0.657715,0.032715,-0.101562,22.521973,-41.198730,-6.896973
1493852593.306376,-0.744141,0.052734,-0.141113,21.179199,-42.663574,-6.774902
1493852593.309093,-0.609375,0.034180,-0.080078,20.446777,-43.823242,-7.629395
1493852593.311810,-0.618652,0.041504,-0.214844,20.507812,-42.724609,-7.629395
1493852593.314490,-0.609863,0.090820,-0.160645,20.446777,-41.137695,-8.361816
1493852593.317175,-0.606445,0.089355,-0.144531,17.211914,-37.719727,-10.253906
1493852593.319834,-0.607422,0.079590,-0.148438,14.282227,-33.386230,-13.366699
1493852593.322423,-0.602051,0.070312,-0.137695,12.145996,-27.587891,-17.822266
1493852593.324977,-0.634766,0.070801,-0.120605,12.390137,-22.644043,-20.019531
1493852593.327528,-0.637695,0.085449,-0.166016,14.648438,-21.301270,-21.728516
1493852593.330055,-0.630859,0.036621,-0.069336,14.587402,-22.033691,-22.216797
1493852593.332605,-0.687012,0.041504,-0.113770,16.235352,-23.254395,-20.935059
1493852593.335154,-0.660645,0.039551,-0.041504,18.798828,-25.146484,-20.568848
1493852593.337697,-0.678711,0.018555,-0.102051,22.644043,-27.404785,-18.554688
1493852593.340395,-0.722656,0.004883,-0.063965,25.207520,-27.648926,-17.517090
1493852593.342945,-0.721680,-0.100098,-0.110840,27.832031,-29.541016,-15.991211
1493852593.345493,-0.733398,0.020996,-0.159668,28.320312,-31.982422,-15.625000
1493852593.348124,-0.698242,0.074219,-0.099121,28.564453,-32.653809,-15.502930
1493852593.350825,-0.692871,0.063965,-0.011230,27.893066,-32.897949,-16.601562
1493852593.353504,-0.694824,0.091309,-0.109375,28.198242,-31.677246,-19.531250
1493852593.356187,-0.717773,0.099121,-0.059570,29.418945,-30.029297,-22.827148
1493852593.358878,-0.640137,0.118652,-0.148438,28.625488,-27.526855,-28.015137
1493852593.361566,-0.633301,0.009277,-0.108398,28.808594,-26.550293,-33.142090
1493852593.364249,-0.678223,0.111816,-0.015137,26.977539,-23.742676,-37.170410
1493852593.366930,-0.644043,0.080078,-0.089355,25.756836,-21.423340,-40.893555
1493852593.369563,-0.537109,0.070801,-0.062012,25.878906,-18.920898,-42.236328
1493852593.372128,-0.675781,0.044434,-0.137695,25.756836,-17.822266,-41.259766
1493852593.374683,-0.684570,0.044922,-0.176758,26.245117,-17.150879,-40.893555
1493852593.377238,-0.675781,0.045898,-0.140137,26.672363,-18.859863,-40.893555
1493852593.379864,-0.662598,0.041016,-0.152832,25.390625,-20.812988,-39.672852
1493852593.382548,-0.701172,0.033203,-0.076172,26.550293,-22.155762,-38.269043
1493852593.385215,-0.745605,0.018555,-0.111328,28.259277,-22.460938,-38.024902
1493852593.387886,-0.688965,0.056152,-0.233398,29.846191,-23.925781,-38.513184
1493852593.390554,-0.681152,0.038574,-0.111328,29.846191,-23.559570,-39.306641
1493852593.393217,-0.679199,0.026367,-0.210449,31.250000,-23.559570,-39.489746
1493852593.395882,-0.665039,0.044434,-0.190430,33.142090,-23.986816,-40.100098
1493852593.398555,-0.689941,0.038574,-0.146484,34.179688,-25.329590,-39.672852
1493852593.401239,-0.683594,0.050781,-0.145996,34.667969,-26.428223,-38.574219
1493852593.403923,-0.694336,0.002441,-0.205566,35.400391,-26.428223,-38.208008
1493852593.406606,-0.695312,-0.032715,-0.150391,37.719727,-27.587891,-34.179688
1493852593.409295,-0.675781,-0.091797,-0.190430,41.320801,-44.860840,-25.451660
1493852593.411982,-0.740234,-0.109375,-0.133301,47.729492,-33.386230,-12.756348
1493852593.414666,-0.744141,0.102539,-0.195312,52.429199,-37.414551,-8.300781
1493852593.417344,-0.705078,0.070312,-0.244141,52.795410,-39.550781,-18.920898
1493852593.420023,-0.731934,0.089844,-0.118652,53.833008,-37.780762,-33.203125
1493852593.422710,-0.874512,0.072754,-0.112793,52.551270,-35.766602,-42.053223
1493852593.425506,-0.708496,0.077637,-0.119629,51.574707,-33.325195,-44.799805
1493852593.428194,-0.732422,0.060547,-0.246582,53.588867,-32.287598,-44.677734
1493852593.430877,-0.763672,0.043457,-0.056152,55.236816,-31.494141,-43.701172
1493852593.433555,-0.864258,0.028320,-0.072266,54.565430,-30.639648,-44.738770
1493852593.436236,-0.782227,0.037109,-0.015625,52.185059,-32.104492,-46.875000
1493852593.438901,-0.810059,0.230469,0.010742,49.072266,-33.142090,-49.316406
1493852593.441497,-0.800781,0.144531,0.067871,42.175293,-35.217285,-50.354004
1493852593.444047,-0.814453,0.158691,0.045410,38.208008,-36.132812,-50.354004
1493852593.446597,-0.789062,0.140137,0.099121,40.405273,-33.996582,-50.048828
1493852593.449150,-0.817383,0.179688,0.023926,42.602539,-30.761719,-50.537109
1493852593.451702,-0.790527,0.186523,-0.013184,44.799805,-30.395508,-53.222656
1493852593.454250,-0.813477,0.170898,0.020508,41.870117,-31.311035,-57.617188
1493852593.456800,-0.841797,0.185059,-0.008789,40.405273,-32.226562,-65.124512
1493852593.459403,-0.800293,0.170898,0.047363,39.428711,-30.761719,-71.472168
1493852593.462075,-0.823730,0.151855,0.104004,36.560059,-29.235840,-75.744629
1493852593.464755,-0.813477,0.190430,0.111328,32.348633,-29.602051,-77.331543
1493852593.467437,-0.834961,0.200684,0.084473,27.404785,-28.930664,-77.697754
1493852593.470131,-0.858398,0.220215,0.050781,24.597168,-29.541016,-78.796387
1493852593.472819,-0.824219,0.242676,0.061523,21.606445,-30.029297,-81.970215
1493852593.475507,-0.889648,0.233398,0.049805,18.615723,-31.738281,-86.669922
1493852593.478197,-0.911621,0.234863,0.030273,14.526367,-33.142090,-91.247559
1493852593.480884,-0.960938,0.229980,0.054199,13.183594,-35.156250,-95.092773
1493852593.483568,-0.984375,0.226074,0.097168,9.216309,-35.644531,-99.914551
1493852593.486250,-0.961914,0.227051,0.028809,6.530762,-35.339355,-103.820801
1493852593.488938,-0.964355,0.210449,0.104004,3.662109,-34.362793,-109.863281
1493852593.491629,-1.010742,0.207031,-0.044434,2.258301,-33.508301,-117.065430
1493852593.494311,-0.966309,0.192871,-0.028320,0.427246,-32.104492,-124.023438
1493852593.496996,-0.996094,0.168945,0.006836,-2.441406,-33.020020,-128.173828
1493852593.499633,-1.010742,0.183594,0.020996,-4.211426,-35.522461,-133.117676
1493852593.502195,-1.001465,0.045898,0.012695,-7.141113,-37.109375,-136.535645
1493852593.504741,-1.024902,0.187012,0.020508,-8.544922,-38.085938,-135.864258
1493852593.507290,-0.974609,0.214844,0.047363,-9.521484,-39.916992,-139.770508
1493852593.509916,-1.030762,0.218750,0.006348,-14.221191,-38.146973,-147.766113
1493852593.512616,-1.065430,0.194824,-0.076172,-17.700195,-34.973145,-150.329590
1493852593.515300,-1.059570,0.197754,-0.156738,-19.897461,-36.254883,-152.893066
1493852593.517987,-1.079590,0.261230,-0.173828,-19.348145,-33.996582,-159.118652
1493852593.520677,-1.194824,0.212402,-0.248535,-19.165039,-28.137207,-164.794922
1493852593.523360,-1.146484,0.197266,-0.147461,-19.409180,-25.268555,-168.945312
1493852593.526042,-1.200684,0.196777,-0.208984,-19.592285,-25.451660,-170.043945
1493852593.528729,-1.228516,0.187012,-0.156250,-19.653320,-28.503418,-187.377930
1493852593.531417,-1.269043,0.195312,-0.194336,-20.874023,-30.944824,-172.241211
1493852593.534099,-1.302734,0.275879,-0.261230,-23.010254,-30.029297,-172.668457
1493852593.536782,-1.395996,0.302246,-0.265137,-24.291992,-26.733398,-176.269531
1493852593.539488,-1.405762,0.332031,-0.361328,-25.146484,-26.672363,-180.725098
1493852593.542197,-1.431152,0.319824,-0.286621,-22.033691,-26.611328,-186.096191
1493852593.544885,-1.434570,0.388672,-0.431152,-17.089844,-26.977539,-191.223145
1493852593.547567,-1.423828,0.384766,-0.326172,-14.831543,-25.146484,-197.814941
1493852593.550181,-1.462402,0.361328,-0.380371,-13.732910,-20.385742,-204.406738
1493852593.552733,-1.448242,0.481934,-0.327637,-11.779785,-16.723633,-207.763672
1493852593.555286,-1.491699,0.402832,-0.390137,-9.887695,-16.296387,-207.885742
1493852593.557845,-1.530762,0.487305,-0.430176,-3.906250,-18.127441,-209.228516
1493852593.560583,-1.567871,0.544434,-0.392090,4.943848,-26.123047,-212.402344
1493852593.563267,-1.580078,0.679199,-0.441406,18.493652,-34.912109,-217.529297
1493852593.565949,-1.546875,0.783691,-0.427246,30.090332,-61.462402,-224.426270
1493852593.568658,-1.587891,0.851562,-0.347656,38.269043,-55.297852,-232.116699
1493852593.571371,-1.536133,0.933594,-0.394531,40.283203,-62.805176,-239.379883
1493852593.574056,-1.479492,1.031250,-0.349121,37.963867,-66.162109,-244.323730
1493852593.576737,-1.502441,1.037109,-0.358887,33.752441,-65.673828,-248.229980
1493852593.579425,-1.427246,1.055176,-0.256836,26.489258,-62.927246,-254.516602
1493852593.582113,-1.455566,1.027832,-0.202148,14.038086,-60.791016,-263.977051
1493852593.584792,-1.416992,0.980469,-0.199219,0.305176,-56.518555,-276.123047
1493852593.587471,-1.470703,0.919434,-0.203125,-15.991211,-49.011230,-289.794922
1493852593.590167,-1.462891,0.770996,-0.218750,-31.799316,-42.602539,-306.457520
1493852593.592855,-1.500977,0.562500,-0.026367,-39.978027,-42.663574,-315.490723
1493852593.595540,-1.581543,0.304199,-0.120605,-45.104980,-49.682617,-349.853516
1493852593.598209,-1.648926,-0.107910,-0.025391,-47.668457,-57.495117,-371.459961
1493852593.600811,-1.666504,-0.188965,0.018555,-42.602539,-63.049316,-377.807617
1493852593.603362,-1.666992,-0.287598,-0.070312,-28.381348,-68.603516,-397.644043
1493852593.605911,-1.578125,-0.127930,-0.202637,-1.037598,-71.899414,-411.560059
1493852593.608505,-1.530762,0.068848,-0.323242,15.258789,-76.782227,-412.902832
1493852593.611171,-1.477051,0.269043,-0.479980,53.527832,-88.623047,-397.094727
1493852593.613856,-1.513672,0.511230,-0.423340,83.984375,-106.750488,-363.464355
1493852593.616539,-1.433105,0.695312,-0.554688,89.111328,-116.516113,-321.228027
1493852593.619223,-1.372070,0.728027,-0.453613,73.425293,-124.877930,-281.921387
1493852593.621909,-1.222168,0.681641,-0.449707,41.687012,-97.656250,-259.033203
1493852593.624588,-1.177734,0.555176,-0.404297,10.192871,-70.495605,-256.591797
1493852593.627268,-1.129883,0.322754,-0.595703,-8.850098,-47.851562,-272.888184
1493852593.629952,-1.029785,0.175781,-0.433105,-8.117676,-50.903320,-297.912598
1493852593.632638,-0.894531,0.111816,-0.447266,8.850098,-47.119141,-323.669434
1493852593.635316,-1.052734,0.236816,-0.449219,27.770996,-52.795410,-343.017578
1493852593.637990,-1.043945,0.191406,-0.460938,43.334961,-63.171387,-352.478027
1493852593.640598,-1.026367,0.340820,-0.551270,48.583984,-72.082520,-352.294922
1493852593.643151,-1.024414,0.419922,-0.400391,44.433594,-76.721191,-344.665527
1493852593.645702,-0.966309,0.511719,-0.306152,36.743164,-73.425293,-328.308105
1493852593.648269,-0.916504,0.561035,-0.380371,34.667969,-62.377930,-305.908203
1493852593.650897,-0.852539,0.607910,-0.455078,34.179688,-44.006348,-279.724121
1493852593.653562,-0.716309,0.669434,-0.385254,38.696289,-23.315430,-250.244141
1493852593.656224,-0.644043,0.685547,-0.400391,46.020508,-5.249023,-222.229004
1493852593.658885,-0.618652,0.702637,-0.434082,53.771973,9.399414,-199.157715
1493852593.661539,-0.397461,0.718750,-0.449707,63.598633,16.296387,-181.823730
1493852593.664183,-0.325684,0.731934,-0.416016,83.923340,32.287598,-169.433594
1493852593.666826,-0.206055,0.514160,-0.314453,118.164062,51.696777,-160.034180
1493852593.669499,-0.223633,0.318848,-0.270020,153.076172,61.950684,-161.621094
1493852593.672191,-0.258789,0.089844,-0.196777,171.997070,60.791016,-174.255371
1493852593.674874,-0.169922,-0.178711,-0.097656,178.222656,56.640625,-199.707031
1493852593.677560,-0.236328,-0.421387,0.187988,194.152832,67.199707,-236.145020
1493852593.680247,-0.289062,-0.550293,0.141602,220.764160,81.665039,-277.465820
1493852593.682935,-0.341797,-0.562500,-0.134277,232.543945,81.298828,-298.645020
1493852593.685621,-0.372559,-0.333496,-0.556641,192.871094,63.293457,-269.714355
1493852593.688304,-0.302734,-0.151367,-0.837891,64.758301,17.395020,-187.500000
1493852593.690920,-0.254883,-0.190918,-0.405762,-70.800781,-34.240723,-88.928223
1493852593.693474,-0.144043,-0.341797,-0.044434,-128.845215,-80.871582,-30.883789
1493852593.696141,-0.145996,-0.443359,0.036621,-103.210449,-110.168457,58.959961
1493852593.698712,-0.208496,-0.471680,-0.066406,-61.706543,-119.506836,122.863770
1493852593.701288,-0.278809,-0.319824,-0.156250,-20.812988,-117.431641,164.245605
1493852593.703841,-0.348633,-0.091797,-0.222656,-28.930664,-111.206055,187.988281
1493852593.706389,-0.372559,0.166016,-0.175781,-42.907715,-109.191895,201.721191
1493852593.708976,-0.338379,0.552246,-0.085938,-53.405762,-103.637695,215.698242
1493852593.711640,-0.346680,0.660645,-0.144531,-51.574707,-93.444824,234.436035
1493852593.714325,-0.242188,0.940918,-0.213867,-39.794922,-78.247070,255.859375
1493852593.717007,-0.226562,1.083008,-0.216309,-28.442383,-60.241699,269.287109
1493852593.719692,-0.223633,1.190918,-0.241211,-24.169922,-44.372559,270.996094
1493852593.722380,-0.004883,1.183105,-0.255859,-33.996582,-30.029297,250.915527
1493852593.725060,0.096680,1.153320,-0.233887,-45.471191,-24.475098,231.750488
1493852593.727745,0.190918,1.094238,-0.202637,-59.387207,-13.122559,202.758789
1493852593.730432,0.247559,1.027344,-0.122559,-62.133789,-2.319336,167.663574
1493852593.733117,0.270996,0.892090,-0.118652,-58.532715,8.605957,131.774902
1493852593.735801,0.269043,0.798828,-0.126465,-52.368164,19.714355,116.210938
1493852593.738490,0.185059,0.705566,-0.160645,-50.415039,28.381348,92.102051
1493852593.741178,0.088867,0.574707,-0.207520,-49.987793,32.470703,77.819824
1493852593.743859,0.005371,0.499023,-0.155762,-51.757812,32.958984,72.509766
1493852593.746543,-0.122070,0.375000,-0.113281,-52.551270,33.691406,74.340820
1493852593.749208,-0.248535,0.308594,-0.190918,-51.879883,35.583496,80.505371
1493852593.751801,-0.187988,0.133301,-0.197266,-50.292969,39.978027,89.477539
1493852593.754353,-0.222656,0.207031,-0.139648,-49.072266,43.457031,99.670410
1493852593.756903,-0.212402,0.160645,-0.133301,-48.156738,43.884277,108.581543
1493852593.759521,-0.156250,0.244141,-0.134277,-48.950195,44.372559,118.103027
1493852593.762210,-0.175293,0.103027,-0.218262,-47.729492,41.870117,128.356934
1493852593.764894,-0.166992,0.093750,-0.183594,-46.447754,38.818359,140.563965
1493852593.767578,-0.163574,0.101074,-0.158691,-45.776367,34.606934,153.625488
1493852593.770307,-0.239258,0.126953,-0.229980,-46.325684,31.799316,166.320801
1493852593.772990,-0.111328,0.124512,-0.175293,-48.461914,31.555176,176.391602
1493852593.775671,-0.133789,0.130859,-0.172852,-51.086426,31.494141,185.424805
1493852593.778358,-0.162109,0.126465,-0.164551,-53.466797,31.921387,193.725586
1493852593.781049,-0.170898,0.149902,-0.231445,-57.434082,31.555176,201.354980
1493852593.783735,-0.159180,0.161621,-0.162598,-57.861328,30.517578,209.106445
1493852593.786417,-0.251465,0.175293,-0.149902,-58.654785,29.968262,212.829590
1493852593.789102,-0.213379,0.155762,-0.233398,-58.349609,29.357910,219.848633
1493852593.791786,-0.245117,0.159668,-0.031738,-56.213379,30.395508,225.341797
1493852593.794465,-0.230469,0.169434,-0.165527,-54.504395,31.799316,230.712891
1493852593.797143,-0.148438,0.126953,-0.120605,-51.574707,33.691406,235.656738
1493852593.799770,-0.253906,0.152344,-0.168457,-50.903320,34.973145,241.699219
1493852593.802328,-0.249512,0.154785,-0.186523,-50.476074,38.452148,246.520996
1493852593.804877,-0.304199,0.140625,-0.156738,-49.072266,40.039062,251.892090
1493852593.807432,-0.302734,0.166504,-0.190430,-46.875000,40.283203,256.591797
1493852593.810071,-0.301758,0.150391,-0.129883,-44.799805,41.137695,260.437012
1493852593.812779,-0.297852,0.175293,-0.156738,-42.541504,41.320801,263.610840
1493852593.815466,-0.276855,0.211914,-0.148926,-40.222168,42.236328,264.953613
1493852593.818159,-0.314453,0.213867,-0.117188,-36.987305,41.381836,264.587402
1493852593.820851,-0.301758,0.190430,-0.130371,-33.264160,43.029785,264.526367
1493852593.823536,-0.310059,0.191406,-0.146484,-28.686523,43.884277,265.502930
1493852593.826220,-0.337402,0.194336,-0.173828,-24.963379,44.433594,269.470215
1493852593.828909,-0.320312,0.212402,-0.205566,-23.193359,45.166016,274.963379
1493852593.831598,-0.457031,0.183594,-0.226562,-20.996094,45.776367,282.775879
1493852593.834388,-0.433594,0.177734,-0.208984,-17.517090,46.264648,290.405273
1493852593.837073,-0.469727,0.169922,-0.219238,-15.380859,46.508789,298.278809
1493852593.839714,-0.408203,0.195801,-0.142090,-13.366699,47.119141,306.274414
1493852593.842283,-0.433594,0.208496,-0.173828,-9.887695,47.607422,309.020996
1493852593.844834,-0.434570,0.203613,-0.132324,-6.835938,49.438477,314.025879
1493852593.847383,-0.472656,0.248535,-0.206543,-2.136230,50.598145,314.758301
1493852593.849962,-0.481934,0.259277,-0.229004,15.014648,52.001953,315.063477
1493852593.852548,-0.528809,0.288574,-0.142090,2.319336,52.978516,314.514160
1493852593.855094,-0.528809,0.300781,-0.158203,4.577637,53.894043,314.147949
1493852593.857640,-0.528320,0.303711,-0.163574,6.225586,53.833008,313.110352
1493852593.860307,-0.539551,0.296875,-0.112793,9.826660,54.504395,310.729980
1493852593.862983,-0.534180,0.297363,-0.200195,12.207031,58.227539,310.180664
1493852593.865660,-0.592285,0.251953,-0.154297,13.549805,61.767578,308.410645
1493852593.868347,-0.591309,0.258301,-0.141113,12.145996,64.331055,309.204102
1493852593.871039,-0.572266,0.257812,-0.173340,9.155273,67.138672,311.340332
1493852593.873722,-0.611816,0.230469,-0.197266,8.483887,70.556641,314.025879
1493852593.876403,-0.739258,0.202148,-0.184570,6.835938,73.608398,315.673828
1493852593.879092,-0.687012,0.203613,-0.165527,5.737305,76.416016,320.129395
1493852593.881778,-0.712402,0.185547,-0.142578,5.065918,79.162598,324.096680
1493852593.884455,-0.714844,0.200195,-0.217773,2.929688,80.566406,328.125000
1493852593.887135,-0.743164,0.208984,-0.296387,3.112793,81.420898,332.641602
1493852593.889760,-0.786133,0.200684,-0.154785,2.929688,83.007812,337.463379
1493852593.892318,-0.802246,0.226074,-0.194824,2.075195,84.777832,341.979980
1493852593.894866,-0.841797,0.244629,-0.192383,1.831055,86.425781,345.642090
1493852593.897413,-0.866699,0.275879,-0.265137,0.549316,87.951660,348.876953
1493852593.900025,-0.841797,0.288574,-0.261719,0.244141,90.026855,352.600098
1493852593.902706,-0.904297,0.289062,-0.203613,-0.793457,91.369629,356.079102
1493852593.905385,-0.939453,0.319824,-0.288574,-0.183105,93.872070,358.520508
1493852593.908086,-1.005859,0.345215,-0.265625,-2.014160,95.947266,360.046387
1493852593.910787,-1.055664,0.378418,-0.265137,-6.042480,98.266602,360.351562
1493852593.913464,-1.065918,0.378418,-0.294922,-5.371094,102.172852,357.971191
1493852593.916140,-1.164551,0.338867,-0.224609,-6.591797,107.604980,356.384277
1493852593.918820,-1.250000,0.489746,-0.295898,-5.676270,112.243652,353.759766
1493852593.921499,-1.279785,0.360840,-0.349609,-6.469727,117.614746,351.379395
1493852593.924179,-1.403809,0.329590,-0.311035,-7.568359,121.582031,350.036621
1493852593.926858,-1.468750,0.304199,-0.339355,-7.873535,124.450684,349.792480
1493852593.929543,-1.500488,0.294922,-0.445312,-9.521484,127.685547,348.999023
1493852593.932231,-1.573242,0.225586,-0.394531,-9.704590,130.920410,348.876953
1493852593.934911,-1.646973,0.175781,-0.418945,-11.779785,133.483887,349.121094
1493852593.937593,-1.688965,0.143066,-0.414062,-13.854980,136.108398,349.121094
1493852593.940254,-1.746582,0.099121,-0.467285,-17.456055,139.587402,349.975586
1493852593.942807,-1.804199,0.020508,-0.427734,-23.864746,143.615723,349.792480
1493852593.945357,-1.896973,-0.103027,-0.597168,-43.151855,158.752441,349.548340
1493852593.947938,-1.879883,-0.181152,-0.418945,-31.005859,153.808594,347.412109
1493852593.950593,-1.833008,-0.346680,-0.243652,-42.663574,161.071777,343.566895
1493852593.953279,-1.865723,-0.564453,-0.052246,-47.790527,162.292480,341.064453
1493852593.955963,-1.848633,-0.588867,-0.231445,-47.973633,172.851562,341.796875
1493852593.958668,-1.865723,-0.580078,-0.407715,-42.175293,174.926758,349.609375
1493852593.961374,-1.936035,-0.516602,-0.285156,-44.189453,171.386719,362.304688
1493852593.964057,-1.934082,-0.535156,-0.218262,-51.391602,143.798828,373.962402
1493852593.966744,-1.905762,-0.594727,-0.109863,-56.335449,154.479980,377.624512
1493852593.969437,-1.949707,-0.526855,-0.068359,-52.612305,158.569336,370.178223
1493852593.972238,-1.995117,-0.658691,-0.100586,-45.349121,166.381836,353.820801
1493852593.974921,-2.002441,-0.678223,-0.121094,-42.907715,172.180176,333.679199
1493852593.977603,-2.042969,-0.714844,-0.043457,-42.663574,173.767090,312.866211
1493852593.980337,-2.072266,-0.775391,-0.045898,-41.687012,171.386719,295.593262
1493852593.983021,-2.040527,-0.827637,-0.047852,-39.916992,168.579102,282.653809
1493852593.985703,-2.065430,-0.929199,0.105469,-35.705566,165.466309,272.888184
1493852593.988376,-2.019043,-1.022461,0.080078,-33.325195,159.729004,264.526367
1493852593.990978,-1.992188,-1.105469,0.030273,-32.836914,156.250000,260.925293
1493852593.993531,-1.971191,-1.169922,0.110840,-30.883789,152.343750,236.694336
1493852593.996085,-1.888184,-1.216797,0.147461,-31.738281,148.803711,242.736816
1493852593.998688,-1.769043,-1.273926,0.319824,-32.287598,144.348145,231.567383
1493852594.001359,-1.859375,-1.355469,0.414551,-36.010742,138.061523,219.421387
1493852594.004043,-1.808594,-1.438965,0.449219,-38.452148,133.911133,206.298828
1493852594.006725,-1.819824,-1.570312,0.421875,-41.992188,133.850098,191.345215
1493852594.009406,-1.791992,-1.650879,0.393555,-39.184570,133.056641,176.025391
1493852594.012090,-1.685059,-1.728516,0.283203,-35.766602,124.877930,159.790039
1493852594.014777,-1.747559,-1.873047,0.302246,-36.987305,113.891602,142.272949
1493852594.017459,-1.529297,-2.190918,0.272461,-43.762207,99.426270,121.704102
1493852594.020152,-1.385742,-2.351074,0.270996,-48.889160,88.439941,96.801758
1493852594.022831,-1.348633,-2.501953,0.388672,-49.377441,80.017090,72.265625
1493852594.025510,-1.271484,-2.509766,0.334961,-45.166016,74.768066,47.058105
1493852594.028196,-1.222168,-2.445801,0.318359,-37.841797,48.156738,26.611328
1493852594.030879,-1.234863,-2.201660,0.362793,-30.273438,46.569824,10.314941
1493852594.033562,-1.147949,-1.933105,0.327637,-22.705078,9.277344,-13.305664
1493852594.036242,-1.154785,-1.731934,0.370605,-25.085449,8.178711,-44.311523
1493852594.038896,-1.222656,-1.601074,0.356445,-33.935547,0.610352,-83.007812
1493852594.041479,-1.489746,-1.685059,0.365234,-38.024902,-0.976562,-117.797852
1493852594.044026,-1.449219,-1.681152,0.319824,-30.151367,-16.784668,-146.728516
1493852594.046580,-1.333496,-1.480469,0.148438,-24.597168,-40.588379,-155.395508
1493852594.049182,-1.212402,-1.407227,0.229980,-44.494629,-61.096191,-182.006836
1493852594.051854,-1.208984,-1.561035,0.431152,-56.945801,-57.617188,-200.317383
1493852594.054539,-1.451172,-1.163574,0.175781,-50.903320,-52.978516,-197.387695
1493852594.057222,-1.626953,-0.875977,-0.201660,-39.672852,-34.179688,-196.289062
1493852594.059913,-1.327637,-0.567871,0.793945,-5.920410,51.635742,-205.810547
1493852594.062600,-1.044434,-0.070312,0.226074,17.089844,104.431152,-196.105957
1493852594.065282,-0.974121,0.484375,0.541504,73.425293,110.778809,-155.944824
1493852594.067988,-0.942871,1.244141,-0.276855,108.520508,78.674316,-90.942383
1493852594.070694,-0.922852,1.689941,-0.341309,166.137695,75.500488,-14.282227
1493852594.073379,-1.080078,2.132812,-0.382812,182.189941,67.382812,53.649902
1493852594.076060,-1.199219,2.582031,-0.619141,175.964355,27.648926,101.928711
1493852594.078746,-1.242676,2.992676,-0.556152,149.108887,-39.001465,123.229980
1493852594.081434,-1.214844,3.240723,-0.406738,114.318848,-104.370117,100.341797
1493852594.084116,-1.136719,2.994629,-0.002930,88.256836,-160.827637,11.352539
1493852594.086800,-1.029785,2.590820,0.098633,57.556152,-173.461914,-142.761230
1493852594.089445,-0.948242,1.945801,0.272461,29.602051,-180.908203,-325.134277
1493852594.092020,-0.655762,1.108887,0.435059,-2.441406,-163.024902,-482.849121
1493852594.094568,-0.343262,0.341309,0.471680,-15.197754,-131.774902,-589.294434
1493852594.097120,-0.199219,-0.272949,0.475098,-3.112793,-94.848633,-627.624512
1493852594.099694,-0.159180,-0.733398,0.416504,5.676270,-69.702148,-667.297363
1493852594.102270,-0.122070,-1.215820,0.472656,8.666992,-56.396484,-671.875000
1493852594.104817,-0.175781,-1.644043,0.455566,8.483887,-46.691895,-644.470215
1493852594.107364,-0.378418,-1.816406,0.349609,3.051758,-2.746582,-593.261719
1493852594.110116,-0.799316,-1.751465,0.077148,-7.202148,-0.549316,-519.958496
1493852594.112797,-1.326660,-1.568848,-0.014648,-25.512695,7.202148,-445.434570
1493852594.115474,-2.016602,-1.340820,0.104492,-44.250488,9.948730,-373.535156
1493852594.118157,-2.437012,-0.926758,0.063965,-21.362305,-3.051758,-318.664551
1493852594.120841,-2.413574,-0.635742,-0.124512,23.559570,-18.249512,-275.939941
1493852594.123527,-1.810059,-0.438477,-0.250000,65.246582,-57.861328,-226.013184
1493852594.126214,-1.341309,-0.161621,-0.384766,93.444824,-77.087402,-163.513184
1493852594.128900,-1.007812,-0.011719,-0.382324,115.661621,-98.632812,-107.177734
1493852594.131588,-0.775391,0.072266,-0.453613,123.718262,-117.309570,-74.096680
1493852594.134270,-0.574219,0.212891,-0.488770,124.023438,-128.662109,-59.082031
1493852594.136949,-0.436035,0.304688,-0.455078,118.591309,-132.934570,-64.392090
1493852594.139602,-0.307617,0.258301,-0.480957,110.900879,-126.892090,-87.463379
1493852594.142184,-0.241699,0.451660,-0.511719,100.158691,-114.990234,-119.140625
1493852594.144732,-0.253906,0.476074,-0.630371,79.895020,-97.534180,-140.075684
1493852594.147284,-0.188965,0.433105,-0.668457,53.283691,-74.829102,-176.513672
1493852594.149911,-0.181152,0.330566,-0.662109,22.521973,-51.879883,-206.298828
1493852594.152606,-0.255859,0.196777,-0.569336,-18.981934,-33.386230,-229.919434
1493852594.155288,-0.364746,-0.047363,-0.658203,-64.392090,-23.437500,-247.070312
1493852594.157978,-0.563965,-0.157715,-0.611328,-104.431152,-27.648926,-251.953125
1493852594.160668,-0.642578,-0.314453,-0.484863,-141.723633,-40.100098,-238.830566
1493852594.163348,-0.785156,-0.692871,-0.192383,-155.151367,-58.898926,-221.435547
1493852594.166028,-0.911621,-0.772461,0.067383,-167.358398,-84.167480,-207.946777
1493852594.168718,-1.041992,-0.866211,0.108398,-162.780762,-105.041504,-185.546875
1493852594.171407,-1.094727,-0.899414,0.220215,-146.972656,-109.863281,-155.151367
1493852594.174089,-1.117676,-0.815918,0.132324,-120.544434,-95.397949,-117.492676
1493852594.176772,-0.994141,-0.514160,-0.004883,-91.979980,-83.374023,-71.899414
1493852594.179479,-0.875977,-0.382324,-0.076172,-70.983887,-64.270020,-30.395508
1493852594.182179,-0.823730,-0.310547,-0.077148,-60.302734,-49.926758,-3.479004
1493852594.184855,-0.697754,-0.143555,-0.099121,-57.556152,-62.927246,8.178711
1493852594.187630,-0.567383,-0.084473,0.063477,-54.687500,-90.209961,10.070801
1493852594.190289,-0.626465,-0.057617,0.077637,-50.415039,-91.918945,4.882812
1493852594.192841,-0.631348,-0.041504,0.160156,-43.273926,-105.224609,-3.662109
1493852594.195421,-0.644531,-0.038086,0.261719,-32.287598,-106.506348,-7.934570
1493852594.198029,-0.597168,-0.024414,0.233887,-24.414062,-90.637207,-31.250000
1493852594.200649,-0.525391,-0.013184,0.097656,-17.639160,-63.415527,-23.681641
1493852594.203293,-0.552734,0.022949,-0.042480,-20.935059,-34.301758,-26.245117
1493852594.205978,-0.525391,0.087891,-0.173828,-25.939941,-14.770508,-23.620605
1493852594.208673,-0.574219,0.120605,-0.150879,-32.714844,-8.728027,-19.653320
1493852594.211320,-0.619629,0.003418,-0.084961,-31.799316,-15.625000,-19.409180
1493852594.213964,-0.646973,0.099609,0.003418,-30.029297,-24.963379,-22.399902
1493852594.216614,-0.660645,0.090820,0.030762,-23.071289,-32.043457,-26.916504
1493852594.219289,-0.700195,0.060059,0.074219,-18.188477,-30.029297,-32.958984
1493852594.221975,-0.733887,0.056641,-0.016602,-16.052246,-22.583008,-37.109375
1493852594.224655,-0.679199,0.055664,-0.019531,-17.150879,-12.878418,-38.330078
1493852594.227336,-0.706055,0.047852,-0.109375,-20.446777,-3.906250,-37.048340
1493852594.230016,-0.690918,0.044434,-0.109863,-21.850586,-2.136230,-35.034180
1493852594.232694,-0.634277,0.034180,-0.044434,-22.644043,-2.197266,-33.020020
1493852594.235372,-0.629883,0.027344,-0.153809,-23.986816,-5.615234,-30.395508
1493852594.238062,-0.502930,0.013184,-0.124512,-22.644043,-7.751465,-28.686523
1493852594.240683,-0.728516,0.028809,-0.166016,-20.507812,-10.620117,-27.038574
1493852594.243231,-0.598633,0.008789,-0.169922,-19.714355,-10.681152,-26.000977
1493852594.245892,-0.654297,-0.121582,-0.135254,-21.545410,-8.483887,-25.756836
1493852594.248466,-0.638672,-0.116211,-0.119629,-21.972656,-7.080078,-25.085449
1493852594.251109,-0.634277,0.000000,-0.045898,-22.277832,-5.126953,-23.254395
1493852594.253788,-0.672363,0.006836,-0.105469,-21.545410,-2.624512,-20.507812
1493852594.256464,-0.660645,0.015137,-0.166504,-20.141602,-2.319336,-16.357422
1493852594.259148,-0.660156,0.011230,-0.109863,-18.005371,-3.845215,-12.573242
1493852594.261834,-0.698242,-0.006836,-0.101562,-16.479492,-5.004883,-9.155273
1493852594.264508,-0.683105,0.007812,-0.140137,-13.488770,-6.713867,-6.774902
1493852594.267181,-0.711426,0.024414,-0.035645,-11.962891,-8.056641,-4.943848
1493852594.269876,-0.729004,0.017578,-0.083984,-9.338379,-10.803223,-1.586914
1493852594.272576,-0.741211,-0.000488,-0.137695,-7.385254,-13.183594,0.183105
1493852594.275250,-0.727539,0.022461,-0.121094,-4.028320,-14.526367,1.586914
1493852594.277929,-0.739746,0.052246,-0.196777,15.197754,-15.563965,2.563477
1493852594.280612,-0.703125,0.017090,-0.141113,1.586914,-16.601562,3.906250
1493852594.283284,-0.738281,0.018555,-0.183105,1.586914,-17.700195,5.310059
1493852594.285957,-0.668457,0.050293,-0.193359,2.746582,-17.944336,5.798340
1493852594.288639,-0.668457,0.054199,-0.033203,2.807617,-21.240234,6.713867
1493852594.291249,-0.557129,0.052734,-0.287109,4.699707,-24.169922,7.873535
1493852594.293789,-0.635742,0.058594,-0.171875,9.948730,-23.437500,7.446289
1493852594.296332,-0.652832,0.046387,-0.042480,10.070801,-23.071289,6.286621
1493852594.298932,-0.660156,0.067383,-0.181641,7.873535,-23.315430,3.540039
1493852594.301599,-0.656738,0.050781,-0.128418,6.652832,-20.996094,2.258301
1493852594.304275,-0.666992,0.057617,-0.071777,4.516602,-20.080566,0.732422
1493852594.306953,-0.656250,0.085449,-0.015625,6.225586,-21.667480,-0.183105
1493852594.309654,-0.650879,0.096680,-0.045898,7.263184,-21.972656,-1.220703
1493852594.312357,-0.680176,0.066406,-0.061523,7.080078,-22.521973,-2.807617
1493852594.315033,-0.700684,0.116211,-0.119141,5.737305,-22.949219,-4.516602
1493852594.317716,-0.670410,0.080078,-0.143555,6.042480,-21.118164,-6.835938
1493852594.320399,-0.676758,0.071777,-0.031738,6.225586,-19.592285,-9.338379
1493852594.323081,-0.632324,0.097168,-0.109863,6.652832,-17.883301,-10.681152
1493852594.325767,-0.634766,0.064453,-0.064453,6.225586,-17.089844,-12.634277
1493852594.328473,-0.640137,0.033203,-0.107422,5.981445,-15.625000,-14.648438
1493852594.331180,-0.621094,0.046875,-0.052246,6.530762,-15.747070,-16.296387
1493852594.333863,-0.650391,0.039551,-0.239746,8.544922,-15.319824,-16.479492
1493852594.336544,-0.675781,0.038574,-0.144531,8.972168,-16.601562,-15.319824
1493852594.339193,-0.739258,0.048340,-0.166992,11.840820,-17.944336,-14.465332
1493852594.341777,-0.660645,0.002930,-0.140137,11.413574,-18.615723,-12.939453
1493852594.344328,-0.663574,0.007812,-0.197266,13.183594,-20.324707,-12.268066
1493852594.346876,-0.650879,0.017578,-0.205078,13.854980,-22.949219,-11.413574
1493852594.349444,-0.663574,0.012207,-0.196777,17.333984,-26.733398,-10.437012
1493852594.352015,-0.651855,0.024902,-0.156250,19.165039,-31.005859,-9.094238
1493852594.354562,-0.687012,0.017090,-0.077637,20.629883,-35.095215,-7.995605
1493852594.357108,-0.640137,0.026855,-0.139648,20.629883,-36.499023,-7.629395
1493852594.359729,-0.513184,0.051758,-0.121582,18.249512,-37.048340,-5.676270
1493852594.362423,-0.616699,0.045898,-0.165527,18.066406,-35.583496,-3.967285
1493852594.365105,-0.614746,0.050781,-0.058594,18.127441,-35.095215,-4.577637
1493852594.367789,-0.608887,0.065918,-0.036621,19.470215,-35.217285,-6.408691
1493852594.370473,-0.645996,0.034180,-0.083496,19.409180,-33.691406,-8.605957
1493852594.373156,-0.503418,0.066406,-0.078125,20.935059,-33.203125,-11.108398
1493852594.375838,-0.597656,0.036621,-0.056152,20.874023,-16.479492,-12.939453
1493852594.378528,-0.623047,0.055664,-0.112793,20.996094,-30.090332,-14.831543
1493852594.381221,-0.604492,0.087891,-0.179199,18.859863,-29.235840,-17.089844
1493852594.384016,-0.641113,0.092773,-0.077148,16.723633,-27.343750,-19.348145
1493852594.386700,-0.687012,0.079590,-0.095703,16.357422,-25.390625,-20.812988
1493852594.389390,-0.678711,0.048340,-0.184570,16.723633,-23.498535,-21.484375
1493852594.392080,-0.690918,0.031738,-0.093262,15.075684,-22.521973,-22.155762
1493852594.394761,-0.682129,0.039551,-0.117188,15.502930,-23.071289,-23.254395
1493852594.397444,-0.722168,0.031250,-0.067383,17.822266,-24.291992,-23.498535
1493852594.400075,-0.678223,0.010742,-0.082031,20.629883,-25.146484,-22.949219
1493852594.402627,-0.673340,0.022461,-0.059570,22.338867,-26.245117,-22.399902
1493852594.405177,-0.685547,0.038574,-0.049805,21.850586,-27.221680,-21.423340
1493852594.407749,-0.635742,0.025391,-0.123047,19.104004,-27.770996,-19.470215
1493852594.410389,-0.696777,0.053711,-0.109863,20.141602,-27.526855,-18.310547
1493852594.413070,-0.700684,0.043945,-0.122559,19.836426,-29.052734,-17.883301
1493852594.415754,-0.695312,0.024902,-0.188965,22.460938,-30.761719,-17.822266
1493852594.418460,-0.692383,0.022949,-0.060059,23.803711,-32.165527,-18.554688
1493852594.421165,-0.658691,0.050293,-0.142578,24.047852,-33.203125,-19.348145
1493852594.423847,-0.648926,0.048340,-0.085938,22.583008,-32.836914,-21.545410
1493852594.426529,-0.682129,0.049805,-0.099609,23.437500,-31.982422,-23.193359
1493852594.429212,-0.663574,0.080566,-0.064453,23.498535,-33.203125,-25.024414
1493852594.431899,-0.656738,0.027344,-0.077637,22.399902,-31.982422,-25.390625
1493852594.434582,-0.674805,0.060059,-0.071777,23.559570,-32.287598,-25.268555
1493852594.437265,-0.636230,0.048828,-0.101074,23.925781,-32.348633,-27.893066
1493852594.439959,-0.666992,0.038574,-0.091797,22.338867,-32.165527,-29.113770
1493852594.442650,-0.688965,0.036621,-0.022949,25.512695,-31.860352,-28.808594
1493852594.445335,-0.645508,0.041504,-0.090820,25.939941,-32.287598,-30.883789
1493852594.448042,-0.560059,0.026367,-0.041016,21.606445,-15.991211,-34.179688
1493852594.450677,-0.656250,0.028809,-0.099121,22.277832,-28.747559,-37.475586
1493852594.453227,-0.633301,0.006836,-0.047852,23.986816,-24.902344,-39.489746
1493852594.455779,-0.642578,0.030762,-0.060547,24.536133,-22.033691,-40.161133
1493852594.458339,-0.630371,0.111816,-0.089844,26.062012,-20.080566,-41.564941
1493852594.460897,-0.625000,0.003418,-0.101074,27.343750,-19.226074,-42.419434
1493852594.463448,-0.632324,-0.002930,-0.136230,27.221680,-18.981934,-43.579102
1493852594.465997,-0.633301,-0.010254,-0.111328,26.550293,-17.578125,-43.395996
1493852594.468586,-0.675293,-0.112793,-0.173340,28.442383,-0.671387,-42.846680
1493852594.471243,-0.700684,-0.034180,-0.123047,31.738281,-14.221191,-42.419434
1493852594.473927,-0.729492,-0.014648,-0.027344,35.644531,-12.390137,-41.381836
1493852594.476614,-0.729004,-0.010742,-0.136230,35.949707,-13.427734,-41.320801
1493852594.479304,-0.716309,-0.006348,-0.068359,34.790039,-12.695312,-42.785645
1493852594.481995,-0.642090,-0.007324,-0.064453,36.254883,-12.268066,-44.006348
1493852594.484679,-0.716309,0.108887,-0.101074,41.198730,-12.634277,-43.151855
1493852594.487361,-0.757324,-0.003418,-0.058105,43.457031,-11.779785,-42.724609
1493852594.490070,-0.762695,0.005371,-0.110840,43.151855,-13.854980,-43.334961
1493852594.492779,-0.769531,0.003418,-0.075684,42.358398,-17.150879,-42.175293
1493852594.495461,-0.791504,0.009277,-0.001465,43.273926,-20.446777,-41.564941
1493852594.498151,-0.801758,0.063965,-0.025391,41.503906,-23.803711,-40.222168
1493852594.500839,-0.823242,0.106445,0.000000,38.330078,-27.587891,-40.832520
1493852594.503517,-0.813965,0.120605,0.071777,38.696289,-26.916504,-40.710449
1493852594.506199,-0.831543,0.112793,-0.026367,43.884277,-22.827148,-41.137695
1493852594.508857,-0.815918,0.236328,0.016602,45.104980,-19.836426,-42.846680
1493852594.511445,-0.815430,0.114746,0.068359,42.541504,-20.629883,-45.043945
1493852594.513995,-0.764648,0.227051,0.043457,42.236328,-22.460938,-47.973633
1493852594.516547,-0.721680,0.097656,0.075195,42.175293,-25.634766,-51.452637
1493852594.519144,-0.724609,0.241699,0.017090,40.649414,-27.343750,-54.199219
1493852594.521919,-0.719238,0.159668,0.063477,39.550781,-28.991699,-56.030273
1493852594.524602,-0.773438,0.144531,0.108398,36.682129,-28.930664,-57.128906
1493852594.527288,-0.781250,0.162598,0.099121,32.165527,-29.785156,-58.349609
1493852594.529980,-0.667480,0.197754,0.096191,27.587891,-29.357910,-60.852051
1493852594.532667,-0.794922,0.217773,0.090820,23.193359,-29.296875,-65.917969
1493852594.535347,-0.753906,0.251465,0.065430,19.409180,-29.663086,-73.486328
1493852594.538051,-0.813965,0.222168,0.184570,16.296387,-30.395508,-80.078125
1493852594.540758,-0.825684,0.248535,0.127441,11.291504,-30.822754,-85.693359
1493852594.543442,-0.844727,0.358887,0.090820,6.103516,-28.747559,-91.857910
1493852594.546124,-0.864746,0.367676,0.055176,2.075195,-26.977539,-97.717285
1493852594.548810,-0.882324,0.238281,-0.024902,-4.089355,-23.986816,-105.102539
1493852594.551493,-0.890137,0.201172,-0.056641,-7.690430,-22.094727,-111.022949
1493852594.554171,-0.977051,0.122559,0.019043,-10.314941,-22.766113,-114.746094
1493852594.556853,-1.014648,0.078613,-0.041016,-9.521484,-25.756836,-114.685059
1493852594.559490,-1.018555,0.033203,-0.044922,-6.835938,-29.602051,-110.961914
1493852594.562060,-1.081543,-0.112793,-0.059570,-4.577637,-34.484863,-107.727051
1493852594.564610,-1.082031,0.017090,0.019531,-2.014160,-40.344238,-102.600098
1493852594.567155,-1.052734,0.051758,0.055176,-1.403809,-44.982910,-99.731445
1493852594.569769,-1.060547,0.242188,0.002930,0.671387,-50.659180,-100.524902
1493852594.572457,-1.058105,0.201172,0.004395,2.685547,-53.771973,-106.933594
1493852594.575137,-1.092285,0.269531,-0.032715,3.051758,-53.833008,-117.309570
1493852594.577825,-1.056152,0.308105,-0.125000,-1.281738,-52.124023,-129.150391
1493852594.580516,-1.036133,0.302734,-0.097656,-4.089355,-48.950195,-140.136719
1493852594.583199,-1.061035,0.366211,-0.142090,-8.300781,-44.677734,-147.949219
1493852594.585880,-1.039062,0.205566,-0.222656,-8.422852,-41.503906,-152.221680
1493852594.588566,-1.056152,0.185547,-0.205566,-7.324219,-41.320801,-154.663086
1493852594.591254,-1.075195,0.171875,-0.160645,-7.385254,-40.161133,-159.301758
1493852594.593935,-1.224121,0.123047,-0.192871,-8.972168,-38.818359,-165.344238
1493852594.596615,-1.148926,0.129883,-0.168457,-11.596680,-38.024902,-170.410156
1493852594.599304,-1.240723,0.144043,-0.228027,-10.864258,-38.757324,-171.630859
1493852594.601991,-1.285645,0.216309,-0.196777,-10.009766,-39.855957,-171.508789
1493852594.604673,-1.339355,0.255371,-0.244141,-14.221191,-39.428711,-171.691895
1493852594.607357,-1.455078,0.294922,-0.266113,-14.465332,-34.912109,-170.654297
1493852594.610002,-1.410156,0.341309,-0.293945,-13.977051,-30.578613,-170.715332
1493852594.612580,-1.364258,0.354004,-0.269043,-12.023926,-28.503418,-172.607422
1493852594.615129,-1.364258,0.332520,-0.338867,-9.826660,-23.925781,-176.818848
1493852594.617676,-1.349121,0.303711,-0.291504,-4.943848,-21.423340,-181.213379
1493852594.620348,-1.407715,0.312988,-0.347656,2.624512,-22.399902,-185.119629
1493852594.623030,-1.427734,0.353027,-0.326660,10.742188,-25.146484,-189.880371
1493852594.625716,-1.485840,0.394531,-0.474609,30.578613,-28.747559,-194.580078
1493852594.628406,-1.502441,0.515137,-0.451660,24.597168,-33.813477,-198.181152
1493852594.631094,-1.507812,0.622070,-0.470703,37.048340,-42.663574,-201.721191
1493852594.633775,-1.527344,0.847656,-0.503418,60.546875,-53.466797,-206.604004
1493852594.636456,-1.567383,0.857422,-0.429688,50.292969,-62.622070,-211.425781
1493852594.639144,-1.525391,0.932129,-0.451660,54.992676,-70.129395,-219.299316
1493852594.641834,-1.375977,0.970215,-0.419434,56.152344,-74.035645,-227.233887
1493852594.644516,-1.420898,1.033203,-0.384277,50.354004,-75.073242,-237.670898
1493852594.647200,-1.395508,1.033203,-0.359863,42.358398,-73.791504,-249.389648
1493852594.649828,-1.404785,0.948242,-0.357422,32.043457,-68.969727,-265.075684
1493852594.652387,-1.385254,0.850586,-0.274902,20.507812,-60.729980,-282.714844
1493852594.654938,-1.380371,0.779297,-0.211914,9.155273,-52.124023,-301.513672
1493852594.657597,-1.404297,0.690430,-0.187988,-4.394531,-43.090820,-327.636719
1493852594.660216,-1.385254,0.604492,-0.150391,-22.094727,-34.179688,-332.702637
1493852594.662901,-1.476074,0.386230,-0.056641,-39.978027,-23.864746,-369.323730
1493852594.665586,-1.531250,0.215820,-0.047852,-55.541992,-15.014648,-372.619629
1493852594.668273,-1.587891,-0.045410,-0.026367,-68.786621,-11.596680,-387.329102
1493852594.670963,-1.701660,-0.255859,-0.066406,-70.373535,-15.930176,-398.315430
1493852594.673648,-1.675781,-0.408203,-0.152344,-52.490234,-25.207520,-402.526855
1493852594.676328,-1.641113,-0.333496,-0.269043,-1.892090,-40.710449,-397.766113
1493852594.679009,-1.703125,-0.149414,-0.366211,62.255859,-62.744141,-384.033203
1493852594.681699,-1.652832,0.138184,-0.551270,117.248535,-88.012695,-364.074707
1493852594.684386,-1.587402,0.473633,-0.595703,151.733398,-115.783691,-336.547852
1493852594.687068,-1.584961,0.616699,-0.605469,158.752441,-142.028809,-308.532715
1493852594.689706,-1.487793,0.721680,-0.642578,134.399414,-160.705566,-282.043457
1493852594.692277,-1.356445,0.745605,-0.562988,118.713379,-167.358398,-263.305664
1493852594.694827,-1.244141,0.607910,-0.614258,78.247070,-146.362305,-257.263184
1493852594.697376,-1.160645,0.473145,-0.747070,44.006348,-136.291504,-267.089844
1493852594.699994,-1.050781,0.301270,-0.599609,28.137207,-101.806641,-287.658691
1493852594.702684,-0.992188,0.210449,-0.543945,31.433105,-71.533203,-311.767578
1493852594.705372,-0.955078,0.166504,-0.494629,45.898438,-52.856445,-329.040527
1493852594.708078,-0.942383,0.205078,-0.529785,59.692383,-49.560547,-335.876465
1493852594.710783,-0.940430,0.326172,-0.473145,64.941406,-53.588867,-335.205078
1493852594.713468,-0.937500,0.412598,-0.467285,62.133789,-59.387207,-324.829102
1493852594.716150,-0.917969,0.505859,-0.449219,54.870605,-60.241699,-291.503906
1493852594.718868,-0.817871,0.576660,-0.478516,51.879883,-55.114746,-268.432617
1493852594.721586,-0.763184,0.671875,-0.531250,56.213379,-43.457031,-244.567871
1493852594.724272,-0.722656,0.726562,-0.467285,67.565918,-25.207520,-222.106934
1493852594.726959,-0.503906,0.732422,-0.406738,77.880859,-7.507324,-203.918457
1493852594.729666,-0.437500,0.874512,-0.455566,96.191406,9.338379,-208.007812
1493852594.732373,-0.424805,0.794434,-0.375488,122.924805,28.320312,-202.514648
1493852594.735057,-0.325684,0.681152,-0.308105,159.545898,47.119141,-197.570801
1493852594.737746,-0.225586,0.449219,-0.157715,192.932129,56.579590,-196.655273
1493852594.740365,-0.229980,0.111328,-0.104004,210.021973,51.879883,-209.228516
1493852594.742918,-0.127930,-0.151855,-0.119141,213.745117,39.855957,-235.595703
1493852594.745467,-0.253906,-0.408203,0.040527,218.261719,37.475586,-272.827148
1493852594.748029,-0.165527,-0.609863,0.361328,243.408203,60.241699,-316.589355
1493852594.750665,-0.196289,-0.610840,0.296875,279.113770,63.659668,-356.018066
1493852594.753349,-0.182129,-0.491699,-0.162598,284.606934,63.476562,-361.572266
1493852594.756027,-0.151855,-0.291504,-0.453125,218.750000,42.663574,-303.955078
1493852594.758714,-0.130371,-0.263184,-0.464355,64.636230,1.708984,-187.438965
1493852594.761401,-0.024414,-0.417969,-0.112793,-92.346191,-40.771484,-53.222656
1493852594.764084,0.057617,-0.568359,0.172363,-156.005859,-70.373535,56.091309
1493852594.766771,0.022949,-0.635742,0.207031,-132.751465,-76.538086,122.741699
1493852594.769478,-0.040527,-0.525391,-0.013184,-80.810547,-66.467285,156.188965
1493852594.772183,-0.107422,-0.279297,-0.161621,-53.833008,-54.260254,175.292969
1493852594.774868,-0.263672,-0.058594,-0.205566,-56.091309,-46.142578,197.570801
1493852594.777554,-0.334473,0.147949,-0.163574,-70.495605,-40.405273,228.576660
1493852594.780237,-0.339844,0.388672,-0.155762,-75.622559,-30.273438,267.333984
1493852594.782919,-0.316406,0.738281,-0.152344,-74.645996,-14.770508,326.171875
1493852594.785604,-0.353027,0.854980,-0.163574,-71.289062,-1.220703,348.999023
1493852594.788278,-0.237305,1.024902,-0.314453,-72.509766,7.202148,354.125977
1493852594.790881,-0.208496,1.122070,-0.369141,-78.430176,6.835938,352.966309
1493852594.793540,-0.232422,1.183105,-0.320801,-86.669922,3.234863,332.458496
1493852594.796088,0.020508,1.230957,-0.224121,-87.951660,-2.441406,296.020508
1493852594.798690,0.169922,1.206055,-0.150391,-87.646484,-4.272461,246.276855
1493852594.801360,0.205078,1.142090,-0.300293,-76.416016,26.733398,189.575195
1493852594.804044,0.345215,1.001465,-0.072754,-49.743652,39.916992,134.948730
1493852594.806729,0.316895,0.869141,-0.022949,-51.330566,58.044434,86.975098
1493852594.809415,0.345215,0.772461,-0.197754,-50.720215,76.110840,54.260254
1493852594.812104,0.278809,0.619141,-0.203125,-56.274414,103.698730,43.579102
1493852594.814837,0.210449,0.437988,-0.178711,-64.453125,100.524902,46.020508
1493852594.817559,0.111328,0.312988,-0.289062,-73.852539,94.177246,58.227539
1493852594.820216,0.039062,0.186523,-0.182617,-76.660156,104.858398,68.847656
1493852594.822856,-0.053711,0.095215,-0.241699,-74.279785,97.473145,79.162598
1493852594.825525,-0.121094,0.031250,-0.187500,-67.565918,87.829590,88.134766
1493852594.828223,-0.204102,0.009766,-0.106934,-59.387207,80.078125,98.754883
1493852594.830915,-0.216797,0.014648,-0.176758,-53.710938,76.538086,113.281250
1493852594.833600,-0.229980,0.030762,-0.041504,-49.194336,74.279785,129.272461
1493852594.836283,-0.252441,0.007324,-0.013184,-45.471191,76.782227,147.949219
1493852594.838942,-0.195312,0.033203,-0.144531,-42.602539,77.331543,156.555176
1493852594.841529,-0.149902,0.067383,-0.166504,-40.039062,80.444336,186.523438
1493852594.844079,-0.099121,0.085938,-0.133301,-37.658691,80.505371,181.274414
1493852594.846629,-0.042480,0.105469,-0.119141,-37.048340,80.322266,186.950684
1493852594.849183,-0.092773,0.108887,-0.072266,-35.888672,77.331543,191.467285
1493852594.851737,-0.060059,0.138672,-0.078125,-33.874512,75.561523,195.129395
1493852594.854286,-0.118652,0.142090,-0.088867,-32.958984,75.561523,200.500488
1493852594.856834,-0.112305,0.136719,-0.125000,-30.639648,74.401855,206.726074
1493852594.859430,-0.166992,0.154297,-0.158203,-29.235840,75.195312,212.890625
1493852594.862102,-0.159668,0.154297,-0.073730,-27.343750,77.148438,215.209961
1493852594.864785,-0.185547,0.170898,-0.043457,-24.780273,76.965332,217.407227
1493852594.867467,-0.180664,0.152344,-0.036621,-22.277832,78.674316,218.505859
1493852594.870159,-0.237305,0.181641,0.028320,-20.019531,79.406738,234.069824
1493852594.872841,-0.239258,0.157715,-0.044434,-18.005371,82.885742,220.458984
1493852594.875522,-0.276855,0.154297,-0.072266,-13.732910,84.289551,226.745605
1493852594.878202,-0.278809,0.157715,-0.076172,-9.948730,86.914062,235.473633
1493852594.880884,-0.291992,0.144531,-0.008789,-4.699707,87.768555,247.131348
1493852594.883563,-0.282715,0.180664,-0.020996,-0.366211,89.233398,256.408691
1493852594.886242,-0.282227,0.154785,-0.006836,3.356934,90.393066,266.357422
1493852594.888928,-0.278809,0.177246,-0.048828,5.798340,88.867188,273.986816
1493852594.891613,-0.330078,0.181641,0.004395,9.094238,87.890625,278.442383
1493852594.894291,-0.331543,0.239746,-0.033203,12.145996,86.730957,282.836914
1493852594.896971,-0.306152,0.258301,-0.113281,15.625000,85.388184,285.705566
1493852594.899630,-0.361328,0.273438,-0.003418,20.141602,84.960938,288.513184
1493852594.902221,-0.325195,0.322266,-0.020996,22.216797,85.021973,289.855957
1493852594.904768,-0.378418,0.327637,0.004883,24.169922,85.998535,289.794922
1493852594.907315,-0.411133,0.344238,-0.062500,25.024414,87.280273,289.367676
1493852594.909930,-0.377930,0.365234,-0.104980,26.550293,90.332031,288.879395
1493852594.912615,-0.403320,0.363281,-0.024902,24.169922,91.247559,287.902832
1493852594.915296,-0.398438,0.365234,-0.034180,23.193359,91.125488,287.292480
1493852594.917981,-0.433594,0.497559,-0.032715,20.141602,91.064453,286.071777
1493852594.920667,-0.493652,0.342773,0.064453,20.324707,89.660645,283.569336
1493852594.923348,-0.529297,0.310059,-0.017578,19.470215,91.064453,283.203125
1493852594.926030,-0.552246,0.330078,-0.065918,18.554688,91.674805,284.179688
1493852594.928715,-0.558105,0.330566,-0.046875,15.502930,93.872070,287.292480
1493852594.931401,-0.595215,0.315918,-0.049805,13.183594,94.665527,291.137695
1493852594.934190,-0.619629,0.328613,-0.083496,12.756348,95.642090,311.401367
1493852594.936871,-0.632812,0.322754,-0.007812,10.498047,96.740723,300.659180
1493852594.939555,-0.706543,0.338867,-0.044434,8.117676,98.937988,305.725098
1493852594.942238,-0.632812,0.320312,-0.026855,6.469727,100.402832,309.143066
1493852594.944920,-0.667480,0.336914,0.120117,4.882812,102.722168,312.377930
1493852594.947601,-0.649902,0.328125,-0.093262,2.746582,105.773926,315.429688
1493852594.950284,-0.661621,0.367676,-0.033203,-0.549316,108.337402,318.298340
1493852594.952834,-0.672852,0.359863,-0.058105,-2.502441,110.595703,322.326660
1493852594.955382,-0.667480,0.341309,-0.012207,-4.638672,112.426758,325.073242
1493852594.957963,-0.715820,0.331055,0.044434,-7.629395,113.830566,328.002930
1493852594.960616,-0.861328,0.341309,-0.023438,-10.742188,116.638184,330.078125
1493852594.963303,-0.788574,0.347656,-0.032715,-14.221191,118.469238,331.787109
1493852594.965986,-0.836426,0.343262,-0.107422,-17.333984,118.774414,334.838867
1493852594.968668,-0.847168,0.339355,-0.091309,-21.057129,119.506836,338.256836
1493852594.971354,-0.929688,0.367676,-0.036621,-21.606445,118.713379,341.430664
1493852594.974038,-0.966797,0.360840,-0.046387,-23.803711,118.041992,343.383789
1493852594.976722,-0.880859,0.406738,-0.078125,-25.451660,116.821289,344.787598
1493852594.979410,-1.064453,0.410645,-0.146484,-27.893066,117.980957,345.458984
1493852594.982100,-1.130371,0.427246,-0.058594,-30.456543,119.506836,345.764160
1493852594.984785,-1.174805,0.431152,-0.133301,-31.494141,122.192383,345.214844
1493852594.987465,-1.244629,0.421875,-0.068359,-33.142090,123.657227,342.651367
1493852594.990161,-1.285645,0.425293,-0.182617,-35.278320,125.244141,339.965820
1493852594.992846,-1.304688,0.406250,-0.179199,-36.682129,127.929688,338.073730
1493852594.995529,-1.416504,0.373047,-0.129883,-38.391113,129.760742,337.036133
1493852594.998199,-1.449219,0.345215,-0.212891,-40.283203,132.141113,336.853027
1493852595.000802,-1.518555,0.312500,-0.187500,-44.128418,134.521484,338.256836
1493852595.003356,-1.575684,0.277344,-0.259766,-45.715332,138.793945,340.393066
1493852595.005908,-1.577637,0.229980,-0.258301,-48.400879,141.662598,342.773438
1493852595.008507,-1.647949,0.171387,-0.202148,-50.415039,142.700195,343.933105
1493852595.011176,-1.722168,0.130859,-0.275879,-54.992676,146.118164,345.581055
1493852595.013859,-1.789551,0.076172,-0.259277,-57.739258,147.460938,348.266602
1493852595.016543,-1.876465,0.032715,-0.364746,-61.584473,149.780273,350.524902
1493852595.019247,-1.897949,-0.027344,-0.332520,-64.880371,150.756836,352.478027
1493852595.021951,-1.949707,-0.085449,-0.408203,-68.969727,151.245117,355.834961
1493852595.024635,-2.083008,-0.125977,-0.359375,-72.082520,152.221680,358.581543
1493852595.027317,-2.101562,-0.183105,-0.369629,-74.279785,152.526855,361.145020
1493852595.030005,-2.052246,-0.251465,-0.312012,-75.500488,152.343750,363.830566
1493852595.032690,-2.049805,-0.330566,-0.303711,-77.026367,151.245117,365.844727
1493852595.035367,-1.998047,-0.397949,-0.335938,-77.697754,152.648926,366.577148
1493852595.038057,-2.001465,-0.458984,-0.238770,-76.354980,153.076172,366.943359
1493852595.040682,-2.109375,-0.518555,-0.275879,-73.120117,154.357910,366.210938
1493852595.043235,-1.909180,-0.570312,-0.277832,-68.969727,153.198242,362.731934
1493852595.045786,-1.907227,-0.604980,-0.307129,-65.368652,151.611328,356.872559
1493852595.048364,-1.875977,-0.646484,-0.318848,-46.997070,151.062012,347.351074
1493852595.051013,-1.958984,-0.701172,-0.267090,-57.189941,151.062012,334.533691
1493852595.053698,-1.996094,-0.754883,-0.289062,-50.842285,150.207520,317.382812
1493852595.056381,-1.945801,-0.867188,-0.198730,-42.968750,151.000977,299.682617
1493852595.059079,-1.943359,-0.950684,-0.102051,-39.123535,151.611328,282.470703
1493852595.061779,-1.892578,-0.989746,-0.072754,-34.729004,149.108887,265.197754
1493852595.064460,-1.861816,-1.066406,0.081543,-31.005859,146.118164,249.572754
1493852595.067143,-1.889160,-1.247559,0.375488,-29.541016,142.883301,235.229492
1493852595.069954,-1.753418,-1.256348,0.481445,-29.235840,142.883301,221.618652
1493852595.072568,-1.750977,-1.365234,0.554688,-26.184082,145.019531,208.679199
1493852595.075122,-1.839355,-1.438477,0.573242,-23.742676,147.338867,196.655273
1493852595.077671,-1.837891,-1.543945,0.526855,-22.949219,143.676758,184.875488
1493852595.080366,-1.666992,-1.684570,0.511230,-25.817871,136.169434,171.081543
1493852595.083047,-1.703613,-1.944824,0.446777,-31.494141,124.694824,154.418945
1493852595.085737,-1.634766,-2.088867,0.502930,-40.222168,114.746094,135.437012
1493852595.088441,-1.556641,-2.309082,0.541504,-47.546387,108.093262,113.220215
1493852595.091063,-1.421875,-2.455078,0.454590,-52.062988,101.440430,86.242676
1493852595.093615,-1.361328,-2.573730,0.466309,-53.161621,92.529297,78.857422
1493852595.096169,-1.266113,-2.608887,0.401367,-49.743652,80.078125,57.678223
1493852595.098768,-1.208496,-2.576660,0.372559,-45.715332,64.941406,38.391113
1493852595.101435,-1.259766,-2.394531,0.300781,-17.639160,43.457031,17.761230
1493852595.104118,-1.345215,-1.905762,0.204102,-3.784180,11.962891,-15.747070
1493852595.106802,-1.300293,-1.593750,0.292480,-8.728027,-26.245117,-56.335449
1493852595.109487,-1.231934,-1.515625,0.215820,-4.760742,-52.368164,-103.881836
1493852595.112169,-1.320801,-1.541992,0.145508,-29.602051,-43.151855,-130.798340
1493852595.114851,-1.421875,-1.395996,0.164551,-47.424316,-44.006348,-149.536133
1493852595.117533,-1.643555,-1.123047,-0.118652,-68.481445,-69.885254,-171.997070
1493852595.120234,-1.778809,-1.047852,-0.545898,-81.481934,-58.105469,-209.106445
1493852595.123099,-1.675293,-1.117676,0.504883,-37.780762,22.583008,-244.018555
1493852595.125869,-1.092285,-0.874512,0.028320,4.821777,86.059570,-252.746582
1493852595.128565,-0.776855,-0.533691,0.401367,57.434082,117.980957,-231.262207
1493852595.131262,-0.788574,-0.181152,-0.527832,85.571289,112.487793,-168.701172
1493852595.133951,-0.948242,0.471191,-0.568848,140.502930,112.121582,-87.036133
1493852595.136639,-1.176758,1.123047,-0.788574,178.894043,107.543945,-13.671875
1493852595.139286,-1.401855,1.880371,-0.508301,183.776855,49.316406,44.616699
1493852595.141866,-1.492676,2.541992,-0.506836,178.100586,28.381348,89.050293
1493852595.144421,-1.755371,3.031738,-0.486328,184.265137,-49.255371,109.375000
1493852595.146971,-2.154785,3.498535,-0.291016,200.317383,-112.792969,68.054199
1493852595.149577,-2.262695,3.212891,-0.130371,182.922363,-162.780762,7.507324
1493852595.152252,-1.552734,2.226562,-0.108887,122.375488,-187.805176,-162.353516
1493852595.154938,-0.480469,1.335938,-0.070801,62.622070,-211.791992,-337.646484
1493852595.157623,0.077637,0.651367,0.107422,31.616211,-230.773926,-457.946777
1493852595.160287,0.267090,-0.028809,0.414551,28.930664,-233.825684,-527.282715
1493852595.162839,0.250488,-0.589355,0.568848,32.104492,-215.637207,-577.697754
1493852595.165394,0.364746,-1.133301,0.733887,29.846191,-180.297852,-618.103027
1493852595.168009,-0.083984,-1.467285,0.820801,18.676758,-138.610840,-642.761230
1493852595.170627,-0.419434,-1.562500,0.706055,4.577637,-67.749023,-636.047363
1493852595.173181,-1.108887,-1.437500,0.435547,-9.643555,-34.057617,-582.763672
1493852595.175735,-1.578125,-1.212891,0.230469,-24.963379,15.991211,-497.985840
1493852595.178378,-2.099121,-1.044434,-0.014648,-27.038574,31.982422,-421.020508
1493852595.181087,-2.249512,-0.956543,-0.057617,-20.263672,27.099609,-334.655762
1493852595.183774,-2.160645,-0.818848,-0.266113,9.887695,-13.549805,-268.676758
1493852595.186458,-1.812988,-0.658691,-0.302246,41.076660,-66.162109,-212.158203
1493852595.189112,-1.325684,-0.473633,-0.243652,57.739258,-117.370605,-184.997559
1493852595.191698,-1.097656,-0.287109,-0.117188,70.312500,-151.428223,-125.915527
1493852595.194252,-0.956543,-0.161621,-0.022461,66.467285,-153.503418,-77.453613
1493852595.196804,-0.720215,-0.042480,-0.004395,65.307617,-140.136719,-44.738770
1493852595.199409,-0.424805,0.050781,-0.150391,70.861816,-120.483398,-31.982422
1493852595.202087,-0.365234,0.218750,-0.426270,70.617676,-94.421387,-37.475586
1493852595.204906,-0.289551,0.423340,-0.392578,64.025879,-89.111328,-53.649902
1493852595.207594,-0.289551,0.475098,-0.541504,53.649902,-82.641602,-74.768066
1493852595.210335,-0.311035,0.558105,-0.597656,51.757812,-80.932617,-96.069336
1493852595.213020,-0.336426,0.558594,-0.603027,55.908203,-82.153320,-118.530273
1493852595.215704,-0.382812,0.510254,-0.702637,53.588867,-82.519531,-147.888184
1493852595.218391,-0.386230,0.437988,-0.617676,40.649414,-81.359863,-180.175781
1493852595.221077,-0.490234,0.320312,-0.562012,20.935059,-74.768066,-209.106445
1493852595.223757,-0.407715,0.173828,-0.471191,-1.464844,-48.217773,-228.515625
1493852595.226441,-0.382812,0.028320,-0.497070,-25.634766,-35.949707,-239.501953
1493852595.229135,-0.443359,-0.142090,-0.566895,-54.748535,-41.259766,-243.835449
1493852595.231820,-0.589355,-0.266602,-0.445312,-80.627441,-39.978027,-242.248535
1493852595.234499,-0.705078,-0.386719,-0.448242,-105.712891,-47.363281,-230.773926
1493852595.237178,-0.782715,-0.540527,-0.234375,-128.173828,-59.143066,-215.270996
1493852595.239829,-0.864258,-0.653809,-0.035156,-140.625000,-75.866699,-198.669434
1493852595.242412,-0.968262,-0.691406,0.016602,-145.385742,-95.153809,-186.218262
1493852595.244964,-0.954590,-0.757812,0.206055,-140.380859,-107.910156,-156.738281
1493852595.247518,-1.022949,-0.692871,0.112793,-125.793457,-112.426758,-123.352051
1493852595.250123,-0.981445,-0.503906,0.172852,-98.571777,-102.844238,-85.815430
1493852595.252803,-0.918945,-0.444824,-0.005371,-73.059082,-86.791992,-45.532227
1493852595.255491,-0.812012,-0.267090,-0.190430,-50.659180,-69.946289,-12.451172
1493852595.258185,-0.737793,-0.132324,-0.166992,-55.358887,-63.232422,5.493164
1493852595.260876,-0.547363,-0.025879,-0.140625,-52.429199,-69.274902,11.535645
1493852595.263563,-0.580566,0.017090,-0.056641,-49.621582,-80.505371,9.277344
1493852595.266245,-0.606934,0.002930,0.224609,-45.288086,-92.956543,-1.037598
1493852595.268934,-0.617676,-0.032715,0.136719,-38.330078,-97.595215,-14.160156
1493852595.271626,-0.597656,-0.063965,0.188965,-32.775879,-78.552246,-26.916504
1493852595.274312,-0.560547,-0.084473,0.225586,-29.113770,-76.904297,-36.621094
1493852595.277000,-0.621582,-0.065918,0.095215,-23.193359,-32.836914,-38.024902
1493852595.279638,-0.583984,0.017578,-0.215820,-23.193359,-5.310059,-31.127930
1493852595.282209,-0.638184,0.023438,-0.182617,-26.428223,-6.042480,-20.446777
1493852595.284766,-0.672363,0.056152,-0.182617,-27.587891,-4.394531,-1.647949
1493852595.287315,-0.696289,0.058594,-0.160156,-26.916504,-12.145996,-14.831543
1493852595.289936,-0.717773,0.080566,-0.034180,-21.301270,-22.827148,-17.578125
1493852595.292625,-0.736328,0.077148,-0.095215,-14.831543,-27.221680,-24.353027
1493852595.295310,-0.856934,0.099609,-0.061523,-11.474609,-25.085449,-29.663086
1493852595.297995,-0.676758,0.081543,-0.075195,-12.145996,-17.517090,-33.447266
1493852595.300681,-0.631348,0.071777,-0.016602,-15.991211,-10.131836,-34.912109
1493852595.303365,-0.650879,0.056641,-0.226562,-19.897461,-3.967285,-34.606934
1493852595.306050,-0.606445,0.046387,-0.222656,-19.470215,-1.770020,-33.447266
1493852595.308736,-0.574219,0.037109,-0.083984,-20.568848,-1.037598,-31.921387
1493852595.311424,-0.538574,0.009277,-0.097656,-23.376465,-1.892090,-30.761719
1493852595.314108,-0.543945,0.015137,-0.116699,-24.658203,-1.953125,-31.188965
1493852595.316792,-0.563477,0.020508,-0.006836,-26.062012,-0.976562,-30.334473
1493852595.319484,-0.597656,0.009277,-0.052246,-26.916504,1.281738,-28.259277
1493852595.322175,-0.621582,-0.015137,-0.188965,-29.357910,3.112793,-27.221680
1493852595.324859,-0.673340,-0.025879,-0.125488,-29.052734,4.211426,-27.465820
1493852595.327540,-0.708008,-0.119629,-0.200684,-26.062012,3.906250,-26.245117
1493852595.330169,-0.691406,-0.004883,-0.237793,-23.803711,3.112793,-25.085449
1493852595.332722,-0.722656,-0.019531,-0.142090,-20.690918,0.915527,-22.583008
1493852595.335276,-0.739746,-0.043457,-0.090820,-16.540527,-1.159668,-19.897461
1493852595.337822,-0.751465,-0.031738,-0.078125,-14.221191,-3.112793,-17.883301
1493852595.340476,-0.732422,-0.028809,-0.199219,-12.207031,-4.211426,-14.953613
1493852595.343032,-0.707031,0.005371,-0.208984,-9.277344,-4.272461,-11.779785
1493852595.345582,-0.725586,0.004883,-0.245605,-7.690430,-4.150391,-9.216309
1493852595.348167,-0.696777,0.025391,-0.195801,-5.493164,-3.784180,-6.896973
1493852595.350821,-0.737305,0.021484,-0.135254,-3.051758,-5.310059,-5.432129
1493852595.353498,-0.693359,0.040527,-0.218262,-2.929688,-5.615234,-4.699707
1493852595.356176,-0.680664,0.034668,-0.155762,-0.854492,-7.751465,-3.845215
1493852595.358883,-0.725586,0.062012,-0.175293,0.732422,-8.911133,-4.150391
1493852595.361589,-0.696289,0.039062,-0.146484,1.953125,-9.094238,-4.089355
1493852595.364264,-0.704590,0.039551,-0.041504,3.845215,-10.620117,-3.723145
1493852595.366941,-0.672852,0.039062,-0.108887,6.713867,-12.695312,-2.990723
1493852595.369622,-0.699219,0.043945,-0.117676,6.347656,-13.977051,-1.953125
1493852595.372297,-0.670898,0.030762,-0.095215,6.591797,-15.991211,-1.892090
1493852595.374976,-0.668945,0.028320,-0.119629,8.789062,-16.967773,-3.051758
1493852595.377678,-0.644043,0.060059,-0.200684,10.559082,-17.944336,-4.577637
1493852595.380307,-0.666992,0.065430,-0.135254,11.169434,-17.517090,-6.958008
1493852595.382858,-0.673340,0.067871,-0.143066,10.375977,-16.662598,-7.995605
1493852595.385411,-0.696289,0.054688,-0.056641,7.568359,-14.465332,-9.704590
1493852595.387978,-0.668945,0.075684,-0.118652,7.141113,-12.145996,-11.474609
