1493852587.437297,-1.303223,0.244629,-0.352051,-37.658691,125.305176,335.571289
1493852587.439956,-1.282715,0.226074,-0.231445,-39.794922,125.366211,331.848145
1493852587.442568,-1.356445,0.197266,-0.322754,-39.855957,126.647949,329.833984
1493852587.445113,-1.423340,0.209961,-0.314453,-42.175293,128.417969,328.552246
1493852587.447661,-1.403809,0.178711,-0.343262,-45.104980,131.408691,328.979492
1493852587.450327,-1.378906,0.134277,-0.294922,-48.156738,134.887695,328.979492
1493852587.452938,-1.552246,0.090820,-0.359375,-52.062988,135.864258,328.674316
1493852587.455487,-1.583984,0.088867,-0.377930,-54.748535,137.878418,328.125000
1493852587.458045,-1.718750,0.007324,-0.302734,-58.837891,140.136719,329.772949
1493852587.460686,-1.642578,-0.007324,-0.324219,-60.424805,142.089844,330.383301
1493852587.463326,-1.653809,-0.098633,-0.267090,-62.805176,145.141602,330.688477
1493852587.465879,-1.692871,-0.136230,-0.269043,-61.645508,147.277832,331.420898
1493852587.468445,-1.729980,-0.198242,-0.185059,-61.157227,149.108887,334.472656
1493852587.471560,-1.707031,-0.252441,-0.146484,-59.997559,150.817871,336.059570
1493852587.474662,-1.628418,-0.291504,-0.211914,-58.105469,151.855469,336.181641
1493852587.477218,-1.873535,-0.306641,-0.212891,-55.114746,153.320312,334.106445
1493852587.479811,-1.767578,-0.369141,-0.117188,-52.185059,154.235840,330.749512
1493852587.482401,-1.824707,-0.378906,-0.138184,-48.400879,154.785156,312.988281
1493852587.484946,-1.813965,-0.401367,-0.187500,-44.738770,154.968262,323.547363
1493852587.487499,-1.827637,-0.444824,-0.141113,-41.992188,154.663086,318.359375
1493852587.490211,-1.834961,-0.580566,-0.180664,-39.550781,152.221680,312.072754
1493852587.492778,-1.839844,-0.508789,-0.148438,-37.536621,149.902344,306.274414
1493852587.495413,-1.839355,-0.529297,-0.118652,-35.217285,147.827148,298.522949
1493852587.498288,-1.837402,-0.555664,-0.106934,-31.677246,144.165039,291.992188
1493852587.501554,-1.817871,-0.603027,-0.062012,-29.907227,140.625000,281.921387
1493852587.504560,-1.767578,-0.634277,-0.099121,-28.991699,136.230469,275.451660
1493852587.507246,-1.787109,-0.690430,-0.030762,-25.939941,131.347656,268.066406
1493852587.509936,-1.794922,-0.739746,0.060547,-23.071289,125.427246,259.460449
1493852587.512630,-1.765137,-0.782227,0.057617,-23.193359,122.314453,250.976562
1493852587.515315,-1.708496,-0.881836,0.149902,-20.446777,122.009277,242.370605
1493852587.518001,-1.695312,-0.949219,0.226562,-18.737793,123.962402,233.764648
1493852587.520693,-1.687012,-1.023438,0.108887,-12.512207,124.206543,225.219727
1493852587.523375,-1.684570,-1.137695,0.111328,-8.605957,120.971680,215.026855
1493852587.526046,-1.649902,-1.181152,0.036133,-5.432129,115.661621,209.777832
1493852587.528708,-1.580078,-1.309082,0.078125,-4.394531,109.191895,199.584961
1493852587.531322,-1.507324,-1.429199,0.013184,-0.061035,104.797363,186.706543
1493852587.533888,-1.460449,-1.531250,0.063477,4.394531,100.219727,171.142578
1493852587.536439,-1.392578,-1.608887,0.186523,7.751465,94.177246,154.113770
1493852587.538992,-1.396484,-1.695801,0.275391,12.329102,87.036133,138.122559
1493852587.541548,-1.358887,-1.731445,0.252930,16.662598,83.251953,123.291016
1493852587.544098,-1.356445,-1.705566,0.387695,19.592285,76.232910,110.717773
1493852587.546648,-1.321289,-1.713867,0.478027,22.094727,69.274902,97.229004
1493852587.549203,-1.351074,-1.616699,0.397949,23.010254,60.852051,88.989258
1493852587.551753,-1.293945,-1.387695,0.438965,18.371582,51.086426,63.598633
1493852587.554298,-1.177246,-1.029297,0.409180,1.953125,42.358398,19.287109
1493852587.556843,-1.148438,-1.020996,0.524902,-29.968262,36.743164,-39.428711
1493852587.559470,-1.138184,-1.288574,0.575684,-34.545898,35.278320,-82.946777
1493852587.562121,-1.260742,-1.668945,0.503906,-35.339355,34.851074,-94.543457
1493852587.564677,-1.304199,-1.865234,0.623535,-24.169922,16.479492,-82.458496
1493852587.567225,-1.330078,-1.962891,0.397949,-16.540527,20.507812,-62.500000
1493852587.569836,-1.297363,-2.032715,0.466797,-4.150391,2.075195,-47.912598
1493852587.572509,-1.308105,-1.970703,0.478027,16.174316,-27.099609,-39.428711
1493852587.575334,-1.334473,-1.548340,0.420898,28.442383,-47.302246,-35.217285
1493852587.578013,-1.244141,-1.075684,0.335449,15.625000,-48.950195,-38.330078
1493852587.580695,-1.104980,-0.911133,0.293945,-4.516602,-48.767090,-50.964355
1493852587.583374,-1.011719,-0.830566,0.455078,-12.512207,-53.588867,-73.242188
1493852587.586055,-0.940918,-0.785156,0.382324,-21.240234,-52.124023,-101.318359
1493852587.588718,-0.884277,-0.826660,0.346191,-41.625977,-43.029785,-113.525391
1493852587.591308,-0.912109,-0.897949,0.312012,-61.340332,-40.649414,-130.676270
1493852587.593854,-1.052246,-0.712891,0.589355,-68.176270,-52.490234,-141.662598
1493852587.596404,-1.502441,-0.468262,-0.653320,-138.793945,-93.017578,-140.625000
1493852587.598998,-1.238281,-0.321777,0.624512,-137.207031,-35.461426,-155.578613
1493852587.601664,-0.856934,-0.568848,0.634277,-103.393555,41.809082,-193.359375
1493852587.604347,-0.578125,-0.618652,0.400391,-51.025391,92.163086,-225.952148
1493852587.607028,-0.739258,-0.577637,-0.384277,-2.502441,79.040527,-230.224609
1493852587.609718,-0.919922,-0.202148,-0.115234,10.314941,70.800781,-197.753906
1493852587.612413,-1.031250,0.471680,-0.150879,16.174316,62.316895,-149.658203
1493852587.615098,-1.330566,1.076172,-0.611816,21.545410,50.415039,-106.079102
1493852587.617785,-1.433105,1.605469,-0.578125,49.255371,44.738770,-74.768066
1493852587.620469,-1.553711,2.022461,-0.665039,74.096680,30.151367,-52.795410
1493852587.623193,-1.450195,2.295410,-0.630859,86.914062,-1.464844,-47.912598
1493852587.625965,-1.289551,2.352051,-0.676758,78.308105,-63.232422,-74.645996
1493852587.628684,-1.081543,2.041992,-0.210938,61.523438,-124.816895,-133.789062
1493852587.631395,-0.912598,1.503906,0.000000,53.100586,-151.000977,-222.595215
1493852587.634074,-0.750977,0.972168,0.232422,53.039551,-154.235840,-325.744629
1493852587.636755,-0.831543,0.273926,0.492188,42.541504,-144.165039,-430.053711
1493852587.639411,-0.783203,-0.140137,0.806152,20.263672,-109.069824,-519.409180
1493852587.642000,-0.816406,-0.704590,0.515137,-0.976562,-62.377930,-581.848145
1493852587.644548,-0.885254,-1.138672,0.453125,-2.929688,-18.005371,-598.510742
1493852587.647096,-0.915527,-1.324707,0.184570,2.197266,10.192871,-598.083496
1493852587.649719,-1.113281,-1.423340,-0.072754,-2.685547,23.132324,-554.443359
1493852587.652401,-1.298828,-1.457031,-0.248047,-22.338867,10.131836,-479.003906
1493852587.655066,-1.499512,-1.370605,-0.314941,-34.729004,-10.192871,-382.995605
1493852587.657734,-1.756348,-1.264160,0.016602,-50.903320,-34.484863,-280.822754
1493852587.660389,-1.806641,-0.985840,0.075684,-20.874023,-64.453125,-188.049316
1493852587.662988,-1.712891,-0.575195,0.067871,-2.990723,-87.219238,-129.394531
1493852587.665535,-1.554199,-0.313965,0.123535,26.428223,-95.153809,-106.323242
1493852587.668114,-1.153809,-0.057617,0.047852,48.034668,-104.125977,-106.933594
1493852587.670691,-0.917969,0.284668,0.045898,64.636230,-101.745605,-114.257812
1493852587.673239,-0.644043,0.535645,0.111328,66.650391,-94.177246,-114.624023
1493852587.675791,-0.435547,0.415527,-0.121094,66.284180,-68.054199,-108.947754
1493852587.678407,-0.255371,0.404297,-0.226074,73.425293,-58.227539,-106.933594
1493852587.681019,-0.051758,0.387695,-0.243652,63.537598,-43.151855,-119.995117
1493852587.683568,-0.022949,0.395020,-0.289062,56.701660,-34.973145,-145.629883
1493852587.686120,-0.189941,0.261230,-0.325684,39.672852,-31.494141,-174.011230
1493852587.688743,-0.291992,0.308594,-0.143066,28.442383,-31.677246,-197.814941
1493852587.691367,-0.417969,0.208496,-0.138672,26.062012,-30.517578,-209.960938
1493852587.693920,-0.552734,0.099609,-0.264648,21.728516,-20.996094,-214.050293
1493852587.696473,-0.576660,-0.032227,-0.253418,3.601074,-3.784180,-213.439941
1493852587.699082,-0.686523,-0.150391,-0.384277,-25.207520,10.864258,-209.167480
1493852587.701768,-0.697754,-0.235840,-0.381836,-52.978516,19.531250,-200.195312
1493852587.704453,-0.794434,-0.401367,-0.300781,-76.538086,17.822266,-188.903809
1493852587.707136,-0.873047,-0.481445,-0.241211,-94.665527,7.080078,-177.062988
1493852587.709938,-0.962891,-0.595215,-0.092773,-105.407715,-4.882812,-165.893555
1493852587.712626,-1.002441,-0.585449,0.101562,-111.877441,-20.385742,-151.306152
1493852587.715309,-1.098633,-0.608887,0.090820,-107.116699,-30.212402,-128.417969
1493852587.717994,-1.028809,-0.469727,-0.002441,-94.482422,-36.987305,-100.952148
1493852587.720680,-0.950195,-0.171875,-0.019531,-72.937012,-37.414551,-73.303223
1493852587.723361,-0.854492,-0.112793,-0.231934,-52.246094,-40.405273,-51.452637
1493852587.726046,-0.719238,-0.000977,-0.087891,-34.973145,-45.776367,-40.954590
1493852587.728740,-0.660645,0.024902,-0.130371,-25.695801,-51.025391,-39.489746
1493852587.731430,-0.585449,0.024414,-0.089844,-20.935059,-56.213379,-43.212891
1493852587.734114,-0.604492,0.046387,-0.025391,-21.728516,-55.175781,-48.461914
1493852587.736795,-0.568359,0.028809,0.055664,-45.288086,-51.452637,-52.673340
1493852587.739435,-0.652344,-0.051758,0.129883,-35.034180,-47.607422,-53.710938
1493852587.742004,-0.642090,-0.070312,0.098633,-41.931152,-45.410156,-50.903320
1493852587.744554,-0.702637,-0.046387,0.096680,-43.212891,-41.381836,-45.227051
1493852587.747105,-0.695312,-0.055176,0.098633,-39.184570,-35.766602,-39.062500
1493852587.749721,-0.718262,-0.030762,-0.083496,-36.376953,-31.005859,-33.142090
1493852587.752399,-0.689941,-0.004883,-0.012695,-28.076172,-25.695801,-29.113770
1493852587.755066,-0.644531,0.057617,-0.080078,-21.545410,-21.728516,-27.648926
1493852587.757739,-0.539551,0.058105,-0.056641,-21.362305,-22.216797,-24.780273
1493852587.760405,-0.642578,0.075684,-0.072266,-21.545410,-24.291992,-25.329590
1493852587.763010,-0.630859,0.096680,-0.036133,-24.108887,-25.024414,-27.404785
1493852587.765564,-0.642090,0.074219,-0.091309,-24.414062,-23.925781,-28.930664
1493852587.768160,-0.617188,0.056152,-0.039551,-24.414062,-20.690918,-30.517578
1493852587.770828,-0.629883,0.041504,0.042480,-23.010254,-15.136719,-30.700684
1493852587.773516,-0.678711,0.037109,0.026367,-22.460938,-9.338379,-29.724121
1493852587.776200,-0.662109,0.038086,-0.029297,-19.348145,-4.821777,-27.709961
1493852587.778883,-0.648926,0.037109,0.017090,-18.920898,-1.525879,-24.963379
1493852587.781566,-0.666992,0.064453,-0.016602,-17.822266,0.427246,-22.766113
1493852587.784247,-0.712402,0.048828,0.060547,-15.258789,1.342773,-20.385742
1493852587.786926,-0.668945,0.075684,-0.057617,-14.038086,3.051758,-19.470215
1493852587.789567,-0.688965,0.070312,0.018555,-11.901855,4.577637,-18.981934
1493852587.792139,-0.682129,0.080078,-0.091797,-9.460449,6.347656,-17.944336
1493852587.794686,-0.687012,0.089844,-0.020508,-9.277344,6.896973,-16.418457
1493852587.797231,-0.680176,0.060547,0.014648,-7.141113,7.995605,-15.747070
1493852587.799777,-0.666504,0.067871,-0.108887,-4.943848,8.544922,-16.418457
1493852587.802321,-0.675293,0.076172,-0.082520,-1.892090,8.666992,-16.052246
1493852587.804867,-0.644531,0.056152,-0.063965,-0.671387,9.338379,-15.075684
1493852587.807410,-0.676758,0.043457,-0.042480,-1.037598,9.887695,-13.000488
1493852587.810022,-0.656738,0.058594,-0.098633,-0.244141,11.047363,-11.657715
1493852587.812712,-0.673340,0.063965,-0.062012,0.000000,11.413574,-10.253906
1493852587.815395,-0.690918,0.046875,-0.048828,0.671387,12.695312,-8.728027
1493852587.818079,-0.700684,0.054199,-0.091309,0.061035,13.122559,-8.300781
1493852587.820765,-0.648926,0.041504,-0.052734,2.990723,12.207031,-7.446289
1493852587.823444,-0.717773,0.050781,-0.020996,3.906250,11.596680,-6.469727
1493852587.826121,-0.685059,0.048340,-0.089355,5.249023,11.901855,-6.896973
1493852587.828800,-0.692871,0.050293,-0.148926,6.408691,10.009766,-5.798340
1493852587.831482,-0.724609,0.072266,-0.120605,8.483887,10.253906,-5.737305
1493852587.834159,-0.689941,0.046875,-0.187500,9.277344,8.972168,-5.371094
1493852587.836831,-0.669434,0.065918,-0.200195,11.779785,7.202148,-3.540039
1493852587.839514,-0.683594,0.062012,-0.076172,12.390137,4.821777,-1.953125
1493852587.842203,-0.668457,0.070801,-0.119629,12.695312,2.929688,0.000000
1493852587.844883,-0.692871,0.056152,-0.097656,14.038086,1.098633,0.976562
1493852587.847680,-0.721191,0.054199,-0.032715,15.319824,-1.159668,2.197266
1493852587.850293,-0.709473,0.078125,-0.115234,16.174316,-3.967285,2.380371
1493852587.852841,-0.716797,0.094238,-0.169922,17.883301,-6.530762,1.647949
1493852587.855389,-0.693359,0.077148,-0.096680,19.042969,-9.033203,0.305176
1493852587.857970,-0.680664,0.092773,-0.058105,19.531250,-10.192871,-0.854492
1493852587.860655,-0.677246,0.095215,-0.138672,21.789551,-11.291504,-1.220703
1493852587.863373,-0.669434,0.085938,-0.132324,21.240234,-11.901855,-2.258301
1493852587.866057,-0.645508,0.093750,-0.082520,21.545410,-13.427734,-3.356934
1493852587.868744,-0.646484,0.126953,-0.016113,22.277832,-14.587402,-4.516602
1493852587.871430,-0.623047,0.120605,-0.086914,21.972656,-31.250000,-6.042480
1493852587.874112,-0.502930,0.112793,-0.085449,22.949219,-16.967773,-7.629395
1493852587.876793,-0.682129,0.222168,-0.130859,22.338867,-18.005371,-9.582520
1493852587.879476,-0.646484,0.007812,-0.197266,21.423340,-18.249512,-11.840820
1493852587.882165,-0.655762,0.102051,-0.184570,21.606445,-19.714355,-13.916016
1493852587.884849,-0.710449,0.066406,-0.170898,22.155762,-23.437500,-15.808105
1493852587.887532,-0.658691,0.092773,-0.229004,23.010254,-27.160645,-17.456055
1493852587.890226,-0.665039,0.095703,-0.139648,22.399902,-30.212402,-18.371582
1493852587.892912,-0.656250,0.007812,-0.195312,19.104004,-31.738281,-19.531250
1493852587.895597,-0.620605,0.126953,-0.248047,13.061523,-31.311035,-22.094727
1493852587.898271,-0.666992,0.083984,-0.231934,11.657715,-31.433105,-23.986816
1493852587.900873,-0.618652,0.091797,-0.197754,14.282227,-32.897949,-25.207520
1493852587.903421,-0.623047,0.120605,-0.147461,11.718750,-35.949707,-27.404785
1493852587.905971,-0.658691,0.093262,-0.113281,9.826660,-37.292480,-27.770996
1493852587.908534,-0.614746,0.083984,-0.200195,9.704590,-38.391113,-26.794434
1493852587.911093,-0.625000,0.074219,-0.109863,7.934570,-41.076660,-27.770996
1493852587.913639,-0.614258,0.051758,-0.074219,8.056641,-41.259766,-27.954102
1493852587.916187,-0.644043,0.053711,-0.060547,8.422852,-42.785645,-27.282715
1493852587.918856,-0.628906,0.049805,-0.075684,10.437012,-43.762207,-26.733398
1493852587.921590,-0.728516,0.070312,-0.121582,10.498047,-44.616699,-25.695801
1493852587.924261,-0.630859,0.038086,-0.022949,12.878418,-45.776367,-25.085449
1493852587.926929,-0.649902,0.035156,-0.060059,16.601562,-47.485352,-22.460938
1493852587.929600,-0.632324,0.066406,-0.052246,21.484375,-51.086426,-20.996094
1493852587.932269,-0.631348,0.056152,-0.090820,21.606445,-54.382324,-20.446777
1493852587.934939,-0.635742,0.070312,-0.067871,22.583008,-55.847168,-19.836426
1493852587.937608,-0.630371,0.078125,0.007324,23.437500,-56.884766,-19.165039
1493852587.940331,-0.640137,0.101074,-0.014648,22.888184,-56.274414,-19.470215
1493852587.943002,-0.601074,0.116699,-0.001953,26.000977,-56.213379,-20.812988
1493852587.945672,-0.611816,0.113770,-0.075195,29.052734,-51.879883,-22.338867
1493852587.948345,-0.520996,0.097656,-0.011230,29.418945,-48.828125,-24.108887
1493852587.951020,-0.509766,0.135254,-0.128906,24.291992,-46.325684,-27.282715
1493852587.953689,-0.563965,0.131836,-0.073730,19.409180,-43.090820,-29.235840
1493852587.956355,-0.626953,0.130859,-0.005859,2.258301,-40.283203,-32.592773
1493852587.959016,-0.607910,0.128906,-0.057617,11.718750,-36.010742,-35.705566
1493852587.961698,-0.602051,0.085938,-0.048340,7.202148,-32.348633,-37.841797
1493852587.964389,-0.599609,0.044922,-0.031738,7.019043,-27.770996,-39.794922
1493852587.967070,-0.647949,0.062988,-0.134277,7.446289,-28.076172,-41.931152
1493852587.969757,-0.634766,0.061523,-0.089355,5.432129,-30.212402,-44.006348
1493852587.972445,-0.682617,0.017090,-0.094238,3.723145,-31.433105,-45.532227
1493852587.975126,-0.657715,0.008789,-0.134277,3.479004,-30.273438,-44.738770
1493852587.977806,-0.702148,0.017578,-0.017578,6.958008,-29.846191,-41.931152
1493852587.980489,-0.693359,0.009277,-0.042480,8.178711,-46.386719,-41.137695
1493852587.983171,-0.678223,0.120117,-0.099609,6.530762,-32.287598,-40.161133
1493852587.985853,-0.720215,-0.005371,-0.036133,7.629395,-33.752441,-37.841797
1493852587.988662,-0.698242,-0.010742,-0.050293,13.000488,-35.278320,-35.766602
1493852587.991363,-0.672852,-0.119629,-0.051758,16.357422,-37.902832,-35.034180
1493852587.994043,-0.664551,0.116699,0.024902,16.174316,-38.635254,-33.935547
1493852587.996723,-0.705078,0.011230,0.102051,15.869141,-39.123535,-33.325195
1493852587.999404,-0.694824,0.006836,-0.009766,19.042969,-41.137695,-31.372070
1493852588.002088,-0.729004,0.015137,0.038574,23.010254,-41.015625,-30.883789
1493852588.004768,-0.689941,0.032715,-0.009766,22.705078,-42.297363,-31.005859
1493852588.007448,-0.669434,0.034668,-0.037109,21.972656,-41.625977,-32.348633
1493852588.010074,-0.704102,0.067871,-0.015625,23.071289,-39.794922,-33.142090
1493852588.012623,-0.692383,0.055664,-0.003418,25.146484,-38.513184,-34.423828
1493852588.015175,-0.646484,0.037109,0.071289,24.841309,-36.865234,-36.254883
1493852588.017745,-0.694824,0.024902,-0.044922,25.207520,-34.362793,-37.109375
1493852588.020382,-0.650391,0.019531,-0.032715,26.062012,-32.470703,-37.780762
1493852588.023068,-0.680664,0.025391,-0.007812,24.597168,-30.212402,-39.306641
1493852588.025760,-0.668457,0.035156,0.011230,25.085449,-28.564453,-41.625977
1493852588.028472,-0.650391,0.017090,-0.068359,23.925781,-25.634766,-43.212891
1493852588.031183,-0.683594,0.022949,-0.065430,21.972656,-22.033691,-46.264648
1493852588.033870,-0.714844,0.003418,-0.105469,27.526855,-20.202637,-46.752930
1493852588.036556,-0.706543,0.034180,-0.120605,30.700684,-20.690918,-49.011230
1493852588.039268,-0.733398,0.007812,-0.027344,30.700684,-22.705078,-48.950195
1493852588.041982,-0.750977,0.119629,-0.041504,30.090332,-22.827148,-48.706055
1493852588.044667,-0.760742,0.112793,-0.102051,33.386230,-24.230957,-48.645020
1493852588.047350,-0.818848,-0.014160,-0.006836,35.095215,-24.658203,-48.461914
1493852588.050057,-0.804688,0.007324,0.002930,35.583496,-25.817871,-47.058105
1493852588.052765,-0.787109,0.041016,-0.022461,37.902832,-28.564453,-45.776367
1493852588.055446,-0.768555,0.043945,0.056152,35.461426,-31.005859,-46.386719
1493852588.058124,-0.811035,0.092773,0.112793,34.362793,-31.860352,-47.119141
1493852588.060738,-0.763184,0.177734,0.081543,30.151367,-33.630371,-49.926758
1493852588.063291,-0.789062,0.136719,0.011719,27.465820,-32.043457,-51.147461
1493852588.065842,-0.765625,0.171875,0.047852,32.836914,-28.198242,-51.696777
1493852588.068419,-0.785156,0.156738,0.068359,34.179688,-27.282715,-54.016113
1493852588.071066,-0.781250,0.118652,0.116211,31.799316,-28.198242,-56.030273
1493852588.073750,-0.791504,0.144043,0.045410,29.663086,-29.907227,-60.180664
1493852588.076436,-0.847656,0.138672,0.070312,26.245117,-31.127930,-64.880371
1493852588.079125,-0.867188,0.171387,0.041992,23.559570,-30.395508,-69.213867
1493852588.081811,-0.860840,0.182617,0.075684,21.484375,-30.639648,-71.716309
1493852588.084492,-0.892090,0.235840,0.228027,20.263672,-30.334473,-75.012207
1493852588.087173,-0.874512,0.245605,0.079102,14.831543,-28.259277,-79.101562
1493852588.089885,-0.987793,0.262695,0.037109,11.718750,-26.794434,-82.580566
1493852588.092595,-0.938477,0.242188,0.112305,8.972168,-28.808594,-85.144043
1493852588.095276,-0.978027,0.174805,0.040039,5.187988,-31.616211,-87.341309
1493852588.097963,-0.959961,0.185059,0.112305,3.723145,-35.705566,-90.820312
1493852588.100652,-1.111816,0.177246,0.075195,3.479004,-37.658691,-96.252441
1493852588.103329,-1.118652,0.179688,0.045410,2.380371,-37.170410,-101.318359
1493852588.106012,-0.968750,0.184570,0.030273,0.427246,-38.818359,-107.177734
1493852588.108673,-1.009277,0.174805,0.000488,-1.098633,-39.367676,-109.741211
1493852588.111262,-0.968262,0.244629,0.002441,-3.479004,-40.649414,-116.821289
1493852588.113811,-0.975098,0.209961,0.014160,-5.187988,-39.916992,-123.657227
1493852588.116359,-0.986328,0.213867,-0.070801,-6.408691,-36.621094,-125.549316
1493852588.118953,-1.007324,0.168945,0.000488,-7.751465,-35.217285,-127.868652
1493852588.121616,-1.101562,0.116211,0.087891,-6.469727,-39.611816,-125.610352
1493852588.124297,-1.153809,0.138184,-0.088867,-3.295898,-46.691895,-120.910645
1493852588.127087,-1.185547,0.156738,-0.089844,-1.647949,-51.635742,-119.750977
1493852588.129775,-1.196777,0.214844,-0.040527,-3.417969,-52.429199,-122.863770
1493852588.132461,-1.140625,0.233398,-0.011230,-7.568359,-51.452637,-130.432129
1493852588.135138,-1.174805,0.227051,-0.086914,-8.605957,-49.133301,-139.282227
1493852588.137819,-1.165039,0.297363,-0.129883,-7.202148,-46.875000,-147.338867
1493852588.140502,-1.170898,0.258301,-0.149902,-6.896973,-47.119141,-151.245117
1493852588.143183,-1.155762,0.243652,-0.089844,-8.178711,-49.560547,-155.456543
1493852588.145860,-1.198730,0.216797,-0.020996,-8.544922,-50.842285,-160.766602
1493852588.148543,-1.200195,0.223633,-0.223633,-6.469727,-48.339844,-167.846680
1493852588.151228,-1.317383,0.263672,-0.119141,-6.896973,-46.081543,-173.522949
1493852588.153910,-1.142578,0.242676,-0.090820,-6.469727,-47.241211,-177.246094
1493852588.156592,-1.278809,0.235840,-0.179688,-5.432129,-49.194336,-180.236816
1493852588.159252,-1.290039,0.253906,-0.141113,0.671387,-49.621582,-180.664062
1493852588.161843,-1.313965,0.312500,-0.104004,3.601074,-49.499512,-183.959961
1493852588.164393,-1.284668,0.377930,-0.011230,4.394531,-46.691895,-187.316895
1493852588.166942,-1.302734,0.421875,-0.047852,6.286621,-45.288086,-191.650391
1493852588.169495,-1.344727,0.531738,0.027344,9.704590,-49.133301,-195.007324
1493852588.172049,-1.438477,0.612305,-0.062500,6.774902,-50.720215,-201.782227
1493852588.174594,-1.503418,0.701172,-0.003906,3.112793,-49.987793,-203.247070
1493852588.177139,-1.477051,0.774902,-0.095215,-0.549316,-49.255371,-203.979492
1493852588.179752,-1.563965,0.863281,-0.082520,-8.239746,-50.170898,-205.261230
1493852588.182370,-1.573242,0.918945,-0.126465,-14.343262,-52.307129,-205.688477
1493852588.184925,-1.578125,0.966309,-0.358887,-20.141602,-53.100586,-208.312988
1493852588.187478,-1.524902,0.967285,-0.278809,-27.770996,-51.818848,-215.942383
1493852588.190055,-1.468262,0.941895,-0.297363,-31.433105,-49.682617,-225.341797
1493852588.192607,-1.450684,0.913574,-0.368652,-33.874512,-47.241211,-228.881836
1493852588.195155,-1.385742,0.954590,-0.267578,-34.973145,-47.485352,-238.342285
1493852588.197792,-1.326172,0.955566,-0.226562,-46.508789,-46.691895,-252.258301
1493852588.200481,-1.314453,0.931641,-0.162109,-63.354492,-42.358398,-266.418457
1493852588.203127,-1.291992,0.925293,-0.154785,-70.556641,-35.278320,-278.869629
1493852588.205832,-1.308594,0.822754,-0.033203,-78.186035,-28.198242,-293.273926
1493852588.208730,-1.351562,0.702637,-0.038086,-79.650879,-26.611328,-326.477051
1493852588.211570,-1.435059,0.423340,0.046387,-80.688477,-30.456543,-331.665039
1493852588.214118,-1.453613,0.494629,0.032715,-78.979492,-36.987305,-351.562500
1493852588.216665,-1.537598,0.157715,-0.005859,-78.002930,-39.550781,-371.643066
1493852588.219253,-1.525391,0.005371,-0.028320,-77.087402,-37.170410,-387.268066
1493852588.221843,-1.604492,0.003418,0.065430,-73.120117,-34.973145,-393.188477
1493852588.224392,-1.639160,0.041504,-0.052246,-71.289062,-35.583496,-385.070801
1493852588.226940,-1.606934,0.162598,-0.132324,-77.209473,-44.616699,-363.952637
1493852588.229501,-1.633301,0.297363,-0.229004,-77.819824,-54.016113,-333.312988
1493852588.232064,-1.535156,0.439941,-0.208496,-57.739258,-62.500000,-319.396973
1493852588.234608,-1.443359,0.507812,-0.302734,-29.235840,-68.908691,-296.142578
1493852588.237157,-1.383789,0.541992,-0.414062,-14.953613,-75.622559,-286.193848
1493852588.239710,-1.302734,0.571777,-0.343262,7.019043,-80.139160,-289.062500
1493852588.242261,-1.242188,0.595215,-0.347168,17.395020,-83.129883,-301.208496
1493852588.244812,-1.206543,0.618652,-0.365234,16.967773,-89.172363,-316.467285
1493852588.247359,-1.130859,0.558105,-0.434082,6.469727,-94.299316,-329.284668
1493852588.249907,-1.104980,0.467285,-0.404297,-5.065918,-97.045898,-335.021973
1493852588.252454,-1.113281,0.359375,-0.395020,-14.160156,-93.811035,-342.163086
1493852588.254999,-1.078613,0.283691,-0.470703,-16.540527,-90.820312,-344.238281
1493852588.257543,-1.037598,0.214844,-0.431152,-15.014648,-85.998535,-343.627930
1493852588.260398,-1.049805,0.170898,-0.455078,-8.789062,-80.566406,-337.768555
1493852588.262952,-0.996094,0.229980,-0.414062,-8.850098,-78.063965,-326.171875
1493852588.265504,-0.978516,0.297363,-0.403809,-7.141113,-76.782227,-309.692383
1493852588.268098,-0.938477,0.318848,-0.511230,-5.126953,-74.829102,-288.696289
1493852588.270698,-0.919434,0.410645,-0.483887,-3.417969,-71.228027,-263.732910
1493852588.273248,-0.901855,0.506836,-0.375488,-1.403809,-66.223145,-236.999512
1493852588.275795,-0.805664,0.628418,-0.532715,1.342773,-60.424805,-208.679199
1493852588.278383,-0.743164,0.648926,-0.485840,7.446289,-55.847168,-201.416016
1493852588.281043,-0.568359,0.718750,-0.400879,17.028809,-46.875000,-182.861328
1493852588.283728,-0.442383,0.764648,-0.469238,39.184570,-31.311035,-168.090820
1493852588.286410,-0.308105,0.757812,-0.267578,75.744629,-12.573242,-155.883789
1493852588.289103,-0.240234,0.518555,-0.275391,119.140625,3.906250,-148.254395
1493852588.291794,-0.083496,0.365234,-0.244141,152.282715,16.723633,-154.846191
1493852588.294481,-0.104980,0.146484,0.218262,177.978516,26.367188,-182.128906
1493852588.297168,-0.218262,-0.099609,-0.094238,182.617188,18.676758,-226.806641
1493852588.299884,-0.357422,-0.239258,0.040039,187.194824,10.864258,-271.911621
1493852588.302598,-0.357422,-0.182129,-0.317871,112.243652,-11.901855,-290.161133
1493852588.305283,-0.383789,-0.181152,-0.366699,-4.028320,-35.583496,-259.460449
1493852588.307971,-0.338867,-0.364746,-0.015625,-94.970703,-57.556152,-184.814453
1493852588.310657,-0.211426,-0.546387,-0.008789,-109.558105,-74.218750,-93.505859
1493852588.313340,-0.154297,-0.602051,-0.047852,-105.346680,-85.937500,-16.723633
1493852588.316021,-0.203125,-0.592285,-0.087891,-55.664062,-92.590332,36.193848
1493852588.318681,-0.326172,-0.417480,-0.206543,-20.629883,-93.383789,70.007324
1493852588.321275,-0.361328,-0.128906,-0.342773,-11.840820,-94.360352,98.144531
1493852588.323840,-0.416992,0.144043,-0.244141,-21.240234,-92.773438,131.652832
1493852588.326407,-0.441406,0.407715,-0.184082,-31.005859,-87.341309,172.607422
1493852588.329001,-0.476074,0.643066,-0.229004,-36.621094,-78.002930,210.205078
1493852588.331665,-0.458984,0.799316,-0.258301,-34.484863,-66.894531,251.586914
1493852588.334352,-0.372070,0.900391,-0.288574,-32.348633,-57.556152,266.723633
1493852588.337037,-0.194824,0.935059,-0.242188,-32.165527,-51.635742,277.648926
1493852588.339725,-0.198242,0.960938,-0.328613,-33.996582,-48.034668,269.226074
1493852588.342414,-0.073730,0.984375,-0.304199,-32.592773,-43.273926,247.009277
1493852588.345097,0.035156,0.976074,-0.352051,-34.790039,-40.222168,217.773438
1493852588.347786,0.045898,0.957520,-0.347656,-2.075195,-50.109863,187.622070
1493852588.350471,0.017090,0.934082,-0.199219,-27.465820,-28.442383,157.836914
1493852588.353154,0.089355,0.867676,-0.191406,-33.752441,-19.531250,130.249023
1493852588.355839,0.089355,0.760254,-0.207520,-36.315918,-9.216309,108.703613
1493852588.358511,0.055664,0.676758,-0.228516,-39.062500,-1.037598,95.153809
1493852588.361111,-0.055176,0.497070,-0.205078,-43.518066,7.202148,88.562012
1493852588.363662,-0.104980,0.406250,-0.283203,-46.081543,10.253906,88.256836
1493852588.366215,-0.164551,0.261230,-0.222168,-46.997070,14.526367,92.529297
1493852588.368824,-0.155762,0.193359,-0.228516,-46.203613,17.333984,100.036621
1493852588.371435,-0.316406,0.125488,-0.200195,-42.846680,18.188477,109.680176
1493852588.373988,-0.352539,0.038574,-0.160645,-40.039062,18.737793,114.746094
1493852588.376544,-0.226562,0.037109,-0.201172,-37.658691,18.737793,127.136230
1493852588.379197,-0.244141,0.010742,-0.204590,-34.545898,16.967773,140.686035
1493852588.381917,-0.213379,-0.107422,-0.257812,-32.348633,17.028809,154.663086
1493852588.384607,-0.187988,0.014648,-0.248535,-29.357910,16.052246,167.724609
1493852588.387292,-0.185059,0.023438,-0.159668,-27.648926,16.540527,179.565430
1493852588.389980,-0.157715,0.050781,-0.237793,-26.794434,18.188477,190.429688
1493852588.392671,-0.148438,0.089844,-0.207520,-25.207520,20.080566,201.721191
1493852588.395472,-0.170410,0.101562,-0.306152,-25.878906,22.399902,211.608887
1493852588.398163,-0.183594,0.116699,-0.134277,-24.047852,24.230957,220.214844
1493852588.400850,-0.184570,0.140625,-0.216797,-23.620605,26.062012,227.783203
1493852588.403534,-0.160156,0.154785,-0.203613,-22.277832,27.221680,234.313965
1493852588.406219,-0.274902,0.153809,-0.294434,-20.263672,27.221680,241.210938
1493852588.408911,-0.292480,0.145020,-0.255371,-17.395020,27.465820,246.337891
1493852588.411602,-0.318848,0.179688,-0.327148,-0.305176,28.076172,251.403809
1493852588.414287,-0.298828,0.190918,-0.203613,-13.977051,29.663086,256.103516
1493852588.416971,-0.313965,0.189453,-0.255371,-12.939453,31.005859,259.643555
1493852588.419624,-0.336426,0.212891,-0.259277,-11.901855,31.982422,262.390137
1493852588.422208,-0.366699,0.228516,-0.267578,-10.681152,32.531738,264.099121
1493852588.424757,-0.308105,0.356445,-0.207520,-10.009766,33.264160,265.075684
1493852588.427310,-0.352539,0.243652,-0.269531,-6.164551,35.644531,266.540527
1493852588.429945,-0.378418,0.218262,-0.205566,-4.638672,39.184570,267.822266
1493852588.432651,-0.369141,0.233887,-0.153809,-4.394531,42.053223,269.165039
1493852588.435328,-0.401367,0.187500,-0.130371,-2.868652,44.616699,273.132324
1493852588.438013,-0.393555,0.192383,-0.253906,-0.244141,45.776367,278.381348
1493852588.440699,-0.439453,0.160645,-0.216797,2.563477,45.959473,282.958984
1493852588.443377,-0.434570,0.192871,-0.294434,4.516602,47.119141,288.085938
1493852588.446058,-0.441406,0.185547,-0.150391,7.873535,47.180176,291.442871
1493852588.448742,-0.451172,0.228516,-0.308594,11.596680,47.363281,294.250488
1493852588.451430,-0.449219,0.224121,-0.202148,15.014648,48.645020,295.593262
1493852588.454112,-0.474609,0.251465,-0.258301,17.456055,50.598145,296.447754
1493852588.456792,-0.459961,0.279297,-0.234863,20.874023,53.405762,297.302246
1493852588.459480,-0.525391,0.294922,-0.152344,23.376465,55.786133,296.447754
1493852588.462172,-0.537598,0.297363,-0.320312,24.658203,58.837891,296.020508
1493852588.464858,-0.519531,0.269043,-0.272949,25.390625,61.035156,295.776367
1493852588.467545,-0.534180,0.261719,-0.194336,26.733398,63.781738,294.799805
1493852588.470171,-0.550781,0.222656,-0.285645,27.893066,66.345215,294.433594
1493852588.472725,-0.580566,0.191406,-0.229980,28.442383,67.749023,294.433594
1493852588.475278,-0.604980,0.204590,-0.238281,30.395508,70.556641,296.386719
1493852588.477847,-0.570801,0.185547,-0.239746,30.334473,73.608398,298.950195
1493852588.480486,-0.626953,0.179199,-0.262695,30.273438,75.500488,302.307129
1493852588.483170,-0.646973,0.164551,-0.130371,29.296875,77.819824,307.739258
1493852588.485854,-0.632324,0.166504,-0.189453,27.832031,81.237793,312.622070
1493852588.488546,-0.675293,0.161621,-0.197754,28.015137,84.594727,313.964844
1493852588.491231,-0.660645,0.166504,-0.267578,26.855469,88.439941,317.871094
1493852588.493909,-0.677246,0.169922,-0.224121,27.038574,90.515137,322.143555
1493852588.496588,-0.728027,0.177734,-0.187012,25.024414,93.750000,325.927734
1493852588.499273,-0.697754,0.196777,-0.235840,23.620605,96.374512,330.200195
1493852588.501963,-0.737793,0.213867,-0.218262,23.925781,99.548340,333.923340
1493852588.504650,-0.755371,0.246094,-0.224121,21.423340,102.539062,338.317871
1493852588.507332,-0.776855,0.272949,-0.231934,19.165039,105.590820,341.552734
1493852588.510015,-0.802246,0.271484,-0.209961,18.188477,108.032227,343.505859
1493852588.512700,-0.868164,0.316406,-0.175293,15.991211,110.534668,346.740723
1493852588.515381,-0.907227,0.310059,-0.225586,15.625000,112.731934,346.862793
1493852588.518072,-0.968262,0.340820,-0.283203,14.831543,114.990234,344.665527
1493852588.520695,-1.088867,0.357422,-0.187500,13.305664,117.736816,342.712402
1493852588.523244,-1.020996,0.338867,-0.269531,13.122559,121.826172,340.087891
1493852588.525793,-1.072266,0.328613,-0.211914,12.817383,123.229980,337.951660
1493852588.528363,-1.063477,0.306641,-0.243652,13.549805,125.915527,336.181641
1493852588.531006,-1.121582,0.283691,-0.187012,12.145996,129.028320,335.571289
1493852588.533692,-1.176758,0.320312,-0.316895,10.498047,131.225586,334.716797
1493852588.536484,-1.211914,0.310547,-0.263672,6.835938,132.873535,335.327148
1493852588.539171,-1.229492,0.330078,-0.304199,8.300781,135.314941,334.716797
1493852588.541860,-1.269043,0.316895,-0.259277,10.131836,137.939453,333.984375
1493852588.544543,-1.337402,0.312500,-0.259766,12.145996,141.235352,332.580566
1493852588.547223,-1.346191,0.311035,-0.319824,10.498047,144.409180,331.970215
1493852588.549853,-1.382324,0.300781,-0.322754,6.469727,148.315430,332.214355
1493852588.552413,-1.429688,0.319824,-0.334961,3.417969,149.597168,333.923340
1493852588.554963,-1.528320,0.293945,-0.322754,-0.427246,152.954102,334.716797
1493852588.557513,-1.567871,0.253906,-0.289551,-2.502441,155.944824,333.801270
1493852588.560131,-1.614258,0.250488,-0.372559,-5.310059,159.851074,332.641602
1493852588.562809,-1.626953,0.177246,-0.251465,-8.789062,163.146973,331.359863
1493852588.565492,-1.693848,0.142090,-0.314453,-14.221191,166.992188,331.054688
1493852588.568169,-1.758301,0.080078,-0.312988,-18.371582,168.945312,333.496094
1493852588.570780,-1.820312,0.038574,-0.320312,-23.010254,186.584473,335.510254
1493852588.573333,-1.861816,-0.026855,-0.217773,-27.160645,173.828125,339.477539
1493852588.575886,-1.851074,-0.128906,-0.113770,-33.264160,176.025391,343.627930
1493852588.578463,-1.861816,-0.185059,-0.038574,-38.452148,177.978516,345.397949
1493852588.581108,-1.859375,-0.269531,0.110352,-37.292480,184.509277,349.304199
1493852588.583794,-1.821289,-0.308105,0.084961,-36.621094,190.124512,355.102539
1493852588.586481,-1.828125,-0.276855,0.061523,-36.010742,193.969727,362.365723
1493852588.589169,-1.867188,-0.265625,0.038086,-40.588379,191.467285,368.957520
1493852588.591856,-1.899902,-0.253906,0.135254,-43.701172,184.570312,371.276855
1493852588.594538,-1.869141,-0.366699,0.038086,-40.222168,180.358887,365.722656
1493852588.597220,-1.884766,-0.266602,0.099609,-35.339355,177.124023,350.219727
1493852588.599907,-1.876465,-0.248047,0.082031,-32.165527,174.926758,328.125000
1493852588.602598,-1.853516,-0.265137,0.018555,-32.775879,171.997070,304.443359
1493852588.605281,-1.919922,-0.292480,0.000000,-33.203125,170.654297,283.325195
1493852588.607970,-1.935059,-0.338867,-0.036133,-36.682129,170.837402,268.432617
1493852588.610659,-1.949219,-0.445801,0.113770,-58.532715,168.823242,260.742188
1493852588.613343,-2.062500,-0.550781,0.034668,-51.086426,163.940430,260.131836
1493852588.616029,-2.117188,-0.692871,0.192871,-56.823730,157.592773,257.812500
1493852588.618699,-2.226562,-0.885742,0.129883,-58.288574,151.916504,261.108398
1493852588.621294,-2.099609,-1.015137,0.167480,-51.574707,149.536133,266.662598
1493852588.623845,-2.120605,-1.226562,0.116699,-37.902832,145.202637,266.784668
1493852588.626398,-1.962402,-1.226562,0.088379,-30.822754,138.366699,260.375977
1493852588.628994,-1.830566,-1.383789,0.064941,-22.583008,131.347656,237.182617
1493852588.631660,-1.693359,-1.541504,0.036621,-19.470215,124.633789,233.459473
1493852588.634344,-1.532715,-1.765625,0.057617,-15.197754,120.117188,194.824219
1493852588.637028,-1.430664,-1.926758,0.262695,-12.756348,118.103027,185.180664
1493852588.639717,-1.337402,-2.059570,0.325195,-8.972168,116.577148,146.911621
1493852588.642400,-1.323730,-2.214355,0.510254,-8.850098,113.281250,141.662598
1493852588.645079,-1.282715,-2.283691,0.558594,-6.591797,108.459473,122.924805
1493852588.647759,-1.281738,-2.282715,0.703613,0.244141,101.989746,105.285645
1493852588.650441,-1.300293,-2.277832,0.696289,5.920410,95.886230,88.928223
1493852588.653120,-1.347656,-2.198730,0.691406,10.253906,88.073730,71.960449
1493852588.655804,-1.478027,-2.093262,0.663574,13.793945,78.002930,53.100586
1493852588.658494,-1.416992,-1.880859,0.646484,13.549805,65.246582,33.020020
1493852588.661187,-1.509277,-1.884277,0.519531,13.732910,47.851562,10.437012
1493852588.663870,-1.492188,-1.794434,0.474121,30.578613,28.747559,-13.427734
1493852588.666552,-1.315918,-1.577637,0.352539,17.272949,9.338379,-38.818359
1493852588.669220,-1.190430,-1.139160,0.325684,-5.310059,1.098633,-85.021973
1493852588.671926,-0.931641,-0.962891,0.199219,-27.404785,4.150391,-146.972656
1493852588.674475,-0.904297,-1.265137,0.148438,-17.395020,-19.104004,-197.814941
1493852588.677027,-1.379883,-2.023926,0.081055,-0.976562,-51.269531,-211.608887
1493852588.679574,-1.621094,-2.090820,0.233887,13.488770,-97.900391,-198.486328
1493852588.682124,-1.510742,-1.639160,0.204102,-6.835938,-108.093262,-173.461914
1493852588.684669,-1.365234,-1.599121,0.373047,-41.259766,-77.575684,-166.137695
1493852588.687215,-1.516602,-1.016113,0.100586,-40.954590,-69.030762,-141.296387
1493852588.689835,-1.611816,-0.567383,-0.806152,-25.268555,-39.794922,-141.296387
1493852588.692525,-1.289551,-0.330078,0.442871,0.061035,21.179199,-174.560547
1493852588.695207,-0.842773,-0.302734,0.202637,41.748047,50.231934,-191.894531
1493852588.697895,-0.633301,-0.121094,0.729492,82.580566,70.983887,-171.752930
1493852588.700585,-0.992188,0.283691,-0.618652,116.943359,50.048828,-129.028320
1493852588.703269,-1.081543,1.065918,-0.391113,137.939453,55.725098,-88.684082
1493852588.705950,-1.313965,1.672363,-0.726074,159.667969,44.494629,-49.987793
1493852588.708661,-1.520508,2.239258,-0.591309,152.709961,9.887695,-9.033203
1493852588.711368,-1.644531,2.770996,-0.406250,143.249512,-42.968750,28.747559
1493852588.714048,-1.505371,2.966797,-0.347168,138.977051,-100.646973,44.128418
1493852588.716728,-1.420898,2.851074,-0.169434,141.906738,-162.902832,13.183594
1493852588.719413,-1.312500,2.326172,-0.119629,130.615234,-187.988281,-83.679199
1493852588.722098,-1.036133,1.678711,0.248535,111.328125,-205.810547,-226.684570
1493852588.724782,-0.960449,1.169434,0.263672,85.083008,-179.809570,-380.432129
1493852588.727466,-0.821777,0.605957,0.428711,44.189453,-160.339355,-513.122559
1493852588.730096,-0.624512,-0.045410,0.583984,8.361816,-119.506836,-608.398438
1493852588.732646,-0.451660,-0.572266,0.615723,-6.774902,-90.637207,-669.799805
1493852588.735194,-0.407715,-1.044922,0.545898,-3.417969,-79.040527,-665.710449
1493852588.737764,-0.417480,-1.308594,0.483887,3.723145,-79.040527,-655.090332
1493852588.740403,-0.587891,-1.511719,0.294922,-4.272461,-74.584961,-615.234375
1493852588.743083,-0.786621,-1.638184,0.214844,-20.568848,-59.082031,-548.400879
1493852588.745767,-1.187012,-1.660156,0.104980,-39.550781,-42.358398,-463.012695
1493852588.748474,-1.626465,-1.481934,0.084473,-42.968750,-37.780762,-366.821289
1493852588.751181,-2.080566,-1.183594,0.005371,-40.100098,-43.884277,-282.043457
1493852588.753868,-2.097656,-0.673340,-0.004395,-11.108398,-60.668945,-220.581055
1493852588.756555,-2.004883,-0.394531,-0.044922,14.587402,-86.853027,-176.391602
1493852588.759260,-1.703613,-0.139648,-0.112793,19.104004,-107.238770,-136.535645
1493852588.761968,-1.366211,-0.004395,-0.034668,55.175781,-130.004883,-96.313477
1493852588.764651,-0.912598,0.094238,0.057129,76.904297,-150.817871,-67.626953
1493852588.767334,-0.608887,0.215820,-0.116211,73.608398,-149.291992,-55.541992
1493852588.770020,-0.364258,0.316406,-0.237793,82.092285,-127.807617,-60.119629
1493852588.772707,-0.127441,0.314941,-0.261719,80.810547,-103.820801,-70.861816
1493852588.775392,-0.125000,0.404297,-0.343262,80.627441,-82.580566,-86.120605
1493852588.778070,0.023438,0.437012,-0.490723,70.739746,-73.547363,-104.797363
1493852588.780680,-0.006836,0.476074,-0.354004,53.588867,-56.884766,-128.112793
1493852588.783229,-0.096680,0.474121,-0.465332,35.644531,-47.668457,-152.832031
1493852588.785775,-0.260254,0.433594,-0.501953,21.972656,-39.428711,-179.870605
1493852588.788347,-0.463867,0.328125,-0.529785,5.126953,-29.357910,-200.622559
1493852588.790920,-0.563477,0.166504,-0.425781,-17.028809,-19.653320,-202.514648
1493852588.793472,-0.650879,-0.099609,-0.476562,-43.701172,-14.770508,-213.134766
1493852588.796020,-0.693359,-0.171387,-0.380859,-73.425293,-12.207031,-215.209961
1493852588.798604,-0.737305,-0.282227,-0.401855,-80.993652,-16.906738,-208.557129
1493852588.801263,-0.806152,-0.397949,-0.345703,-100.097656,-19.287109,-193.664551
1493852588.803950,-0.848633,-0.531250,-0.231934,-111.450195,-43.884277,-175.476074
1493852588.806744,-0.918945,-0.614258,-0.080078,-115.356445,-44.921875,-152.954102
1493852588.809453,-0.895508,-0.580566,-0.082031,-122.192383,-43.518066,-127.990723
1493852588.812162,-0.998047,-0.595703,-0.023438,-122.802734,-52.062988,-100.524902
1493852588.814843,-0.981934,-0.498535,0.117188,-113.159180,-75.805664,-73.547363
1493852588.817524,-0.922852,-0.371094,-0.052734,-98.510742,-64.636230,-47.912598
1493852588.820217,-0.874512,-0.261719,-0.003418,-80.383301,-67.871094,-32.714844
1493852588.822905,-0.810547,-0.128906,-0.099121,-63.415527,-70.251465,-24.597168
1493852588.825588,-0.720215,-0.117188,-0.142578,-49.255371,-73.120117,-19.592285
1493852588.828277,-0.653809,0.089355,-0.155762,-39.916992,-75.012207,-18.066406
1493852588.830971,-0.569824,0.103516,0.077148,-39.733887,-76.477051,-21.972656
1493852588.833657,-0.514648,0.072754,0.089355,-41.503906,-74.951172,-30.639648
1493852588.836341,-0.537109,0.030762,0.172852,-45.471191,-70.251465,-39.306641
1493852588.838993,-0.537109,-0.012695,0.142578,-47.485352,-61.584473,-45.227051
1493852588.841572,-0.562500,-0.032715,0.082031,-50.354004,-49.682617,-47.790527
1493852588.844121,-0.634766,-0.084473,0.114746,-50.781250,-37.170410,-50.781250
1493852588.846673,-0.653809,-0.073730,0.030762,-46.020508,-25.939941,-48.583984
1493852588.849293,-0.648438,-0.073730,0.016602,-41.564941,-16.723633,-43.518066
1493852588.851983,-0.722656,0.015625,-0.007812,-34.301758,-14.526367,-34.362793
1493852588.854669,-0.708008,0.053711,-0.085449,-29.235840,-16.479492,-25.939941
1493852588.857352,-0.735352,0.080566,-0.085449,-28.015137,-22.644043,-22.216797
1493852588.860053,-0.703125,0.083496,-0.062012,-25.268555,-26.367188,-22.888184
1493852588.862755,-0.688477,0.060059,0.000000,-23.376465,-27.404785,-27.893066
1493852588.865443,-0.619141,0.052246,-0.120117,-19.836426,-24.047852,-33.569336
1493852588.868130,-0.652344,0.020996,-0.009766,-20.019531,-17.883301,-37.475586
1493852588.870818,-0.731445,0.039062,-0.091309,-18.127441,-14.343262,-39.794922
1493852588.873501,-0.588867,0.013184,-0.091309,-18.066406,-8.605957,-39.367676
1493852588.876184,-0.619629,0.012207,-0.098633,-17.333984,-6.408691,-37.719727
1493852588.878858,-0.568359,0.020508,-0.186523,-17.028809,-6.164551,-34.790039
1493852588.881464,-0.584961,0.009766,-0.083984,-14.831543,-7.263184,-31.005859
1493852588.884017,-0.634766,0.002930,-0.113770,-14.465332,-7.568359,-27.526855
1493852588.886572,-0.659668,0.037109,-0.091309,-14.709473,-6.713867,-25.146484
1493852588.889174,-0.686523,0.065430,-0.039551,-14.953613,-5.126953,-21.911621
1493852588.891849,-0.678223,0.089355,-0.130859,-17.089844,-1.037598,-18.676758
1493852588.894533,-0.712402,0.085938,-0.002930,-16.296387,1.525879,-18.005371
1493852588.897216,-0.714844,0.116699,-0.036621,-16.418457,3.479004,-19.165039
1493852588.899904,-0.685059,0.111328,-0.077148,-13.427734,2.624512,-20.812988
1493852588.902593,-0.686523,0.075684,-0.103027,-10.925293,3.356934,-23.254395
1493852588.905277,-0.690430,0.048340,-0.109863,-7.812500,3.356934,-26.062012
1493852588.907963,-0.655762,0.048828,-0.160156,-6.835938,5.554199,-27.343750
1493852588.910645,-0.656250,0.013184,-0.045898,-6.652832,6.286621,-26.306152
1493852588.913328,-0.672852,0.019043,-0.168945,-7.751465,7.629395,-23.498535
1493852588.916008,-0.661621,0.001465,-0.177734,-9.765625,6.958008,-19.775391
1493852588.918694,-0.706055,0.005371,-0.109863,-7.934570,4.638672,-15.625000
1493852588.921382,-0.679199,0.015625,-0.185059,-5.859375,2.868652,-11.596680
1493852588.924065,-0.667480,0.009277,-0.157715,-3.356934,0.427246,-9.216309
1493852588.926742,-0.709961,0.033203,-0.083984,-1.281738,-2.563477,-7.263184
1493852588.929384,-0.672852,0.045898,-0.025879,-0.610352,-3.662109,-5.432129
1493852588.931956,-0.648926,0.075195,-0.033203,-1.037598,-4.028320,-4.760742
1493852588.934496,-0.707031,0.060059,-0.002930,-1.892090,-3.112793,-3.723145
1493852588.937039,-0.658691,0.091309,-0.205078,-1.464844,-2.441406,-3.845215
1493852588.939583,-0.665039,0.044922,-0.119141,-2.136230,-1.892090,-4.394531
1493852588.942126,-0.660645,-0.106445,-0.043945,-0.122070,-2.380371,-5.554199
1493852588.944774,-0.697754,-0.018555,-0.184570,2.929688,-7.324219,-5.065918
1493852588.947313,-0.706543,-0.030273,-0.124512,12.268066,-14.587402,-2.197266
1493852588.949930,-0.733887,-0.010742,-0.119141,22.521973,-23.315430,4.211426
1493852588.952622,-0.729004,0.030762,-0.134766,28.991699,-29.663086,10.131836
1493852588.955307,-0.687012,0.102051,-0.046875,27.648926,-30.700684,12.573242
1493852588.957994,-0.685547,0.160156,-0.037109,23.620605,-29.357910,11.230469
1493852588.960682,-0.643066,0.184570,-0.012207,16.784668,-22.644043,5.798340
1493852588.963392,-0.651855,0.206543,-0.009766,10.986328,-14.282227,-2.441406
1493852588.966097,-0.623535,0.192871,-0.123047,9.094238,-6.042480,-11.535645
1493852588.968765,-0.615723,0.140625,-0.091797,11.291504,-1.892090,-20.507812
1493852588.971425,-0.570312,0.072266,-0.107422,12.268066,1.037598,-25.329590
1493852588.974093,-0.576172,0.049805,-0.106445,12.512207,0.671387,-27.038574
1493852588.976781,-0.595703,-0.008301,-0.014648,12.084961,-1.647949,-24.658203
1493852588.979488,-0.625977,-0.018555,-0.085449,12.573242,-3.540039,-21.728516
1493852588.982195,-0.647949,-0.028809,-0.130371,11.535645,-5.310059,-18.310547
1493852588.984879,-0.679199,0.105469,-0.119141,11.657715,-4.638672,-15.380859
1493852588.987563,-0.636230,0.024414,-0.175781,10.498047,-3.723145,-13.183594
1493852588.990175,-0.659668,0.007324,-0.137695,8.178711,-1.831055,-12.023926
1493852588.992727,-0.682129,0.024414,-0.070312,7.995605,0.366211,-10.131836
1493852588.995277,-0.669434,0.045898,-0.197754,8.178711,1.159668,-7.751465
1493852588.997828,-0.658691,0.033203,-0.184570,8.972168,-0.854492,-7.568359
1493852589.000450,-0.681152,0.021484,-0.175781,7.812500,-4.211426,-7.568359
1493852589.003128,-0.692383,0.022461,-0.226562,7.263184,-8.789062,-9.338379
1493852589.005805,-0.696289,0.050293,-0.175293,11.535645,-14.221191,-9.765625
1493852589.008493,-0.708496,0.060547,-0.212891,15.075684,-17.028809,-10.559082
1493852589.011182,-0.725586,0.041016,-0.092773,17.028809,-22.216797,-11.840820
1493852589.013862,-0.713379,0.052246,-0.233887,21.484375,-26.062012,-11.657715
1493852589.016540,-0.704590,0.036133,-0.181152,22.827148,-45.410156,-11.169434
1493852589.019220,-0.692871,0.003418,-0.079590,26.977539,-33.325195,-10.131836
1493852589.021904,-0.674316,0.037109,-0.119629,35.034180,-38.757324,-8.422852
1493852589.024587,-0.664062,0.085938,-0.091797,36.987305,-41.931152,-7.263184
1493852589.027267,-0.658691,0.075195,-0.037109,33.508301,-41.259766,-6.774902
1493852589.029952,-0.617188,0.138184,-0.097656,29.663086,-39.978027,-9.155273
1493852589.032639,-0.629883,0.117188,-0.028809,27.099609,-36.621094,-10.803223
1493852589.035322,-0.545898,0.116211,0.013184,27.648926,-33.142090,-12.756348
1493852589.038002,-0.625000,0.136230,-0.182617,24.658203,-34.667969,-17.150879
1493852589.040606,-0.597656,0.087891,-0.067871,20.935059,-28.930664,-19.592285
1493852589.043159,-0.621094,0.113281,-0.118652,17.700195,-21.423340,-21.911621
1493852589.045714,-0.623535,0.080566,-0.135254,16.052246,-15.808105,-23.620605
1493852589.048310,-0.687012,0.089355,-0.109863,15.502930,-11.596680,-25.085449
1493852589.050974,-0.665039,0.082520,-0.238281,14.404297,-11.108398,-25.756836
1493852589.053658,-0.687988,0.043457,-0.213867,15.625000,-14.099121,-27.648926
1493852589.056343,-0.703125,0.020508,-0.145996,16.723633,-18.188477,-29.174805
1493852589.059030,-0.709473,0.043457,-0.185059,18.249512,-22.705078,-30.029297
1493852589.061718,-0.673340,0.054199,-0.120605,21.179199,-23.437500,-28.869629
1493852589.064403,-0.688477,0.038574,-0.044922,24.108887,-23.498535,-26.489258
1493852589.067090,-0.646484,0.052246,-0.104004,24.658203,-25.024414,-25.695801
1493852589.069778,-0.681152,0.064453,-0.030273,22.521973,-25.207520,-26.306152
1493852589.072464,-0.668457,0.095215,-0.140625,23.498535,-25.573730,-27.099609
1493852589.075146,-0.623047,0.077637,-0.077148,22.277832,-28.259277,-27.526855
1493852589.077847,-0.638184,0.087402,-0.144043,21.667480,-31.188965,-30.151367
1493852589.080483,-0.638184,0.060059,-0.061523,22.705078,-31.311035,-32.104492
1493852589.083136,-0.628906,0.043945,-0.108398,22.949219,-32.165527,-34.423828
1493852589.085683,-0.696777,0.026855,-0.141113,23.559570,-32.714844,-34.973145
1493852589.088254,-0.696289,0.022461,-0.193359,24.414062,-33.874512,-35.644531
1493852589.090898,-0.679199,0.022461,-0.149902,22.338867,-35.400391,-36.743164
1493852589.093583,-0.630371,0.024414,-0.140625,22.216797,-36.132812,-36.682129
1493852589.096265,-0.687012,0.026855,-0.121582,23.437500,-37.780762,-35.400391
1493852589.098950,-0.691406,0.031738,-0.111328,23.132324,-36.804199,-34.729004
1493852589.101639,-0.640137,0.064453,-0.200195,20.874023,-36.926270,-35.156250
1493852589.104319,-0.669434,0.022949,-0.150879,20.874023,-36.499023,-36.560059
1493852589.107002,-0.679199,0.047852,-0.149902,20.446777,-35.766602,-38.574219
1493852589.109689,-0.653809,0.036621,-0.142578,24.963379,-34.912109,-38.940430
1493852589.112375,-0.651855,0.022461,-0.026855,28.930664,-33.874512,-38.757324
1493852589.115059,-0.662109,0.031738,-0.027832,29.357910,-32.897949,-39.916992
1493852589.117744,-0.679199,0.003418,-0.177246,26.123047,-31.066895,-42.236328
1493852589.120429,-0.678711,0.038574,-0.101562,25.756836,-29.296875,-43.273926
1493852589.123110,-0.665039,0.048828,-0.125000,25.878906,-30.639648,-43.395996
1493852589.125793,-0.724121,0.018555,-0.062500,25.085449,-31.066895,-44.982910
1493852589.128469,-0.709473,0.022461,-0.050293,26.855469,-31.066895,-45.166016
1493852589.131073,-0.723633,0.073730,-0.083984,26.367188,-31.738281,-44.433594
1493852589.133628,-0.764648,0.058594,-0.069336,22.888184,-33.020020,-43.518066
1493852589.136182,-0.770996,0.080078,0.073242,19.531250,-33.508301,-43.457031
1493852589.138771,-0.772461,0.072754,-0.120117,21.301270,-32.348633,-43.640137
1493852589.141436,-0.753906,0.065918,-0.022949,25.756836,-29.235840,-45.532227
1493852589.144118,-0.825684,0.056152,-0.030273,26.672363,-27.648926,-48.095703
1493852589.146796,-0.744141,0.015137,0.008789,29.235840,-27.404785,-49.865723
1493852589.149483,-0.759277,0.041016,0.021973,31.127930,-29.418945,-51.513672
1493852589.152171,-0.747070,0.060059,-0.120117,28.625488,-29.785156,-52.673340
1493852589.154854,-0.792480,0.027344,0.076172,28.503418,-30.578613,-53.527832
1493852589.157537,-0.778809,0.047852,0.041504,29.174805,-31.127930,-53.527832
1493852589.160234,-0.808105,0.097656,0.000000,28.930664,-30.273438,-53.405762
1493852589.162923,-0.794922,0.083984,0.033691,30.578613,-30.578613,-54.443359
1493852589.165610,-0.825684,0.094238,0.003418,30.700684,-30.456543,-55.603027
1493852589.168302,-0.802246,0.116211,-0.019531,30.639648,-30.456543,-59.082031
1493852589.170991,-0.824219,0.147461,0.022949,29.418945,-31.066895,-65.002441
1493852589.173676,-0.787598,0.157715,-0.017090,26.672363,-30.883789,-72.326660
1493852589.176362,-0.798828,0.140625,0.016602,24.780273,-29.846191,-76.660156
1493852589.179048,-0.823730,0.169922,-0.095703,23.681641,-28.198242,-77.697754
1493852589.181663,-0.824219,0.152344,0.044434,20.690918,-28.320312,-78.552246
1493852589.184216,-0.826660,0.146484,-0.107910,16.662598,-29.479980,-79.467773
1493852589.186768,-0.873047,0.140137,0.050781,18.859863,-32.348633,-80.810547
1493852589.189395,-0.851562,0.178711,-0.020996,19.775391,-34.973145,-83.496094
1493852589.192110,-0.761230,0.160156,0.051758,15.502930,-35.339355,-88.500977
1493852589.194744,-0.916504,0.196777,0.000488,9.399414,-33.813477,-107.543945
1493852589.197292,-0.937012,0.177734,0.011230,5.920410,-32.348633,-97.595215
1493852589.199973,-0.977051,0.136719,0.088379,5.676270,-33.874512,-100.708008
1493852589.202701,-0.927734,0.164551,-0.116211,7.019043,-36.621094,-100.646973
1493852589.205448,-0.940918,0.128418,-0.010742,4.394531,-39.001465,-103.942871
1493852589.208399,-0.992188,0.147949,-0.014648,1.342773,-38.696289,-110.778809
1493852589.211308,-0.948242,0.130859,0.000977,-0.976562,-39.062500,-116.149902
1493852589.213857,-0.958496,0.131836,0.026367,-2.807617,-39.794922,-118.652344
1493852589.216397,-0.892090,0.132812,-0.019531,-2.014160,-40.893555,-121.459961
1493852589.218987,-1.000977,0.138184,-0.074219,-2.136230,-43.151855,-122.924805
1493852589.221579,-1.019531,0.130859,-0.032715,-3.112793,-44.067383,-122.924805
1493852589.224236,-1.029785,0.168457,-0.054688,-3.417969,-45.837402,-124.694824
1493852589.226781,-1.032227,0.173340,-0.022949,-5.615234,-45.837402,-130.676270
1493852589.229333,-1.050781,0.177734,-0.027344,-7.629395,-45.532227,-136.413574
1493852589.231882,-1.051758,0.200195,-0.169434,-10.070801,-44.982910,-143.371582
1493852589.234430,-1.106445,0.154297,-0.125000,-10.131836,-44.372559,-147.827148
1493852589.236979,-1.152832,0.168457,-0.142578,-11.047363,-41.809082,-149.047852
1493852589.239529,-1.096680,0.150391,-0.067383,-11.596680,-42.053223,-153.686523
1493852589.242080,-1.130371,0.075195,-0.129883,-7.202148,-39.550781,-158.691406
1493852589.244623,-1.028809,0.091797,-0.117188,-3.967285,-38.146973,-161.437988
1493852589.247169,-1.177734,0.088867,-0.135254,-3.723145,-36.010742,-165.771484
1493852589.249758,-1.152832,0.099609,-0.128906,0.549316,-34.179688,-166.992188
1493852589.252346,-1.152832,0.091797,-0.082031,5.554199,-30.761719,-166.687012
1493852589.254889,-1.171875,0.097656,-0.156250,10.253906,-29.724121,-163.940430
1493852589.257433,-1.208984,0.171875,-0.106445,12.878418,-30.639648,-161.926270
1493852589.260068,-1.253418,0.251465,-0.016602,16.418457,-33.752441,-159.606934
1493852589.262707,-1.246582,0.285645,0.006348,17.700195,-36.376953,-160.644531
1493852589.265258,-1.225098,0.398926,0.052246,21.728516,-38.208008,-163.635254
1493852589.267855,-1.312500,0.505371,-0.020996,21.728516,-40.222168,-167.846680
1493852589.270531,-1.336914,0.607910,-0.070801,20.202637,-39.916992,-173.217773
1493852589.273208,-1.391602,0.689453,0.018555,0.549316,-39.916992,-175.537109
1493852589.275877,-1.563477,0.703613,-0.106934,10.620117,-41.198730,-176.391602
1493852589.278552,-1.541504,0.728516,-0.116699,4.028320,-44.982910,-173.889160
1493852589.281228,-1.578125,0.770020,-0.258301,0.061035,-48.767090,-169.677734
1493852589.283898,-1.558594,0.853516,-0.160645,-4.882812,-49.865723,-172.058105
1493852589.286563,-1.538574,0.880371,-0.352051,-12.207031,-49.377441,-180.847168
1493852589.289280,-1.448242,0.879883,-0.238770,-21.667480,-45.104980,-189.819336
1493852589.292011,-1.486328,0.939453,-0.175293,-28.198242,-39.123535,-203.796387
1493852589.294703,-1.283203,1.090332,-0.130859,-38.269043,-29.785156,-218.872070
1493852589.297390,-1.244629,1.005859,-0.246094,-52.429199,-2.502441,-236.633301
1493852589.300110,-1.222168,1.017090,-0.205078,-58.776855,-11.840820,-251.770020
1493852589.302803,-1.270996,1.001953,-0.085938,-58.898926,-29.235840,-266.540527
1493852589.305489,-1.318359,0.876953,-0.016602,-53.955078,-24.047852,-283.569336
1493852589.308171,-1.406250,0.929199,-0.001465,-47.119141,-33.874512,-298.400879
1493852589.310790,-1.446777,0.775391,0.048340,-42.419434,-41.931152,-316.467285
1493852589.313344,-1.515625,0.615723,0.076172,-44.982910,-42.663574,-340.698242
1493852589.315898,-1.478516,0.409668,0.063477,-53.344727,-36.560059,-342.163086
1493852589.318563,-1.541504,0.293945,-0.120117,-66.833496,-24.841309,-360.961914
1493852589.321276,-1.575684,0.251953,-0.119629,-82.275391,-20.507812,-371.643066
1493852589.323961,-1.604492,0.197754,-0.116211,-85.876465,-19.287109,-373.779297
1493852589.326667,-1.685547,0.183105,-0.054688,-78.735352,-16.540527,-368.896484
1493852589.329359,-1.667480,0.166992,-0.213867,-58.288574,-16.540527,-364.624023
1493852589.332047,-1.583008,0.289062,-0.287109,-31.860352,-20.141602,-359.313965
1493852589.334729,-1.552246,0.402344,-0.275391,-9.155273,-26.916504,-354.064941
1493852589.337409,-1.443359,0.490234,-0.341797,0.061035,-33.874512,-349.121094
1493852589.340041,-1.360840,0.561035,-0.316895,11.352539,-40.771484,-344.055176
1493852589.342595,-1.335449,0.556152,-0.496582,13.793945,-43.945312,-339.660645
1493852589.345144,-1.253906,0.552246,-0.368652,8.789062,-44.982910,-336.791992
1493852589.347729,-1.140625,0.484863,-0.391113,1.342773,-46.936035,-337.463379
1493852589.350381,-1.193848,0.356445,-0.468262,-6.591797,-48.156738,-339.782715
1493852589.353063,-1.167480,0.208984,-0.376953,-12.329102,-48.400879,-343.994141
1493852589.355745,-1.122559,0.128418,-0.359375,-9.338379,-48.583984,-346.740723
1493852589.358521,-1.115723,0.124512,-0.410645,0.549316,-49.377441,-346.191406
1493852589.361120,-1.237793,0.142578,-0.367188,13.488770,-52.490234,-343.688965
1493852589.363669,-1.096680,0.175293,-0.441406,21.545410,-59.448242,-333.312988
1493852589.366219,-1.103516,0.285156,-0.404785,23.254395,-65.795898,-318.786621
1493852589.368825,-1.079590,0.369141,-0.434082,22.827148,-67.993164,-300.903320
1493852589.371434,-1.014648,0.434082,-0.410645,18.737793,-65.979004,-280.517578
1493852589.373984,-0.977051,0.560059,-0.422363,16.174316,-59.875488,-258.361816
1493852589.376532,-0.883789,0.643066,-0.439453,15.197754,-55.725098,-235.778809
1493852589.379150,-0.791992,0.740234,-0.435059,19.531250,-46.081543,-215.576172
1493852589.381772,-0.699219,0.835449,-0.439941,28.869629,-35.705566,-198.669434
1493852589.384323,-0.584961,0.843262,-0.375488,42.480469,-27.404785,-185.913086
1493852589.386873,-0.459961,0.944824,-0.445312,61.828613,-16.967773,-180.908203
1493852589.389494,-0.315430,0.958984,-0.254883,94.970703,-1.281738,-170.532227
1493852589.392189,-0.222168,0.760254,-0.216797,133.728027,15.930176,-163.391113
1493852589.394876,-0.164062,0.480957,-0.287109,159.973145,25.512695,-164.733887
1493852589.397561,-0.081543,0.148926,-0.072266,169.372559,36.987305,-179.382324
1493852589.400244,-0.030762,-0.140137,0.162109,184.631348,58.410645,-211.730957
1493852589.402931,-0.132812,-0.473633,-0.013184,203.796387,66.772461,-258.300781
1493852589.405615,-0.247559,-0.455078,-0.035645,211.303711,65.673828,-302.185059
1493852589.408588,-0.299805,-0.294434,-0.597168,154.113770,37.231445,-290.710449
1493852589.411496,-0.305664,-0.280762,-0.437988,30.395508,-3.967285,-209.960938
1493852589.414040,-0.253906,-0.383789,-0.119141,-76.721191,-42.114258,-156.860352
1493852589.416586,-0.195312,-0.544434,-0.008789,-106.079102,-70.556641,-41.748047
1493852589.419224,-0.164551,-0.563965,-0.007324,-75.500488,-73.791504,59.753418
1493852589.421861,-0.239746,-0.513184,-0.084961,-40.771484,-72.143555,128.601074
1493852589.424405,-0.321777,-0.366699,-0.253906,-28.259277,-72.998047,167.358398
1493852589.426948,-0.275391,-0.196777,-0.185547,-21.240234,-91.003418,191.406250
1493852589.429499,-0.451172,0.029297,-0.154785,-21.667480,-82.336426,215.698242
1493852589.432050,-0.496094,0.298828,-0.179688,-19.226074,-85.998535,244.384766
1493852589.434598,-0.478027,0.576172,-0.156738,-12.390137,-86.120605,276.184082
1493852589.437144,-0.281250,0.796875,-0.164062,-2.197266,-79.223633,292.663574
1493852589.439689,-0.315918,0.951660,-0.166992,5.126953,-68.725586,319.335938
1493852589.442236,-0.212402,1.077637,-0.248047,7.812500,-57.983398,332.824707
1493852589.444780,-0.095215,1.089844,-0.222168,5.859375,-52.429199,329.467773
1493852589.447322,0.031738,1.138184,-0.046875,3.051758,-46.813965,308.654785
1493852589.449937,0.206543,1.145020,-0.262695,-4.455566,-40.588379,273.010254
1493852589.452627,0.197754,1.102051,-0.244629,-4.211426,-36.254883,228.210449
1493852589.455310,0.224609,1.083984,-0.225586,-1.831055,-28.686523,180.725098
1493852589.457994,0.233887,0.967285,-0.162598,-1.464844,-18.310547,139.282227
1493852589.460675,0.192871,0.858398,-0.168457,-0.427246,-5.798340,111.755371
1493852589.463350,0.132324,0.724609,-0.188965,-3.112793,8.728027,97.717285
1493852589.466026,0.058594,0.580078,-0.176758,-7.507324,21.728516,96.008301
1493852589.468716,-0.045898,0.297363,-0.234863,-11.962891,31.005859,98.266602
1493852589.471407,-0.088379,0.147461,-0.182617,-15.319824,36.987305,104.064941
1493852589.474092,-0.159668,0.175781,-0.079590,-14.587402,38.879395,113.037109
1493852589.476776,-0.184570,0.129883,-0.205078,-12.268066,39.855957,123.352051
1493852589.479433,-0.211426,0.087402,-0.168945,-8.728027,38.696289,134.765625
1493852589.482019,-0.346680,0.072754,-0.220703,-3.173828,36.376953,147.644043
1493852589.484569,-0.256836,0.070801,-0.192383,15.075684,35.583496,162.414551
1493852589.487121,-0.362305,0.052734,-0.118652,2.746582,35.095215,178.771973
1493852589.489730,-0.247070,0.060547,-0.205078,6.469727,34.973145,193.115234
1493852589.492511,-0.185547,0.083984,-0.179688,6.896973,37.536621,204.467773
1493852589.495176,-0.208496,0.085449,-0.226562,8.422852,38.940430,214.294434
1493852589.497864,-0.172363,0.146484,-0.236328,7.995605,41.625977,223.083496
1493852589.500554,-0.183105,0.148438,-0.197266,7.629395,42.663574,231.872559
1493852589.503222,-0.170410,0.177734,-0.205078,6.469727,42.480469,238.830566
1493852589.505886,-0.196289,0.169922,-0.176758,7.263184,41.870117,246.398926
1493852589.508555,-0.221680,0.156738,-0.177246,7.446289,42.602539,253.051758
1493852589.511225,-0.238281,0.179199,-0.231934,8.239746,43.518066,257.446289
1493852589.513892,-0.269043,0.195801,-0.187500,7.934570,44.555664,261.596680
1493852589.516556,-0.313477,0.179199,-0.187988,7.385254,46.630859,264.953613
1493852589.519223,-0.289062,0.203125,-0.220215,7.995605,49.499512,266.723633
1493852589.521892,-0.326172,0.216309,-0.166992,8.850098,50.964355,270.507812
1493852589.524556,-0.344727,0.225586,-0.136719,9.216309,52.734375,274.536133
1493852589.527218,-0.342773,0.229980,-0.173340,8.911133,54.809570,279.479980
1493852589.529835,-0.365234,0.216797,-0.159668,10.070801,57.067871,283.264160
1493852589.532467,-0.378418,0.240234,-0.161621,11.718750,57.983398,288.024902
1493852589.535115,-0.353027,0.240234,-0.205566,13.793945,59.814453,292.541504
1493852589.537670,-0.499512,0.205566,-0.179199,30.822754,61.401367,295.776367
1493852589.540474,-0.389648,0.255371,-0.174805,18.493652,62.194824,299.011230
1493852589.543018,-0.380371,0.371582,-0.243652,19.348145,64.697266,301.940918
1493852589.545563,-0.437012,0.287598,-0.197266,22.399902,64.758301,305.358887
1493852589.548167,-0.430664,0.279297,-0.168945,23.559570,65.795898,307.922363
1493852589.550769,-0.418945,0.337402,-0.180664,23.742676,67.626953,309.875488
1493852589.553316,-0.454590,0.318359,-0.092773,27.221680,69.702148,311.035156
1493852589.555868,-0.472168,0.306641,-0.185547,31.616211,71.899414,310.974121
1493852589.558419,-0.542480,0.335449,-0.206543,33.874512,74.218750,309.997559
1493852589.560970,-0.520508,0.330078,-0.150391,35.339355,76.354980,309.631348
1493852589.563517,-0.508789,0.308105,-0.162598,36.376953,77.514648,308.776855
1493852589.566061,-0.547852,0.331055,-0.223633,37.963867,79.101562,308.288574
1493852589.568610,-0.554688,0.295898,-0.187500,38.452148,80.566406,308.349609
1493852589.571162,-0.636230,0.315918,-0.246094,37.963867,82.824707,310.058594
1493852589.573708,-0.628906,0.312012,-0.166504,38.940430,84.655762,327.270508
1493852589.576253,-0.655762,0.291992,-0.134766,37.475586,87.280273,313.842773
1493852589.578837,-0.649902,0.304199,-0.147949,35.888672,90.209961,317.016602
1493852589.581494,-0.660645,0.299316,-0.045898,35.705566,92.895508,319.396973
1493852589.584181,-0.706055,0.291016,-0.083984,32.775879,95.581055,321.044922
1493852589.586870,-0.743652,0.283203,-0.118652,15.747070,98.693848,324.157715
1493852589.589564,-0.747070,0.310059,-0.108398,28.503418,101.867676,325.988770
1493852589.592253,-0.763184,0.331055,-0.179688,26.611328,104.309082,328.613281
1493852589.594937,-0.781250,0.335938,-0.121582,25.085449,106.079102,331.481934
1493852589.597625,-0.841309,0.306641,-0.112793,23.071289,108.032227,334.289551
1493852589.600357,-0.966797,0.366699,-0.166016,22.583008,109.680176,338.012695
1493852589.603043,-0.894531,0.388672,-0.141113,21.423340,111.816406,340.515137
1493852589.605729,-0.958984,0.375000,-0.111816,19.714355,114.135742,342.651367
1493852589.608415,-0.982422,0.412598,-0.105469,17.944336,116.577148,343.505859
1493852589.611098,-1.005371,0.436035,-0.165527,14.953613,118.041992,342.041016
1493852589.613778,-1.081543,0.447754,-0.123535,12.512207,121.643066,339.172363
1493852589.616460,-1.067871,0.452637,-0.181152,11.413574,140.075684,336.486816
1493852589.619113,-1.137695,0.431641,-0.098633,9.399414,126.770020,332.885742
1493852589.621695,-1.206543,0.426270,-0.134766,6.835938,129.455566,330.139160
1493852589.624245,-1.190918,0.387695,-0.088867,5.187988,130.737305,329.528809
1493852589.626799,-1.303223,0.364746,-0.187988,2.380371,131.286621,328.857422
1493852589.629396,-1.363281,0.342773,-0.184570,0.244141,131.896973,331.115723
1493852589.632161,-1.437012,0.345703,-0.220703,-3.479004,131.408691,333.190918
1493852589.634827,-1.490723,0.305176,-0.159668,-7.080078,131.774902,334.533691
1493852589.637494,-1.621094,0.322266,-0.208984,-10.925293,133.361816,334.289551
1493852589.640172,-1.552246,0.273438,-0.106445,-15.319824,135.437012,333.557129
1493852589.642844,-1.576172,0.229980,-0.180664,-18.737793,137.329102,333.435059
1493852589.645514,-1.607910,0.187012,-0.046875,-21.301270,139.648438,334.716797
1493852589.648190,-1.672852,0.158691,-0.224121,-27.038574,141.235352,336.242676
1493852589.650864,-1.685059,0.095703,-0.098633,-29.541016,143.493652,338.684082
1493852589.653533,-1.708984,0.038086,-0.189453,-33.996582,144.958496,341.857910
1493852589.656199,-1.768066,0.021484,-0.096680,-37.780762,145.996094,344.665527
1493852589.658986,-1.792969,-0.002930,-0.144043,-40.405273,148.681641,347.412109
1493852589.661716,-1.770508,-0.050293,-0.126953,-60.485840,151.245117,350.463867
1493852589.664263,-1.823730,-0.103027,-0.102051,-48.645020,152.160645,352.539062
1493852589.666809,-1.824707,-0.130859,-0.128418,-52.307129,153.076172,354.797363
1493852589.669442,-1.821289,-0.204590,-0.069336,-56.945801,153.259277,357.788086
1493852589.672080,-1.849121,-0.245605,-0.059570,-57.495117,153.442383,359.069824
1493852589.674625,-1.814453,-0.282715,-0.103027,-57.800293,153.808594,358.764648
1493852589.677167,-1.838867,-0.310059,-0.019043,-59.020996,153.503418,358.398438
1493852589.679757,-1.872559,-0.313477,-0.131836,-58.105469,152.160645,356.628418
1493852589.682350,-1.859863,-0.310547,-0.109863,-55.664062,147.949219,353.149414
1493852589.684900,-1.873047,-0.360352,-0.044922,-54.565430,144.165039,346.862793
1493852589.687450,-1.836914,-0.405762,-0.138672,-49.621582,142.333984,338.623047
1493852589.690041,-1.763184,-0.442871,-0.136230,-46.081543,125.549316,327.270508
1493852589.692586,-1.859375,-0.498535,-0.200684,-42.236328,139.404297,315.002441
1493852589.695133,-1.843750,-0.561035,-0.187988,-38.024902,135.681152,308.654785
1493852589.697679,-1.760742,-0.616699,-0.151855,-36.804199,135.314941,294.128418
1493852589.700290,-1.808105,-0.665039,-0.214844,-36.132812,133.972168,278.808594
1493852589.702837,-1.802246,-0.737305,-0.141113,-35.644531,132.690430,266.052246
1493852589.705382,-1.789551,-0.823242,-0.085449,-34.851074,130.615234,257.873535
1493852589.707957,-1.826660,-0.919434,0.004883,-31.616211,128.540039,253.967285
1493852589.710598,-1.760742,-1.063477,0.041504,-26.428223,111.206055,251.159668
1493852589.713269,-1.836914,-1.243652,0.034668,-16.845703,123.168945,246.398926
1493852589.715935,-1.778809,-1.287109,0.219238,-10.986328,122.741699,237.426758
1493852589.718604,-1.728516,-1.351074,0.129883,-5.126953,122.009277,224.975586
1493852589.721272,-1.645996,-1.427246,0.167480,-0.427246,118.957520,212.280273
1493852589.723938,-1.552734,-1.513672,0.326172,1.892090,115.356445,199.890137
1493852589.726603,-1.514648,-1.590820,0.325195,6.408691,112.365723,186.889648
1493852589.729282,-1.486816,-1.646484,0.347168,10.375977,110.046387,171.142578
1493852589.731972,-1.455566,-1.729980,0.320801,12.512207,107.238770,154.602051
1493852589.734658,-1.421875,-1.771484,0.350586,13.061523,103.454590,136.108398
1493852589.737341,-1.490234,-1.824219,0.325195,14.099121,97.961426,111.145020
1493852589.740022,-1.380859,-1.894043,0.370117,12.512207,89.172363,107.910156
1493852589.742702,-1.419434,-1.906738,0.339355,12.329102,79.284668,88.256836
1493852589.745388,-1.373535,-1.897949,0.257324,13.244629,68.847656,53.588867
1493852589.748078,-1.276855,-1.761719,0.355469,11.413574,57.434082,32.470703
1493852589.750770,-1.140137,-1.521484,0.294434,0.488281,53.894043,13.305664
1493852589.753451,-1.080078,-1.427246,0.237793,-11.230469,53.222656,-27.221680
1493852589.756134,-1.116699,-1.697266,0.073242,-11.718750,36.682129,-63.964844
1493852589.758821,-1.394531,-2.218262,0.377930,9.033203,-8.117676,-88.195801
1493852589.761502,-1.539551,-2.148438,0.171875,29.846191,-42.846680,-83.374023
1493852589.764184,-1.452637,-1.765625,0.261230,19.653320,-41.015625,-71.166992
1493852589.766979,-1.265625,-1.482910,0.248535,0.610352,-36.376953,-71.716309
1493852589.769629,-1.095703,-1.266602,0.304688,9.643555,-42.480469,-79.711914
1493852589.772204,-1.085938,-1.306152,0.138184,20.019531,-54.931641,-93.017578
1493852589.774755,-1.019531,-1.228516,0.245117,24.414062,-60.729980,-113.342285
1493852589.777310,-0.987793,-1.270508,0.344238,12.329102,-77.819824,-127.502441
1493852589.779920,-1.142090,-0.804688,0.171875,8.178711,-68.603516,-130.920410
1493852589.782578,-1.529297,-0.455566,-0.507324,-27.770996,-79.589844,-140.014648
1493852589.785333,-1.420898,-0.220215,0.740234,-32.775879,15.991211,-169.982910
1493852589.788106,-0.973633,-0.267090,0.417480,-41.931152,44.555664,-190.002441
1493852589.790731,-0.782227,-0.213867,0.889648,-2.563477,76.416016,-187.500000
1493852589.793280,-0.895508,0.040527,-0.077148,29.846191,64.636230,-162.231445
1493852589.795828,-0.937500,0.533203,0.212402,80.139160,76.843262,-149.536133
1493852589.798438,-1.206543,1.091797,-0.219238,100.891113,87.097168,-115.905762
1493852589.801049,-1.435059,1.722168,-0.298828,113.769531,78.857422,-82.092285
1493852589.803596,-1.615723,2.225098,-0.566406,112.670898,47.668457,-44.799805
1493852589.806138,-1.655762,2.661133,-0.479004,108.642578,4.089355,-10.864258
1493852589.808702,-1.528809,2.695801,-0.533203,98.632812,-55.969238,-5.249023
1493852589.811273,-1.389648,2.585938,-0.412109,82.763672,-78.552246,-53.833008
1493852589.813816,-1.141113,2.223145,-0.136230,51.696777,-120.910645,-153.625488
1493852589.816360,-0.955078,1.749023,0.067871,21.118164,-154.541016,-294.311523
1493852589.818921,-0.755371,1.015625,0.307617,8.972168,-159.667969,-345.458984
1493852589.821478,-0.589355,0.492188,0.365234,4.211426,-144.470215,-461.181641
1493852589.824018,-0.458984,-0.236328,0.482422,-14.587402,-110.412598,-547.668457
1493852589.826559,-0.319824,-0.692383,0.589355,-10.192871,-73.608398,-606.201172
1493852589.829156,-0.310547,-1.179199,0.457031,-18.432617,-41.870117,-629.394531
1493852589.831830,-0.322266,-1.517090,0.196777,-18.798828,-53.100586,-615.722656
1493852589.834514,-0.550293,-1.700195,0.050293,-10.192871,-26.733398,-564.086914
1493852589.837194,-1.012695,-1.658203,-0.083496,-40.039062,-19.409180,-486.511230
1493852589.839880,-1.436035,-1.568359,-0.058594,-66.589355,-19.531250,-396.179199
1493852589.842568,-1.853516,-1.372070,0.032227,-70.739746,-26.245117,-311.096191
1493852589.845248,-2.056152,-0.955566,-0.025391,-43.090820,-42.724609,-242.858887
1493852589.847939,-1.997070,-0.615723,-0.050293,-3.295898,-64.086914,-196.350098
1493852589.850628,-1.743652,-0.309570,-0.076172,30.700684,-86.181641,-167.358398
1493852589.853314,-1.386230,-0.075684,-0.246582,52.001953,-108.093262,-140.625000
1493852589.855999,-1.123535,0.028809,-0.160645,72.265625,-130.126953,-112.854004
1493852589.858689,-0.832031,0.178711,-0.034180,86.303711,-146.911621,-84.411621
1493852589.861379,-0.554688,0.171387,-0.186523,88.745117,-140.930176,-65.673828
1493852589.864062,-0.195312,0.263184,-0.294434,98.205566,-136.657715,-75.866699
1493852589.866746,-0.003418,0.265625,-0.289551,87.829590,-114.807129,-82.580566
1493852589.869408,-0.035156,0.337402,-0.394043,73.913574,-91.064453,-99.365234
1493852589.872002,0.019531,0.350586,-0.378906,61.096191,-66.833496,-119.262695
1493852589.874556,-0.088379,0.252930,-0.496582,38.208008,-51.147461,-141.662598
1493852589.877111,-0.236328,0.346680,-0.432129,21.789551,-37.963867,-164.306641
1493852589.879725,-0.419922,0.309082,-0.412598,23.315430,-32.653809,-182.617188
1493852589.882406,-0.540527,0.212402,-0.470703,4.028320,-29.418945,-197.998047
1493852589.885075,-0.675781,0.069824,-0.484863,-17.578125,-23.559570,-207.336426
1493852589.887748,-0.768555,-0.008301,-0.482422,-42.541504,-20.568848,-212.280273
1493852589.890422,-0.794434,-0.176758,-0.421875,-67.077637,-21.362305,-211.975098
1493852589.893090,-0.838867,-0.310547,-0.305176,-80.932617,-26.123047,-211.547852
1493852589.895760,-0.876465,-0.336914,-0.322266,-92.224121,-41.076660,-197.265625
1493852589.898448,-0.847656,-0.505371,-0.171387,-106.262207,-55.541992,-174.194336
1493852589.901267,-0.979492,-0.583496,-0.019531,-110.290527,-67.321777,-154.174805
1493852589.903870,-0.854004,-0.581543,0.055176,-107.788086,-75.561523,-130.187988
1493852589.906425,-0.851562,-0.510742,-0.020508,-103.393555,-79.589844,-101.013184
1493852589.909065,-0.796875,-0.458008,0.053711,-97.900391,-76.232910,-72.814941
1493852589.911849,-0.778320,-0.370117,0.032715,-85.998535,-73.425293,-49.194336
1493852589.914634,-0.753906,-0.219238,-0.112793,-73.974609,-68.481445,-37.963867
1493852589.917416,-0.735840,-0.018555,-0.035156,-63.049316,-64.880371,-25.512695
1493852589.920250,-0.725586,-0.066406,0.022949,-57.861328,-65.002441,-19.958496
1493852589.922813,-0.644043,-0.032227,-0.079590,-50.598145,-65.979004,-20.141602
1493852589.925364,-0.614746,-0.022461,0.038574,-39.916992,-67.321777,-24.169922
1493852589.927966,-0.660156,-0.045898,0.060059,-32.958984,-66.345215,-27.954102
1493852589.930565,-0.606445,-0.042480,0.063477,-30.395508,-64.697266,-30.944824
1493852589.933164,-0.619629,-0.071777,0.157227,-30.151367,-59.936523,-33.325195
1493852589.935765,-0.630371,-0.083496,0.104492,-31.616211,-52.001953,-33.996582
1493852589.938337,-0.693359,-0.041504,-0.025391,-34.606934,-32.104492,-32.043457
1493852589.940910,-0.696777,-0.010742,0.019531,-35.888672,-37.475586,-27.954102
1493852589.943473,-0.704102,0.028809,-0.058594,-36.193848,-29.479980,-24.353027
1493852589.946033,-0.743652,0.126953,-0.091309,-33.020020,-25.024414,-20.202637
1493852589.948587,-0.837402,0.164551,-0.084961,-30.029297,-23.803711,-19.042969
1493852589.951206,-0.718262,0.134277,-0.062500,-29.357910,-24.230957,-19.165039
1493852589.954007,-0.666992,0.007812,0.068359,-25.390625,-26.306152,-22.399902
1493852589.956596,-0.670410,0.081543,-0.074219,-24.902344,-26.977539,-29.296875
1493852589.959197,-0.621582,0.036621,-0.083008,-24.169922,-26.367188,-35.766602
1493852589.961874,-0.617188,-0.004395,0.034180,-23.498535,-24.169922,-40.039062
1493852589.964565,-0.604980,-0.007324,-0.066406,-21.911621,-18.737793,-40.527344
1493852589.967256,-0.507812,-0.027344,-0.097656,-21.972656,-14.404297,-37.048340
1493852589.969897,-0.620605,-0.026855,-0.136719,-23.742676,-11.596680,-31.738281
1493852589.972463,-0.651855,0.017578,-0.084961,-25.634766,-11.535645,-26.794434
1493852589.975018,-0.636719,0.013184,-0.119141,-26.062012,-11.474609,-21.362305
1493852589.977574,-0.687988,0.052734,-0.090820,-24.719238,-12.451172,-17.211914
1493852589.980196,-0.678711,0.027344,-0.039062,-20.629883,-13.854980,-16.296387
1493852589.982883,-0.706055,0.062500,-0.077148,-19.348145,-12.817383,-16.418457
1493852589.985571,-0.689941,0.041016,-0.082031,-17.333984,-11.291504,-16.296387
1493852589.988265,-0.715820,0.041504,-0.101562,-15.930176,-8.178711,-16.296387
1493852589.990892,-0.673340,0.040527,-0.023438,-13.427734,-6.713867,-17.150879
1493852589.993447,-0.662109,0.045898,-0.047852,-11.535645,-4.089355,-17.272949
1493852589.995998,-0.714844,0.040527,-0.002930,-8.728027,-4.150391,-15.686035
1493852589.998599,-0.660645,0.050781,-0.112793,-7.324219,-2.990723,-14.953613
1493852590.001198,-0.679199,0.052734,-0.124512,-4.821777,-2.807617,-13.610840
1493852590.003747,-0.652832,0.043945,-0.134277,-3.723145,-2.624512,-12.512207
1493852590.006297,-0.665039,0.039062,-0.104004,-3.967285,-2.685547,-10.620117
1493852590.008929,-0.693359,0.036133,-0.058594,-3.967285,-0.549316,-8.605957
1493852590.011556,-0.656738,0.019043,-0.148438,-2.929688,-0.976562,-7.629395
1493852590.014100,-0.669434,0.038574,-0.152832,-2.807617,0.061035,-6.713867
1493852590.016644,-0.706055,0.051758,-0.150391,-1.770020,-1.953125,-4.577637
1493852590.019230,-0.679199,0.044434,-0.117188,-2.441406,-4.577637,-3.234863
1493852590.021876,-0.668457,0.056641,-0.119141,-0.610352,-6.896973,-2.014160
1493852590.024539,-0.703125,0.066406,-0.054199,-1.281738,-9.155273,0.000000
1493852590.027203,-0.683594,0.101074,-0.168945,-0.244141,-10.742188,0.000000
1493852590.029875,-0.681152,0.083496,-0.065430,-0.427246,-12.329102,-0.732422
1493852590.032539,-0.654297,0.077637,-0.096680,15.014648,-12.939453,-2.990723
1493852590.035246,-0.640625,0.068359,-0.103516,2.075195,-13.366699,-4.455566
1493852590.038117,-0.663574,0.043945,-0.083496,3.295898,-14.343262,-6.835938
1493852590.040736,-0.661621,0.036133,-0.115234,4.943848,-14.160156,-8.972168
1493852590.043281,-0.691406,0.049805,-0.137695,5.432129,-14.526367,-9.643555
1493852590.045824,-0.674316,0.061523,-0.107422,5.432129,-13.610840,-10.131836
1493852590.048416,-0.645996,0.062500,-0.103516,6.835938,-13.732910,-10.620117
1493852590.051009,-0.678711,0.064453,-0.080078,6.347656,-13.366699,-11.291504
1493852590.053556,-0.640137,0.076172,-0.168457,7.263184,-13.122559,-11.657715
1493852590.056104,-0.641113,0.081543,-0.097656,8.300781,-12.512207,-12.023926
1493852590.058681,-0.645996,0.058594,-0.078613,7.446289,-11.657715,-12.634277
1493852590.061251,-0.661621,0.097168,-0.173340,7.385254,-12.084961,-14.160156
1493852590.063794,-0.652344,0.062500,-0.062500,6.103516,-12.145996,-14.770508
1493852590.066340,-0.748535,0.068359,-0.120605,7.141113,-12.878418,-15.808105
1493852590.068911,-0.527832,0.043945,-0.113281,8.972168,-14.404297,-17.395020
1493852590.071476,-0.635742,0.060547,-0.155762,9.948730,-15.258789,-17.700195
1493852590.074022,-0.739258,0.035156,-0.128418,11.657715,-16.601562,-18.066406
1493852590.076571,-0.666992,0.025391,-0.050781,11.779785,-17.883301,-17.761230
1493852590.079165,-0.673340,0.033203,-0.117188,13.977051,-22.827148,-17.150879
