1493852606.008092,-0.642090,-0.047363,-0.171875,22.766113,-17.578125,-8.850098
1493852606.011115,-0.649902,-0.032227,-0.231445,22.644043,-18.188477,-8.666992
1493852606.013712,-0.678223,0.002930,-0.090820,23.925781,-19.470215,-8.178711
1493852606.016309,-0.639160,-0.004395,-0.039062,24.353027,-20.385742,-8.117676
1493852606.018916,-0.661621,-0.018066,-0.159668,25.817871,-19.531250,-7.507324
1493852606.021520,-0.648438,-0.020996,-0.054199,25.024414,-18.554688,-8.605957
1493852606.024103,-0.640137,-0.027344,-0.137695,27.648926,-18.188477,-8.728027
1493852606.026687,-0.662598,-0.014648,-0.094238,30.273438,-18.066406,-8.605957
1493852606.029280,-0.629883,-0.001465,-0.061523,32.470703,-18.981934,-8.300781
1493852606.031877,-0.670898,-0.018555,-0.067383,32.165527,-20.812988,-8.544922
1493852606.034470,-0.675781,-0.003418,-0.075195,32.653809,-24.414062,-9.582520
1493852606.037063,-0.644531,-0.023926,-0.069824,32.775879,-25.817871,-10.070801
1493852606.039676,-0.690430,0.002441,-0.065430,34.118652,-27.526855,-10.986328
1493852606.042833,-0.696777,0.008789,-0.101074,34.423828,-26.916504,-10.559082
1493852606.045931,-0.698730,-0.000977,-0.024902,32.470703,-26.550293,-10.437012
1493852606.048590,-0.652344,-0.006836,-0.102051,32.470703,-28.137207,-10.437012
1493852606.051299,-0.688477,0.121582,-0.041504,31.311035,-29.663086,-10.437012
1493852606.054016,-0.675781,-0.105469,-0.026855,28.259277,-32.165527,-11.169434
1493852606.056732,-0.677246,0.015625,-0.023438,25.817871,-33.813477,-11.779785
1493852606.060361,-0.646973,0.009766,0.066895,26.000977,-31.555176,-11.901855
1493852606.063025,-0.690430,0.044434,-0.057617,26.000977,-27.160645,-11.779785
1493852606.065705,-0.641113,0.035156,-0.096680,24.414062,-23.193359,-13.000488
1493852606.068377,-0.537598,0.013672,-0.044922,22.521973,-20.019531,-15.502930
1493852606.070982,-0.654785,0.018555,-0.080078,19.775391,-18.127441,-17.272949
1493852606.073534,-0.649902,0.017578,-0.039551,18.310547,-18.249512,-19.409180
1493852606.076082,-0.558105,-0.000977,-0.078125,17.272949,-17.578125,-20.446777
1493852606.078634,-0.648926,0.012207,-0.150391,18.249512,-18.066406,-21.789551
1493852606.081184,-0.678711,-0.022461,-0.009766,18.554688,-18.493652,-23.010254
1493852606.083733,-0.674805,-0.016113,-0.090820,20.385742,-19.470215,-23.376465
1493852606.086276,-0.648926,0.001465,-0.035156,18.920898,-18.798828,-23.376465
1493852606.088859,-0.683594,-0.011230,-0.069824,15.686035,-16.601562,-24.658203
1493852606.091447,-0.632812,-0.006836,-0.129883,14.953613,-13.793945,-25.512695
1493852606.094002,-0.660156,-0.002930,-0.040527,30.395508,-13.122559,-25.817871
1493852606.096557,-0.629883,-0.014160,-0.138184,16.784668,-12.634277,-24.963379
1493852606.099173,-0.647949,0.006836,-0.141113,15.258789,-12.451172,-24.414062
1493852606.101929,-0.668457,-0.029297,-0.081543,14.526367,-11.596680,-23.986816
1493852606.104491,-0.645996,-0.019043,-0.158203,13.000488,-10.192871,-24.475098
1493852606.107042,-0.636719,-0.028320,-0.081543,10.986328,-8.483887,-24.536133
1493852606.109658,-0.625000,-0.036621,-0.124512,11.474609,-6.835938,-26.733398
1493852606.112336,-0.615234,-0.022461,-0.110840,11.535645,-5.737305,-28.747559
1493852606.114997,-0.683594,-0.052246,-0.121582,12.145996,-3.417969,-28.625488
1493852606.117680,-0.660156,-0.017090,-0.126953,13.122559,-2.441406,-27.709961
1493852606.120361,-0.683594,-0.035156,-0.081543,11.291504,-4.150391,-27.160645
1493852606.123024,-0.672363,-0.053711,-0.075684,14.953613,-7.141113,-28.198242
1493852606.125684,-0.707031,-0.053223,-0.125000,15.991211,-10.437012,-28.564453
1493852606.128342,-0.654297,-0.026367,-0.156738,15.625000,-10.253906,-27.038574
1493852606.130941,-0.683594,-0.067383,-0.103516,16.479492,-7.080078,-24.658203
1493852606.133601,-0.705078,-0.055664,-0.084961,17.822266,-6.896973,-22.216797
1493852606.136234,-0.664062,-0.045410,-0.095215,18.432617,-9.033203,-22.033691
1493852606.139019,-0.688477,-0.025879,0.010254,21.911621,-14.099121,-22.583008
1493852606.141808,-0.708008,-0.023926,-0.098633,22.521973,-16.723633,-23.742676
1493852606.144356,-0.690918,-0.006836,-0.020996,22.277832,-16.540527,-23.437500
1493852606.147043,-0.711426,-0.017090,-0.005371,23.193359,-14.038086,-23.681641
1493852606.149655,-0.672852,-0.005371,0.006836,22.888184,-10.742188,-24.108887
1493852606.152266,-0.695312,-0.019531,-0.096680,21.423340,-8.789062,-24.414062
1493852606.154809,-0.697754,0.009277,-0.068359,21.606445,-6.652832,-24.780273
1493852606.157353,-0.656738,0.044434,-0.032715,20.507812,-7.629395,-25.817871
1493852606.159904,-0.706543,0.003418,-0.039551,20.874023,-10.009766,-26.062012
1493852606.162458,-0.813477,0.025391,-0.060059,21.362305,-11.535645,-27.160645
1493852606.165009,-0.628418,0.012207,-0.024414,23.132324,-14.404297,-28.625488
1493852606.167859,-0.747070,0.035156,-0.073730,23.315430,-16.784668,-31.311035
1493852606.170713,-0.761719,0.037109,-0.068359,22.521973,-18.005371,-33.691406
1493852606.173259,-0.728027,0.057617,-0.101074,20.507812,-18.554688,-36.071777
1493852606.175808,-0.767090,0.031250,-0.033203,20.629883,-17.150879,-37.963867
1493852606.178363,-0.743652,0.054199,-0.125488,19.470215,-15.380859,-40.527344
1493852606.180923,-0.732422,0.063965,-0.069336,18.554688,-14.038086,-43.884277
1493852606.183478,-0.741699,0.044434,-0.059570,16.235352,-12.023926,-47.668457
1493852606.186034,-0.771484,0.048340,-0.126465,15.014648,-10.375977,-50.231934
1493852606.188617,-0.766602,0.034668,-0.072754,14.404297,-10.253906,-52.246094
1493852606.191497,-0.767578,0.051758,-0.106445,14.526367,-11.047363,-56.640625
1493852606.194412,-0.813965,0.052246,-0.093262,13.671875,-13.183594,-60.729980
1493852606.197096,-0.802734,0.045898,-0.058594,11.657715,-13.610840,-65.063477
1493852606.199788,-0.832031,0.054688,-0.054688,11.657715,-11.840820,-69.641113
1493852606.202476,-0.830566,0.052734,-0.052246,10.559082,-11.169434,-73.669434
1493852606.205156,-0.832031,0.065918,-0.101562,9.155273,-10.559082,-76.660156
1493852606.207856,-0.857422,0.053711,-0.046387,9.948730,-10.681152,-77.331543
1493852606.210489,-0.839355,0.070312,-0.067871,9.765625,-13.671875,-93.505859
1493852606.213039,-0.856934,0.089355,-0.069824,7.873535,-16.235352,-80.932617
1493852606.215585,-0.989746,0.075195,-0.052734,8.666992,-17.883301,-84.594727
1493852606.218163,-0.766602,0.058105,-0.138184,10.253906,-18.615723,-89.172363
1493852606.220814,-0.997070,0.067383,-0.044922,10.314941,-18.859863,-92.590332
1493852606.223497,-0.893555,0.076172,-0.082031,9.826660,-19.042969,-95.947266
1493852606.226180,-0.875488,0.062988,-0.093750,7.995605,-20.141602,-100.341797
1493852606.228862,-0.898438,0.041016,-0.033203,4.943848,-18.859863,-105.957031
1493852606.231475,-0.882324,0.069824,-0.147949,5.249023,-17.089844,-111.999512
1493852606.234025,-0.914062,0.050781,-0.190430,3.601074,-16.418457,-117.309570
1493852606.236576,-0.896484,0.050293,-0.062012,5.676270,-15.075684,-121.154785
1493852606.239188,-0.907715,0.041504,-0.139648,6.774902,-13.671875,-124.938965
1493852606.241800,-0.945312,0.026367,-0.145020,6.652832,-13.000488,-126.586914
1493852606.244348,-0.937500,0.036133,-0.183594,9.582520,-13.305664,-129.272461
1493852606.246897,-0.974609,0.015137,-0.175781,9.155273,-13.366699,-130.798340
1493852606.249547,-0.943848,0.036133,-0.114746,8.544922,-12.817383,-133.911133
1493852606.252253,-1.022949,0.040527,-0.187012,10.864258,-14.160156,-135.681152
1493852606.254898,-1.046387,0.075684,-0.075195,11.413574,-13.916016,-137.512207
1493852606.257694,-1.068848,0.104004,-0.017578,12.573242,-14.160156,-139.587402
1493852606.260474,-1.240234,0.091309,-0.150879,14.404297,-14.465332,-141.479492
1493852606.263038,-1.166992,0.150879,-0.199219,30.700684,-15.747070,-143.737793
1493852606.265586,-1.195801,0.180664,-0.156738,17.578125,-16.540527,-146.484375
1493852606.268178,-1.244629,0.182617,-0.179199,18.188477,-16.967773,-151.428223
1493852606.270771,-1.300293,0.224609,-0.262695,19.775391,-17.272949,-155.578613
1493852606.273319,-1.331055,0.251465,-0.321777,20.629883,-17.456055,-158.081055
1493852606.275869,-1.348633,0.258301,-0.290527,26.428223,-19.165039,-159.362793
1493852606.278417,-1.336426,0.290527,-0.297363,32.409668,-20.507812,-162.475586
1493852606.280965,-1.365234,0.301270,-0.333008,39.794922,-21.606445,-167.419434
1493852606.283633,-1.376465,0.328125,-0.379883,43.945312,-23.254395,-172.241211
1493852606.286180,-1.370117,0.341797,-0.353027,61.340332,-25.512695,-178.039551
1493852606.288745,-1.308105,0.486816,-0.273438,49.743652,-28.442383,-182.922363
1493852606.291311,-1.334473,0.395020,-0.366211,53.833008,-45.654297,-188.354492
1493852606.293857,-1.328613,0.420898,-0.306641,58.654785,-34.118652,-195.678711
1493852606.296401,-1.303223,0.450684,-0.271484,61.767578,-36.132812,-202.941895
1493852606.298984,-1.359375,0.473145,-0.349121,66.528320,-38.696289,-206.481934
1493852606.301642,-1.348633,0.511719,-0.269531,68.359375,-38.635254,-212.768555
1493852606.304369,-1.394043,0.552246,-0.291016,72.570801,-39.489746,-219.848633
1493852606.307097,-1.358398,0.595215,-0.272461,75.683594,-41.381836,-225.280762
1493852606.309788,-1.427246,0.604492,-0.204590,75.500488,-42.785645,-247.619629
1493852606.312479,-1.402344,0.607910,-0.264648,73.852539,-42.785645,-241.394043
1493852606.315162,-1.407715,0.501953,-0.242676,69.580078,-40.832520,-250.915527
1493852606.317863,-1.421387,0.580078,-0.175293,63.659668,-37.719727,-260.009766
1493852606.320566,-1.431152,0.508301,-0.113281,54.138184,-34.545898,-267.883301
1493852606.323251,-1.475098,0.423828,-0.184570,44.250488,-34.057617,-273.620605
1493852606.325932,-1.472656,0.128906,-0.164551,40.344238,-36.132812,-280.151367
1493852606.328590,-1.499512,0.148438,-0.154297,34.118652,-39.001465,-291.870117
1493852606.331183,-1.438477,-0.039062,-0.349609,30.944824,-41.625977,-308.166504
1493852606.333737,-1.429688,-0.148438,-0.199219,28.991699,-44.494629,-327.819824
1493852606.336288,-1.390625,-0.239746,-0.261230,35.339355,-42.480469,-347.839355
1493852606.338866,-1.345215,-0.272461,-0.307129,41.992188,-35.827637,-360.412598
1493852606.341439,-1.354004,-0.253418,-0.180176,52.551270,-33.569336,-365.112305
1493852606.343993,-1.379883,-0.072754,-0.409668,66.406250,-35.949707,-363.586426
1493852606.346549,-1.397949,0.077637,-0.418945,75.317383,-49.804688,-354.064941
1493852606.349159,-1.474609,0.187988,-0.474121,83.557129,-75.927734,-332.824707
1493852606.351773,-1.479980,0.339355,-0.472168,88.195801,-101.684570,-307.739258
1493852606.354326,-1.455566,0.343750,-0.271484,88.867188,-118.286133,-285.156250
1493852606.356876,-1.330566,0.309082,-0.452637,86.975098,-122.253418,-271.667480
1493852606.359551,-1.270996,0.231934,-0.458008,82.275391,-118.408203,-264.404297
1493852606.362299,-1.235840,0.128418,-0.500000,81.787109,-95.886230,-260.253906
1493852606.364983,-0.990234,0.080078,-0.467285,83.068848,-93.383789,-258.300781
1493852606.367671,-0.904297,0.015137,-0.439453,83.557129,-76.721191,-258.544922
1493852606.370287,-0.882324,0.012207,-0.437988,77.575684,-65.063477,-261.596680
1493852606.372839,-0.820312,0.044922,-0.377930,70.251465,-58.654785,-264.831543
1493852606.375392,-0.779785,0.050781,-0.273926,66.772461,-56.213379,-265.747070
1493852606.377966,-0.726074,0.085938,-0.305176,63.903809,-51.330566,-266.723633
1493852606.380589,-0.719727,0.086914,-0.466309,63.049316,-44.982910,-264.099121
1493852606.383255,-0.644531,0.130859,-0.408691,60.485840,-36.621094,-256.591797
1493852606.385942,-0.591797,0.161621,-0.382324,61.279297,-25.207520,-246.215820
1493852606.388667,-0.583984,0.135254,-0.332520,62.683105,-12.451172,-231.567383
1493852606.391388,-0.542969,0.180664,-0.285645,67.443848,0.488281,-215.454102
1493852606.394066,-0.448730,0.220703,-0.468262,73.791504,12.573242,-198.120117
1493852606.396745,-0.354492,0.199219,-0.348633,87.341309,24.414062,-178.894043
1493852606.399436,-0.279785,0.222656,-0.269043,95.397949,39.123535,-159.851074
1493852606.402124,-0.230469,0.374512,-0.333008,133.605957,55.114746,-139.770508
1493852606.404804,-0.197754,0.194824,-0.220215,166.992188,69.702148,-122.131348
1493852606.407487,-0.229492,0.050781,-0.246582,195.922852,80.261230,-113.830566
1493852606.410119,-0.142090,-0.095215,-0.149902,200.073242,98.327637,-122.558594
1493852606.412675,-0.174316,-0.253418,0.157227,216.491699,110.412598,-147.460938
1493852606.415231,-0.153809,-0.319824,-0.079590,218.139648,124.511719,-181.701660
1493852606.417922,-0.190918,-0.289551,-0.226074,201.110840,117.614746,-203.308105
1493852606.420496,-0.224121,-0.250488,-0.544434,142.211914,73.608398,-183.959961
1493852606.423046,-0.344238,-0.128906,-0.509766,53.283691,2.258301,-111.328125
1493852606.425593,-0.223633,-0.215820,0.008789,-17.089844,-70.495605,-87.951660
1493852606.428283,-0.358398,-0.324219,0.184570,-27.038574,-115.051270,-14.282227
1493852606.430975,-0.223633,-0.313965,0.194336,4.272461,-118.713379,40.405273
1493852606.433527,-0.258789,-0.125977,0.040039,37.658691,-93.566895,69.335938
1493852606.436081,-0.262695,-0.089844,0.002441,41.198730,-58.959961,78.247070
1493852606.438756,-0.209961,0.061523,-0.018555,16.906738,-29.602051,80.200195
1493852606.441475,-0.178711,0.289062,-0.026855,16.235352,-8.972168,88.439941
1493852606.444178,-0.154785,0.450684,-0.119141,2.990723,2.258301,103.088379
1493852606.446878,-0.114746,0.745117,-0.140137,0.183105,2.563477,119.262695
1493852606.449942,-0.007812,0.742188,-0.157715,-3.662109,-2.502441,130.859375
1493852606.452630,-0.036621,0.729980,-0.180664,-4.150391,-10.253906,136.352539
1493852606.455310,-0.038086,0.740234,-0.087891,-26.672363,-14.465332,133.789062
1493852606.457996,0.002441,0.681641,-0.068359,-19.470215,-16.052246,123.840332
1493852606.460888,-0.034668,0.675293,-0.077148,-44.006348,-12.145996,110.473633
1493852606.463776,-0.026855,0.593750,-0.089355,-42.602539,-4.760742,94.970703
1493852606.466454,0.017090,0.601074,-0.060059,-46.630859,4.821777,80.505371
1493852606.469104,0.105957,0.503418,0.043945,-48.583984,12.878418,68.786621
1493852606.471689,-0.006348,0.478516,-0.067871,-49.499512,17.700195,59.936523
1493852606.474239,-0.033691,0.448242,-0.016602,-50.170898,19.165039,55.480957
1493852606.476791,-0.053223,0.373047,0.022461,-51.452637,19.348145,54.626465
1493852606.479348,-0.081055,0.307129,-0.031250,-54.931641,18.798828,56.152344
1493852606.481905,-0.093262,0.301270,0.017090,-58.654785,19.348145,59.082031
1493852606.484462,-0.067383,0.255371,-0.023438,-63.720703,22.216797,76.354980
1493852606.487012,-0.112793,0.222656,-0.035156,-68.603516,24.902344,66.650391
1493852606.489616,-0.065918,0.173828,0.013184,-71.166992,26.916504,72.753906
1493852606.492290,-0.073242,0.161621,-0.049805,-73.852539,27.587891,79.956055
1493852606.494971,-0.074219,0.151855,0.016602,-76.354980,27.893066,86.547852
1493852606.497672,-0.084473,0.004883,0.079102,-79.467773,26.977539,94.482422
1493852606.500304,-0.082031,0.132812,-0.112793,-80.749512,26.489258,101.989746
1493852606.502854,-0.054199,0.142578,-0.016602,-82.702637,26.916504,110.961914
1493852606.505406,-0.069336,0.093262,-0.095215,-84.106445,27.832031,120.178223
1493852606.508023,-0.074219,0.123535,-0.107910,-86.059570,28.625488,127.990723
1493852606.510639,-0.096191,0.095215,0.012207,-88.562012,30.212402,135.437012
1493852606.513303,-0.097656,0.138672,-0.109863,-88.928223,30.029297,142.211914
1493852606.515963,-0.107422,0.135254,-0.106445,-89.843750,30.517578,150.634766
1493852606.518631,-0.222656,0.116211,-0.017578,-91.857910,31.005859,158.691406
1493852606.521306,-0.120117,0.121094,-0.109863,-91.552734,30.578613,162.048340
1493852606.523861,-0.126465,0.099609,-0.091797,-92.895508,30.151367,167.663574
1493852606.526421,-0.196289,0.009766,-0.105469,-91.857910,30.334473,174.316406
1493852606.529089,-0.154297,0.234375,-0.034180,-92.773438,31.860352,181.030273
1493852606.531808,-0.199219,0.117188,-0.033203,-92.163086,33.447266,187.988281
1493852606.534598,-0.183594,0.080078,-0.062500,-93.078613,35.034180,194.641113
1493852606.537406,-0.154297,0.134766,-0.094238,-90.881348,36.621094,199.890137
1493852606.540100,-0.198730,0.109863,-0.087402,-90.148926,38.574219,204.223633
1493852606.542789,-0.218262,0.130371,-0.108887,-87.890625,41.076660,208.740234
1493852606.545474,-0.168945,0.034668,-0.162598,-87.219238,43.029785,212.524414
1493852606.548163,-0.217773,0.152344,-0.080566,-84.838867,42.480469,213.928223
1493852606.550850,-0.219238,0.150879,-0.241699,-83.007812,43.823242,216.491699
1493852606.553537,-0.172852,0.157715,-0.137695,-78.613281,44.067383,218.505859
1493852606.556350,-0.234375,0.126953,-0.085449,-76.416016,45.227051,221.740723
1493852606.559069,-0.248535,0.150879,-0.043945,-73.791504,47.546387,225.952148
1493852606.561788,-0.246094,0.143066,-0.149902,-72.082520,48.522949,229.370117
1493852606.564474,-0.231445,0.155762,-0.160645,-68.176270,49.682617,233.093262
1493852606.567157,-0.177734,0.128906,-0.120605,-64.758301,52.062988,236.816406
1493852606.569817,-0.312012,0.156250,-0.154297,-62.316895,52.001953,240.234375
1493852606.572405,-0.283203,0.148438,-0.136719,-58.959961,52.490234,243.225098
1493852606.574963,-0.328125,0.158691,-0.218262,-56.396484,53.222656,246.582031
1493852606.577519,-0.354492,0.153809,-0.159668,-53.527832,54.504395,249.389648
1493852606.580055,-0.319824,0.160645,-0.116699,-50.781250,54.809570,251.953125
1493852606.582608,-0.409180,0.151855,-0.242188,-48.400879,55.480957,253.601074
1493852606.585161,-0.368164,0.246094,-0.093750,-43.884277,57.312012,256.958008
1493852606.587795,-0.401855,0.150879,-0.179199,-42.297363,58.593750,260.192871
1493852606.590427,-0.416992,0.154785,-0.205566,-40.832520,60.241699,263.061523
1493852606.592979,-0.403320,0.144531,-0.125488,-39.428711,61.157227,265.075684
1493852606.595536,-0.448242,0.019043,-0.229004,-36.193848,62.683105,266.967773
1493852606.598176,-0.464844,0.144531,-0.138672,-34.851074,63.354492,269.348145
1493852606.600878,-0.488281,0.128906,-0.161621,-33.325195,64.697266,271.667480
1493852606.603563,-0.454590,0.130371,-0.160156,-33.020020,67.077637,274.353027
1493852606.606251,-0.534180,0.123047,-0.183594,-31.982422,68.847656,277.099609
1493852606.608944,-0.573730,0.000488,-0.219238,-30.090332,69.946289,280.761719
1493852606.611638,-0.570801,0.114746,-0.224609,-29.174805,71.594238,284.179688
1493852606.614320,-0.565918,0.075684,-0.174805,-29.113770,72.448730,287.902832
1493852606.617004,-0.635742,0.076172,-0.184570,-25.146484,72.143555,293.151855
1493852606.619642,-0.699219,0.124512,-0.226562,-23.010254,71.411133,298.400879
1493852606.622214,-0.522949,0.097656,-0.148926,-22.399902,70.678711,301.208496
1493852606.624771,-0.658691,0.122559,-0.218262,-19.287109,70.495605,306.335449
1493852606.627326,-0.676758,0.166016,-0.186523,-16.845703,70.312500,311.340332
1493852606.629941,-0.716309,0.175293,-0.172852,-14.709473,70.922852,315.856934
1493852606.632616,-0.758789,0.187500,-0.226074,-10.925293,72.326660,318.054199
1493852606.635283,-0.806641,0.185547,-0.294434,-9.643555,74.401855,316.650391
1493852606.638000,-0.839355,0.202637,-0.318359,-8.239746,74.951172,312.500000
1493852606.640653,-0.994141,0.202148,-0.202637,-4.455566,75.439453,306.884766
1493852606.643200,-0.945312,0.193359,-0.260254,-2.563477,73.486328,300.170898
1493852606.645751,-1.029785,0.215820,-0.311035,0.488281,73.364258,293.334961
1493852606.648328,-1.039062,0.210449,-0.358887,3.295898,71.594238,287.475586
1493852606.650901,-1.080566,0.187500,-0.309082,5.371094,72.509766,282.348633
1493852606.653450,-1.103027,0.171875,-0.263672,10.437012,74.890137,280.273438
1493852606.655997,-1.128906,0.123047,-0.369141,13.610840,79.467773,276.855469
1493852606.658634,-1.115234,0.097656,-0.330566,15.747070,83.496094,273.620605
1493852606.661325,-1.132812,0.060059,-0.312988,19.470215,87.890625,270.141602
1493852606.664030,-1.157715,0.116699,-0.315918,18.615723,91.857910,265.563965
1493852606.666739,-1.216797,-0.045410,-0.264648,16.052246,96.618652,261.535645
1493852606.669369,-1.226074,-0.104492,-0.394043,13.549805,101.989746,257.385254
1493852606.671948,-1.253418,-0.158203,-0.386230,9.582520,107.727051,253.906250
1493852606.674498,-1.261719,-0.208496,-0.281250,7.263184,109.680176,252.990723
1493852606.677044,-1.364258,-0.245117,-0.476562,1.708984,113.159180,257.019043
1493852606.679699,-1.374512,-0.306152,-0.330078,-1.708984,111.206055,262.512207
1493852606.682427,-1.383789,-0.329590,-0.308105,-2.624512,108.520508,270.690918
1493852606.685109,-1.407227,-0.328613,-0.316895,-0.305176,106.506348,280.639648
1493852606.687789,-1.455566,-0.299805,-0.365234,3.173828,105.895996,290.649414
1493852606.690464,-1.438965,-0.242188,-0.314941,3.845215,105.957031,299.255371
1493852606.693257,-1.448242,-0.237305,-0.301270,3.723145,107.666016,304.687500
1493852606.695937,-1.489258,-0.192383,-0.298340,7.019043,110.412598,306.335449
1493852606.698593,-1.488281,-0.149902,-0.316406,7.812500,113.037109,304.748535
1493852606.701180,-1.472656,-0.163574,-0.219238,10.070801,115.356445,303.344727
1493852606.703728,-1.464844,-0.176758,-0.261230,9.887695,120.300293,301.147461
1493852606.706275,-1.464844,-0.185547,-0.302734,9.216309,124.572754,297.607422
1493852606.708836,-1.487793,-0.218262,-0.190918,9.704590,126.525879,295.776367
1493852606.711396,-1.500977,-0.217773,-0.226562,9.338379,127.502441,294.677734
1493852606.713944,-1.474121,-0.233887,-0.205078,9.948730,127.014160,295.593262
1493852606.716496,-1.555664,-0.211426,-0.228027,10.803223,125.793457,297.973633
1493852606.719162,-1.476074,-0.218262,-0.152344,9.582520,124.389648,299.072266
1493852606.721896,-1.462891,-0.210449,-0.216309,12.695312,123.352051,296.325684
1493852606.724580,-1.462402,-0.206543,-0.175293,14.831543,122.070312,292.175293
1493852606.727261,-1.439453,-0.164062,-0.244141,14.587402,120.971680,286.376953
1493852606.729945,-1.443359,-0.158203,-0.162598,12.878418,120.361328,279.724121
1493852606.732632,-1.432617,-0.159668,-0.020996,9.216309,119.812012,275.268555
1493852606.735314,-1.443848,-0.167480,-0.147461,9.948730,120.239258,273.559570
1493852606.737998,-1.479492,-0.198242,-0.158203,8.483887,121.704102,271.667480
1493852606.740680,-1.434570,-0.226562,-0.036133,9.521484,122.375488,269.287109
1493852606.743358,-1.409180,-0.366211,-0.108887,9.399414,122.253418,265.075684
1493852606.746038,-1.414062,-0.278320,-0.108398,6.103516,120.666504,259.338379
1493852606.748721,-1.394531,-0.288574,0.004883,2.319336,117.797852,249.938965
1493852606.751405,-1.341797,-0.282715,0.012207,0.305176,114.318848,240.112305
1493852606.754086,-1.270508,-0.333008,0.083496,-4.638672,111.267090,231.933594
1493852606.756769,-1.369141,-0.311035,0.082031,-9.948730,106.506348,224.609375
1493852606.759425,-1.302246,-0.308105,0.071777,-16.967773,102.539062,218.505859
1493852606.762013,-1.343262,-0.327637,0.232422,-20.141602,100.036621,211.120605
1493852606.764566,-1.326660,-0.347168,0.198242,-27.038574,99.060059,204.345703
1493852606.767118,-1.311035,-0.394043,0.260742,-28.137207,98.449707,197.509766
1493852606.769735,-1.383789,-0.451172,0.360840,-27.832031,98.144531,191.711426
1493852606.772429,-1.324707,-0.494629,0.128418,-30.151367,95.764160,186.401367
1493852606.775114,-1.334473,-0.552246,0.333496,-35.339355,89.599609,180.786133
1493852606.777797,-1.325684,-0.568848,0.261230,-38.208008,83.801270,173.583984
1493852606.780481,-1.287109,-0.601074,0.239746,-47.363281,76.110840,164.733887
1493852606.783166,-1.216797,-0.679199,0.306641,-53.283691,68.298340,153.930664
1493852606.785849,-1.209961,-0.786621,0.373047,-59.692383,62.011719,142.700195
1493852606.788532,-1.187012,-0.864258,0.200684,-61.584473,56.152344,129.821777
1493852606.791219,-1.026855,-0.930664,0.226074,-66.955566,50.659180,122.558594
1493852606.793901,-1.055664,-1.032715,0.354980,-75.866699,45.654297,107.177734
1493852606.796582,-0.993652,-1.013672,0.229980,-82.031250,45.166016,91.674805
1493852606.799284,-0.937012,-1.173340,0.157227,-87.524414,46.203613,76.599121
1493852606.801990,-0.915527,-1.209961,0.301758,-91.308594,47.180176,60.485840
1493852606.804672,-0.860352,-1.215820,0.273438,-89.782715,44.921875,44.189453
1493852606.807355,-0.769531,-1.263184,0.231445,-85.998535,37.353516,26.000977
1493852606.809999,-0.920898,-1.259766,0.191406,-80.932617,32.531738,8.239746
1493852606.812581,-0.874512,-1.287109,0.260254,-72.204590,31.250000,-6.103516
1493852606.815142,-0.903809,-1.127930,0.243164,-51.025391,29.479980,-16.601562
1493852606.817690,-0.974609,-1.200195,0.138672,-56.640625,24.047852,-24.230957
1493852606.820355,-0.942871,-1.111328,0.180664,-48.156738,20.019531,-30.517578
1493852606.823038,-0.963867,-1.049805,0.107422,-38.085938,12.145996,-36.315918
1493852606.825720,-0.944824,-0.963867,0.121094,-29.907227,7.080078,-44.433594
1493852606.828403,-0.926758,-0.909668,0.063477,-26.367188,4.699707,-54.504395
1493852606.831197,-0.856445,-0.838379,0.017090,-22.216797,4.638672,-63.537598
1493852606.833879,-0.861328,-0.766602,0.104004,-21.423340,5.432129,-71.289062
1493852606.836565,-0.808594,-0.735840,-0.058594,-23.010254,3.479004,-80.444336
1493852606.839271,-0.845215,-0.754883,0.061523,-26.062012,-2.014160,-89.477539
1493852606.841975,-0.847168,-0.706543,0.000000,-27.648926,-9.338379,-99.304199
1493852606.844654,-0.857422,-0.705078,0.117676,-26.916504,-13.427734,-107.788086
1493852606.847334,-0.912598,-0.637695,-0.023438,-27.221680,-15.686035,-113.525391
1493852606.849955,-0.936035,-0.555664,-0.361328,-30.578613,-13.549805,-121.887207
1493852606.852508,-1.080566,-0.448730,-0.134766,-7.751465,20.263672,-129.699707
1493852606.855054,-1.048340,-0.405762,-0.084473,-4.394531,60.974121,-145.263672
1493852606.857605,-0.919922,-0.312500,-0.063965,-1.708984,81.848145,-151.428223
1493852606.860223,-0.825684,-0.226074,0.239746,24.536133,97.961426,-142.944336
1493852606.862909,-0.724609,-0.081543,-0.001465,41.992188,113.769531,-119.628906
1493852606.865590,-0.695312,0.160156,-0.129883,92.590332,133.300781,-88.562012
1493852606.868275,-0.765625,0.529297,-0.326660,125.488281,150.817871,-56.274414
1493852606.870958,-0.911621,0.767090,-0.286621,140.625000,153.564453,-27.526855
1493852606.873638,-0.994141,1.095215,-0.466797,148.864746,131.286621,-2.502441
1493852606.876317,-1.238281,1.343750,-0.298828,148.925781,95.764160,20.996094
1493852606.879055,-1.514648,1.842285,-0.322266,147.460938,59.875488,30.029297
1493852606.881795,-2.106445,2.061035,-0.129883,160.156250,36.437988,4.943848
1493852606.884475,-2.119141,2.135742,-0.345703,163.757324,18.859863,-50.598145
1493852606.887159,-1.542480,1.691895,-0.462402,151.855469,-11.047363,-110.656738
1493852606.889810,-0.546387,1.151367,-0.590332,129.516602,-74.584961,-169.067383
1493852606.892392,0.016602,0.733398,-0.446777,110.046387,-110.961914,-218.994141
1493852606.894946,0.233887,0.459961,-0.223633,103.027344,-171.142578,-263.732910
1493852606.897496,0.093750,0.216309,0.036133,105.651855,-205.871582,-302.001953
1493852606.900136,-0.155762,0.032715,0.241699,106.018066,-196.533203,-366.210938
1493852606.902822,-0.424805,-0.058105,0.290527,99.914551,-153.564453,-382.385254
1493852606.905503,-0.538574,-0.182617,0.013672,83.923340,-95.581055,-408.630371
1493852606.908188,-0.674316,-0.308594,0.057129,57.861328,-46.997070,-412.414551
1493852606.910874,-0.782227,-0.395996,-0.037109,28.442383,-18.432617,-407.348633
1493852606.913553,-0.917480,-0.486328,-0.152832,17.517090,-16.967773,-397.521973
1493852606.916234,-1.101562,-0.595215,-0.169434,26.123047,-31.433105,-380.187988
1493852606.918922,-1.228516,-0.522461,-0.148438,41.564941,-54.504395,-354.858398
1493852606.921612,-1.253418,-0.539062,-0.206543,51.330566,-78.430176,-320.983887
1493852606.924295,-1.344238,-0.527344,-0.236328,63.171387,-94.116211,-279.663086
1493852606.926975,-1.252930,-0.486328,-0.232422,65.429688,-104.064941,-230.651855
1493852606.929636,-1.164551,-0.435547,-0.111328,68.603516,-108.337402,-180.175781
1493852606.932230,-1.046387,-0.331543,-0.179688,71.105957,-111.694336,-131.652832
1493852606.934778,-0.897461,-0.162109,-0.242676,72.937012,-111.999512,-94.299316
1493852606.937328,-0.839355,-0.079102,-0.195801,70.495605,-110.595703,-71.472168
1493852606.939939,-0.686523,0.087402,-0.300293,66.894531,-109.130859,-63.415527
1493852606.942618,-0.571777,0.171387,-0.207031,62.988281,-110.534668,-62.500000
1493852606.945297,-0.520508,0.296387,-0.325195,61.767578,-107.849121,-62.805176
1493852606.947980,-0.419434,0.349121,-0.189453,67.626953,-100.708008,-68.237305
1493852606.950669,-0.394043,0.318359,-0.287598,70.007324,-91.430664,-100.769043
1493852606.953351,-0.378906,0.332520,-0.271484,64.819336,-78.613281,-132.385254
1493852606.956033,-0.397461,0.366211,-0.375000,55.297852,-66.162109,-165.588379
1493852606.958720,-0.369141,0.355469,-0.402832,44.433594,-53.405762,-173.950195
1493852606.961404,-0.374512,0.291016,-0.366211,31.616211,-39.916992,-189.086914
1493852606.964086,-0.482910,0.172852,-0.575684,16.052246,-33.813477,-191.101074
1493852606.966880,-0.550293,-0.073242,-0.533691,-1.464844,-30.212402,-196.472168
1493852606.969567,-0.617676,-0.102539,-0.594238,-14.282227,-34.240723,-206.726074
1493852606.972256,-0.676758,-0.140137,-0.410645,-19.409180,-45.166016,-209.350586
1493852606.974935,-0.716797,-0.232422,-0.515625,-19.409180,-60.302734,-194.580078
1493852606.977618,-0.628418,-0.346191,-0.347168,-22.399902,-73.852539,-177.612305
1493852606.980283,-0.711426,-0.447266,-0.277832,-35.583496,-83.801270,-164.245605
1493852606.982836,-0.711426,-0.458008,-0.216797,-60.302734,-90.332031,-148.559570
1493852606.985387,-0.745117,-0.486328,-0.076172,-60.241699,-92.224121,-136.291504
1493852606.987966,-0.721680,-0.388672,-0.027344,-67.749023,-93.200684,-119.689941
1493852606.990617,-0.718262,-0.314453,-0.020996,-60.424805,-92.712402,-93.688965
1493852606.993300,-0.715820,-0.239746,-0.019531,-50.354004,-86.975098,-65.185547
1493852606.995981,-0.650879,-0.228027,-0.020508,-43.518066,-73.547363,-50.598145
1493852606.998682,-0.660156,-0.197754,-0.041016,-43.884277,-59.753418,-51.696777
1493852607.001383,-0.611816,-0.103027,-0.046875,-41.503906,-48.889160,-56.762695
1493852607.004063,-0.652832,-0.039062,-0.031738,-36.132812,-48.278809,-54.321289
1493852607.006745,-0.633301,-0.031738,-0.004395,-25.878906,-50.720215,-51.879883
1493852607.009432,-0.727539,-0.055176,0.012695,-21.118164,-51.330566,-51.391602
1493852607.012119,-0.671387,-0.047852,-0.021484,-20.690918,-48.522949,-46.142578
1493852607.014802,-0.548340,-0.091797,-0.012207,-20.996094,-37.963867,-42.724609
1493852607.017480,-0.617188,-0.093262,0.004883,-20.812988,-23.620605,-35.034180
1493852607.020169,-0.590820,-0.106445,-0.080078,-19.531250,-8.666992,-29.541016
1493852607.022882,-0.596680,-0.041504,-0.113770,-17.944336,1.831055,-27.709961
1493852607.025600,-0.699219,-0.020996,-0.119629,-18.493652,4.638672,-27.404785
1493852607.028275,-0.731445,-0.122070,-0.143066,-15.563965,2.075195,-28.991699
1493852607.030881,-0.684570,0.114258,-0.103027,-10.314941,-0.671387,-30.090332
1493852607.033431,-0.688965,-0.110352,-0.077148,-6.347656,-1.159668,-28.625488
1493852607.035972,-0.685059,0.124023,-0.181641,-5.920410,2.929688,-24.597168
1493852607.038540,-0.669434,0.123535,-0.182617,-7.629395,9.521484,-20.690918
1493852607.041111,-0.670898,-0.118164,-0.166016,-10.925293,11.779785,-16.662598
1493852607.043661,-0.647949,0.002930,-0.251953,-12.451172,12.878418,-15.625000
1493852607.046214,-0.686523,0.037109,-0.209961,-15.075684,10.498047,-15.197754
1493852607.048805,-0.692871,0.043457,-0.177246,-15.808105,6.286621,-15.808105
1493852607.051466,-0.642578,0.020996,-0.207031,-14.648438,3.540039,-17.700195
1493852607.054151,-0.664062,0.033203,-0.129883,-13.977051,3.051758,-18.432617
1493852607.056833,-0.621582,0.030273,-0.201172,-15.136719,4.943848,-18.066406
1493852607.059523,-0.743652,0.043457,-0.233887,-17.700195,7.019043,-17.944336
1493852607.062211,-0.642578,0.019043,-0.136719,-17.761230,9.887695,-16.906738
1493852607.064894,-0.616699,-0.105957,-0.131836,-19.042969,10.559082,-17.822266
1493852607.067577,-0.634277,-0.002441,-0.255859,-20.324707,11.901855,-17.333984
1493852607.070319,-0.639160,0.002930,-0.131836,-19.165039,12.329102,-16.418457
1493852607.073005,-0.635742,-0.014648,-0.207031,-20.629883,12.939453,-15.136719
1493852607.075692,-0.642578,-0.020508,-0.173340,-19.165039,13.061523,-13.916016
1493852607.078379,-0.686523,-0.032715,-0.206543,-18.920898,12.268066,-10.681152
1493852607.081064,-0.652344,-0.023926,-0.239746,-18.493652,11.413574,-7.202148
1493852607.083744,-0.675293,0.002930,-0.224609,-17.333984,11.474609,-4.272461
1493852607.086429,-0.640137,0.030273,-0.196777,-17.333984,9.460449,-0.671387
1493852607.089082,-0.708496,-0.105469,-0.203125,-14.770508,9.338379,2.258301
1493852607.091666,-0.646973,-0.006348,-0.102051,-14.343262,9.582520,5.004883
1493852607.094218,-0.643066,0.009277,-0.181152,-14.221191,8.544922,6.835938
1493852607.096767,-0.589844,0.119629,-0.169922,-12.939453,9.948730,7.141113
1493852607.099319,-0.660645,-0.109375,-0.222656,-13.122559,10.620117,7.324219
1493852607.101875,-0.675293,0.027344,-0.210938,-12.817383,12.145996,7.019043
1493852607.104535,-0.642578,0.002441,-0.136719,-10.986328,11.352539,6.896973
1493852607.107087,-0.647949,-0.098633,-0.254883,-7.995605,11.596680,7.080078
1493852607.109704,-0.645996,0.012695,-0.164062,-8.483887,11.901855,7.934570
1493852607.112383,-0.643066,-0.017090,-0.187012,-7.202148,12.084961,10.131836
1493852607.115051,-0.640625,0.015137,-0.137695,-7.751465,12.939453,13.122559
1493852607.117723,-0.672363,0.019043,-0.242676,-8.361816,14.648438,13.671875
1493852607.120385,-0.673340,0.019531,-0.191406,-7.995605,15.136719,14.770508
1493852607.123124,-0.678711,0.024414,-0.187500,-8.178711,15.686035,15.136719
1493852607.125885,-0.645508,0.030762,-0.225586,-7.507324,15.502930,16.113281
1493852607.128574,-0.693359,0.004395,-0.213867,-7.080078,14.404297,16.540527
1493852607.131259,-0.662598,0.018555,-0.241699,-7.019043,12.878418,17.578125
1493852607.133940,-0.668457,0.004883,-0.214355,-6.408691,11.352539,17.395020
1493852607.136623,-0.648438,-0.008301,-0.138184,-4.028320,8.300781,16.662598
1493852607.139267,-0.690430,0.004395,-0.162109,-3.417969,5.249023,16.723633
1493852607.141843,-0.650879,0.019531,-0.298340,-2.258301,2.990723,17.089844
1493852607.144387,-0.698730,0.011230,-0.184082,-0.122070,0.976562,17.089844
1493852607.146937,-0.682129,0.028320,-0.325684,0.732422,-1.037598,17.639160
1493852607.149492,-0.665039,0.020996,-0.236816,1.525879,-3.417969,18.432617
1493852607.152041,-0.698730,0.028320,-0.160645,4.211426,-5.676270,18.859863
1493852607.154583,-0.652832,0.028809,-0.270996,5.126953,-7.080078,18.798828
1493852607.157126,-0.672363,0.004395,-0.134766,4.089355,-8.422852,18.066406
1493852607.159743,-0.675293,0.026855,-0.176758,4.943848,-8.789062,17.700195
1493852607.162431,-0.617188,0.031250,-0.202637,6.774902,-10.498047,16.906738
1493852607.165113,-0.646973,0.025391,-0.179199,6.958008,-10.620117,15.625000
1493852607.167802,-0.534668,0.035156,-0.241699,8.117676,-11.657715,15.686035
1493852607.170491,-0.632812,0.041504,-0.190918,7.629395,-12.512207,15.075684
1493852607.173173,-0.650391,0.047852,-0.202637,7.690430,-13.000488,14.099121
1493852607.175855,-0.593262,0.056152,-0.234863,7.202148,-13.732910,12.695312
1493852607.178543,-0.611328,0.031738,-0.162598,9.216309,-13.427734,10.925293
1493852607.181231,-0.599609,0.016602,-0.169434,8.789062,-11.108398,9.338379
1493852607.183913,-0.597168,0.047852,-0.235840,9.948730,-10.070801,7.934570
1493852607.186592,-0.642578,0.031738,-0.165527,10.192871,-10.192871,6.835938
1493852607.189241,-0.601562,0.033203,-0.187500,12.390137,-9.216309,4.577637
1493852607.191819,-0.573730,0.030273,-0.207520,12.451172,-8.544922,4.150391
1493852607.194368,-0.632324,0.030762,-0.128418,12.390137,-7.995605,1.831055
1493852607.196914,-0.601074,0.064453,-0.307617,11.779785,-8.666992,0.061035
1493852607.199528,-0.597168,0.061523,-0.214355,11.779785,-9.033203,-1.892090
1493852607.202200,-0.707031,0.046387,-0.185059,11.901855,-8.911133,-4.760742
1493852607.204865,-0.597656,0.049805,-0.281738,10.131836,-8.483887,-6.774902
1493852607.207530,-0.610840,0.054688,-0.177734,7.995605,-7.873535,-10.009766
1493852607.210206,-0.578125,0.062988,-0.259277,6.164551,-8.422852,-12.329102
1493852607.212875,-0.570801,0.036133,-0.133301,3.784180,-8.422852,-14.465332
1493852607.215539,-0.623535,0.026367,-0.202148,0.976562,-7.385254,-15.563965
1493852607.218204,-0.737793,0.013184,-0.217773,2.929688,-8.544922,-15.380859
1493852607.220856,-0.503906,0.022461,-0.209961,3.967285,-10.131836,-15.258789
1493852607.223562,-0.503418,0.009277,-0.218750,3.906250,-11.474609,-15.014648
1493852607.226291,-0.651855,-0.006836,-0.229004,4.699707,-13.671875,-13.366699
1493852607.228982,-0.591309,0.016602,-0.158203,4.272461,-14.587402,-12.573242
1493852607.231672,-0.505371,-0.010254,-0.166992,4.394531,-14.953613,-11.352539
1493852607.234354,-0.650879,-0.008789,-0.183594,6.347656,-15.625000,-10.314941
1493852607.237034,-0.621582,-0.096191,-0.207031,7.812500,-16.052246,-9.887695
1493852607.239670,-0.646973,0.019531,-0.140625,11.291504,-16.540527,-8.483887
1493852607.242237,-0.637695,0.005859,-0.216797,10.681152,-17.333984,-7.507324
1493852607.244896,-0.630371,0.012695,-0.198730,10.864258,-18.554688,-6.469727
1493852607.247444,-0.632812,0.020996,-0.152344,11.718750,-18.981934,-6.896973
1493852607.250118,-0.609375,0.021484,-0.175781,11.047363,-18.005371,-6.469727
1493852607.252799,-0.622559,0.025391,-0.153809,9.033203,-18.249512,-7.263184
1493852607.255477,-0.640137,0.036133,-0.203613,9.277344,-18.249512,-8.666992
1493852607.258159,-0.650879,0.043457,-0.210449,8.728027,-17.883301,-9.338379
1493852607.260840,-0.600098,0.052734,-0.247559,8.972168,-18.310547,-9.460449
1493852607.263517,-0.656738,0.007812,-0.109863,8.422852,-17.578125,-8.972168
1493852607.266197,-0.640137,0.019043,-0.238281,9.521484,-17.272949,-9.216309
1493852607.268889,-0.639160,0.031250,-0.180664,9.094238,-17.272949,-9.826660
1493852607.271583,-0.643066,0.005371,-0.148438,7.812500,-17.150879,-9.521484
1493852607.274261,-0.626953,0.015625,-0.136230,8.422852,-16.967773,-9.704590
1493852607.276940,-0.652344,0.022949,-0.200195,8.911133,-16.784668,-8.728027
1493852607.279579,-0.678223,0.016602,-0.179199,10.681152,-17.883301,-7.568359
1493852607.282153,-0.650879,0.048828,-0.183594,9.704590,-19.226074,-6.530762
1493852607.284701,-0.655762,0.028809,-0.149902,8.911133,-20.507812,-5.859375
1493852607.287247,-0.665039,0.040527,-0.223633,9.826660,-20.996094,-5.920410
1493852607.289811,-0.643066,0.045898,-0.180664,9.033203,-21.484375,-5.981445
1493852607.292377,-0.664062,0.053711,-0.192871,8.850098,-21.118164,-7.446289
1493852607.294923,-0.638672,0.060059,-0.261230,8.056641,-21.423340,-7.690430
1493852607.297467,-0.648438,0.041504,-0.185547,9.094238,-21.423340,-7.751465
1493852607.300105,-0.639160,0.057617,-0.166016,7.751465,-20.507812,-8.422852
1493852607.302779,-0.653809,0.062988,-0.180664,7.812500,-20.751953,-8.483887
1493852607.305447,-0.679199,0.046387,-0.231445,7.690430,-19.958496,-9.643555
1493852607.308118,-0.617676,0.067871,-0.244629,6.591797,-19.531250,-10.681152
1493852607.310794,-0.662598,0.029297,-0.142090,7.019043,-19.104004,-13.244629
1493852607.313461,-0.626465,0.037109,-0.164551,4.577637,-18.005371,-16.235352
1493852607.316125,-0.597656,0.052246,-0.197754,3.784180,-17.456055,-17.333984
1493852607.318789,-0.620605,0.036621,-0.130371,3.051758,-16.357422,-19.592285
1493852607.321441,-0.720215,0.041016,-0.145996,1.464844,-15.197754,-22.583008
1493852607.324142,-0.595215,0.007324,-0.222656,3.234863,-13.977051,-23.193359
1493852607.326834,-0.639160,0.034668,-0.216797,2.563477,-12.512207,-23.254395
1493852607.329475,-0.657715,-0.003418,-0.207520,3.784180,-11.169434,-22.460938
1493852607.332046,-0.646484,0.002930,-0.178711,4.394531,-10.925293,-21.179199
1493852607.334596,-0.711914,-0.034180,-0.210938,4.638672,-10.131836,-19.165039
1493852607.337146,-0.649902,-0.008301,-0.175781,6.713867,-13.183594,-17.211914
1493852607.339756,-0.657715,-0.018066,-0.164551,6.408691,-30.578613,-16.662598
1493852607.342436,-0.706543,-0.004395,-0.185059,5.920410,-16.296387,-17.822266
1493852607.345118,-0.656738,0.007324,-0.236328,7.080078,-16.540527,-19.775391
1493852607.347799,-0.655762,0.117676,-0.121094,8.483887,-0.122070,-21.484375
1493852607.350482,-0.656738,0.032715,-0.171387,9.887695,-14.648438,-22.094727
1493852607.353162,-0.647949,0.031250,-0.175781,10.620117,-14.465332,-21.484375
1493852607.355845,-0.683594,-0.000488,-0.154297,11.413574,-13.427734,-19.897461
1493852607.358534,-0.663574,0.015137,-0.220215,12.634277,-13.549805,-18.798828
1493852607.361223,-0.697754,0.016602,-0.187500,12.145996,-14.953613,-17.639160
1493852607.363909,-0.652832,0.012695,-0.149902,12.939453,-15.563965,-16.540527
1493852607.366595,-0.688965,0.005371,-0.192383,15.136719,-16.540527,-15.930176
1493852607.369284,-0.656738,0.023438,-0.192871,14.831543,-15.991211,-16.357422
1493852607.371973,-0.667480,0.016602,-0.130371,15.625000,-15.991211,-18.920898
1493852607.374658,-0.666504,0.033203,-0.175293,16.296387,-14.282227,-21.606445
1493852607.377342,-0.655762,0.030762,-0.136230,18.249512,-12.634277,-22.705078
1493852607.379962,-0.644043,0.033203,-0.006836,17.333984,-11.901855,-22.399902
1493852607.382512,-0.682129,0.034668,-0.177246,17.578125,-11.657715,-22.888184
1493852607.385165,-0.666992,0.050781,-0.127930,16.967773,-11.108398,-25.024414
1493852607.387738,-0.686523,0.032715,-0.159668,16.235352,-11.169434,-25.634766
1493852607.390376,-0.662598,0.015625,-0.113281,17.761230,-11.108398,-26.245117
1493852607.393044,-0.689941,0.029297,-0.185547,18.920898,-10.009766,-27.160645
1493852607.395715,-0.688965,0.036621,-0.156250,19.531250,-9.704590,-28.198242
1493852607.398391,-0.680664,0.040527,-0.147461,19.042969,-10.009766,-28.259277
1493852607.401070,-0.631348,0.071777,-0.165527,17.456055,-10.131836,-30.578613
1493852607.403740,-0.699219,0.060059,-0.179199,19.104004,-8.117676,-32.958984
1493852607.406411,-0.665039,0.070312,-0.241699,18.554688,-6.652832,-34.790039
1493852607.409089,-0.664551,0.076172,-0.177246,19.287109,-5.065918,-37.475586
1493852607.411765,-0.650879,0.044922,-0.182617,18.188477,-3.967285,-39.062500
1493852607.414438,-0.669434,0.059570,-0.246582,15.136719,-2.807617,-41.687012
1493852607.417109,-0.675781,0.030762,-0.275879,15.563965,-2.075195,-44.067383
1493852607.419739,-0.711914,-0.001465,-0.127930,15.441895,-2.319336,-44.738770
1493852607.422344,-0.683594,0.011230,-0.218750,16.479492,-3.479004,-45.898438
1493852607.424933,-0.724121,0.008789,-0.198730,18.981934,-4.333496,-46.813965
1493852607.427485,-0.687988,-0.025879,-0.166992,18.127441,-4.089355,-46.875000
1493852607.430078,-0.732422,0.002930,-0.227051,17.883301,-4.516602,-45.349121
1493852607.432632,-0.729004,0.002441,-0.107422,18.310547,-5.920410,-44.860840
1493852607.435182,-0.711914,-0.005371,-0.263184,21.118164,-6.408691,-44.677734
1493852607.437751,-0.724609,0.009766,-0.181641,23.132324,-7.629395,-44.250488
1493852607.440316,-0.849121,0.001465,-0.142090,24.658203,-8.544922,-44.555664
1493852607.442863,-0.725586,0.013672,-0.224609,24.475098,-10.559082,-44.250488
1493852607.445414,-0.705078,0.000000,-0.158203,24.108887,-12.634277,-46.508789
1493852607.447984,-0.716309,0.004883,-0.146484,23.437500,-13.427734,-47.912598
1493852607.450625,-0.716309,0.026855,-0.183105,25.024414,-14.526367,-49.072266
1493852607.453305,-0.736328,0.036621,-0.139648,25.939941,-15.136719,-49.865723
1493852607.455986,-0.749512,0.032715,-0.180664,24.719238,-16.479492,-50.964355
1493852607.458687,-0.763184,0.062500,-0.125488,23.437500,-16.174316,-52.551270
1493852607.461389,-0.716797,0.049805,-0.158203,23.315430,-16.479492,-53.405762
1493852607.464071,-0.735840,0.057617,-0.153809,23.376465,-16.113281,-56.091309
1493852607.466759,-0.628418,0.030762,-0.144043,23.071289,-15.991211,-58.654785
1493852607.469471,-0.714844,0.018555,-0.189453,24.414062,-14.404297,-61.767578
1493852607.472180,-0.722656,0.016602,-0.247559,23.559570,-13.061523,-64.941406
1493852607.474864,-0.704590,0.035156,-0.154297,23.742676,-13.183594,-65.856934
1493852607.477546,-0.630371,0.015137,-0.136719,22.155762,-13.732910,-66.589355
1493852607.480232,-0.709473,0.048340,-0.128906,21.789551,-14.343262,-66.833496
1493852607.482915,-0.704102,0.036133,-0.072266,21.301270,-14.770508,-68.725586
1493852607.485602,-0.735352,0.030273,-0.028809,22.216797,-14.709473,-70.495605
1493852607.488277,-0.749512,0.022461,-0.008301,21.484375,-13.671875,-70.312500
1493852607.490885,-0.783203,0.027344,-0.192383,21.057129,-14.526367,-70.983887
1493852607.493442,-0.761719,0.033203,-0.103027,19.226074,-16.296387,-71.960449
1493852607.495994,-0.772461,0.030273,-0.155762,20.629883,-17.517090,-73.120117
1493852607.498567,-0.795898,0.015625,-0.127930,22.033691,-17.150879,-75.927734
1493852607.501204,-0.751465,0.022949,-0.173340,21.423340,-15.930176,-79.956055
1493852607.503872,-0.790527,-0.010254,-0.121582,22.460938,-14.831543,-81.298828
1493852607.506540,-0.753418,0.009277,-0.160156,21.728516,-13.977051,-82.458496
1493852607.509212,-0.806641,0.023438,-0.182617,21.911621,-14.221191,-84.899902
1493852607.511887,-0.763672,0.030762,-0.216309,21.484375,-14.709473,-86.914062
1493852607.514558,-0.818359,0.010742,-0.064453,20.812988,-14.404297,-89.233398
1493852607.517231,-0.793945,0.024414,-0.220703,21.301270,-12.756348,-91.064453
1493852607.519903,-0.796875,0.002930,-0.187500,23.193359,-11.352539,-92.529297
1493852607.522719,-0.864746,0.118164,-0.248047,22.705078,-10.986328,-93.750000
1493852607.525434,-0.871094,0.004883,-0.214844,22.338867,-11.840820,-93.139648
1493852607.528124,-0.842773,0.007812,-0.179199,20.996094,-13.183594,-94.482422
1493852607.530817,-0.936035,0.118164,-0.165527,23.132324,-13.549805,-96.679688
1493852607.533500,-0.942383,-0.090332,-0.218262,23.254395,-13.183594,-99.060059
1493852607.536182,-0.919922,0.019043,-0.125488,24.658203,-13.427734,-101.501465
1493852607.538859,-0.926758,0.041504,-0.157715,23.193359,-13.854980,-103.820801
1493852607.541467,-0.934570,0.052734,-0.190430,24.414062,-30.822754,-106.079102
1493852607.544015,-0.974609,0.015137,-0.115234,25.817871,-15.502930,-108.032227
1493852607.546565,-0.967285,0.005371,-0.128906,29.663086,-15.625000,-108.459473
1493852607.549127,-1.013672,0.012207,-0.187500,34.484863,-16.479492,-108.520508
1493852607.551689,-1.022949,0.027344,-0.111328,36.071777,-18.676758,-107.421875
1493852607.554235,-0.974609,0.064453,-0.160156,39.367676,-20.568848,-104.614258
1493852607.556786,-0.982910,0.091309,-0.064453,40.344238,-21.301270,-102.844238
1493852607.559389,-0.970215,0.123535,-0.127930,42.419434,-19.653320,-103.881836
1493852607.562063,-0.932617,0.164551,-0.109863,41.992188,-17.211914,-107.604980
1493852607.564744,-0.986328,0.188965,-0.042480,39.245605,-0.488281,-111.694336
1493852607.567422,-0.962402,0.224609,-0.127930,39.001465,-13.854980,-115.234375
1493852607.570118,-0.984375,0.237793,-0.099121,39.367676,-10.620117,-118.347168
1493852607.572806,-0.995605,0.231445,-0.121582,39.672852,-7.751465,-121.215820
1493852607.575490,-1.100098,0.274902,-0.147949,38.513184,-3.845215,-125.000000
1493852607.578176,-1.120605,0.291992,-0.101562,38.879395,-0.793457,-130.126953
1493852607.580863,-1.019531,0.291016,-0.082520,39.123535,2.014160,-134.643555
1493852607.583548,-1.034668,0.302246,-0.063965,44.006348,3.295898,-138.732910
1493852607.586229,-1.101562,0.332520,-0.164551,49.072266,1.892090,-140.991211
1493852607.588918,-1.023438,0.373047,-0.197754,56.152344,-1.892090,-143.798828
1493852607.591601,-1.069824,0.433105,-0.176758,62.316895,-6.042480,-146.972656
1493852607.594278,-1.070801,0.427246,-0.183594,67.687988,-8.300781,-150.817871
1493852607.596960,-1.070312,0.472168,-0.193359,69.702148,-6.103516,-153.381348
1493852607.599609,-1.037109,0.525879,-0.220215,72.143555,-2.258301,-158.203125
1493852607.602189,-1.076660,0.543945,-0.147949,73.059082,2.319336,-164.733887
1493852607.604737,-1.058105,0.543945,-0.158691,72.753906,7.202148,-172.363281
1493852607.607284,-1.031250,0.551270,-0.243652,70.556641,12.145996,-180.297852
1493852607.609908,-1.079590,0.513184,-0.104980,65.612793,16.052246,-192.199707
1493852607.612595,-1.093262,0.482910,-0.111816,59.509277,19.348145,-203.674316
1493852607.615264,-1.015137,0.462891,-0.046387,53.833008,20.690918,-216.491699
1493852607.617939,-1.138672,0.256836,-0.123535,43.701172,20.263672,-228.637695
1493852607.620601,-1.165039,0.312012,-0.040527,34.179688,19.897461,-239.624023
1493852607.623270,-1.201172,0.212402,-0.118652,24.353027,21.484375,-250.305176
1493852607.625958,-1.214844,0.160156,-0.131836,16.296387,22.949219,-257.080078
1493852607.628662,-1.198730,0.082520,-0.236328,12.329102,23.376465,-261.413574
1493852607.631365,-1.224121,-0.023926,-0.150391,13.488770,17.639160,-261.535645
1493852607.634045,-1.232910,-0.077637,-0.194824,12.817383,12.695312,-259.521484
1493852607.636725,-1.174805,-0.128906,-0.306641,14.282227,9.765625,-259.887695
1493852607.639402,-1.167969,-0.132812,-0.137695,19.287109,8.483887,-259.399414
1493852607.642080,-1.143066,-0.155762,-0.231445,24.780273,8.361816,-261.474609
1493852607.644757,-1.031738,-0.002441,-0.336914,31.799316,9.521484,-263.000488
1493852607.647432,-1.109863,-0.239258,-0.319824,42.297363,7.446289,-264.587402
1493852607.650072,-1.128906,-0.114258,-0.333008,45.776367,5.737305,-280.761719
1493852607.652638,-1.080566,-0.111328,-0.444824,49.804688,2.441406,-266.418457
1493852607.655187,-1.109863,-0.122070,-0.282715,49.926758,-1.525879,-267.028809
1493852607.657854,-1.099121,-0.122559,-0.345215,48.278809,-5.737305,-265.869141
1493852607.660402,-1.088867,-0.154785,-0.308105,46.325684,-8.728027,-265.869141
1493852607.662946,-1.052734,-0.190918,-0.303711,42.114258,-10.314941,-266.601562
1493852607.665493,-1.010254,-0.225586,-0.413574,45.227051,-13.000488,-268.188477
1493852607.668060,-1.002930,-0.241699,-0.455078,51.391602,-12.634277,-268.920898
1493852607.670700,-0.920898,-0.209961,-0.562012,60.302734,-10.437012,-270.690918
1493852607.673384,-0.926758,-0.219238,-0.460938,65.307617,-7.446289,-270.385742
1493852607.676065,-0.907227,-0.194824,-0.462402,67.260742,-5.126953,-268.066406
1493852607.678752,-0.878418,-0.143555,-0.547363,66.162109,-5.432129,-250.305176
1493852607.681442,-0.885742,-0.104492,-0.565918,69.519043,-6.835938,-259.155273
1493852607.684126,-0.832031,-0.054199,-0.493652,73.425293,-8.239746,-249.755859
1493852607.686807,-0.789062,0.023438,-0.458008,76.721191,-7.568359,-223.449707
1493852607.689494,-0.692383,0.077148,-0.382812,80.627441,-4.821777,-208.984375
1493852607.692179,-0.732422,0.142090,-0.506836,80.139160,1.525879,-210.388184
1493852607.694859,-0.658691,0.192383,-0.427246,80.444336,7.629395,-196.228027
1493852607.697539,-0.629883,0.251465,-0.468750,81.054688,14.709473,-181.884766
1493852607.700231,-0.570312,0.285156,-0.355469,84.289551,19.165039,-169.860840
1493852607.702916,-0.385254,0.306641,-0.322266,85.998535,24.475098,-159.362793
1493852607.705601,-0.476562,0.470215,-0.365234,87.585449,27.954102,-150.695801
1493852607.708279,-0.394531,0.394043,-0.394531,90.820312,34.057617,-142.578125
1493852607.710885,-0.316406,0.427246,-0.328125,108.581543,41.137695,-134.216309
1493852607.713437,-0.279785,0.417969,-0.304688,95.703125,48.339844,-126.708984
1493852607.715986,-0.211914,0.397949,-0.253418,106.384277,52.856445,-118.957520
1493852607.718590,-0.168457,0.294922,-0.300781,118.835449,64.331055,-109.924316
1493852607.721257,-0.192383,0.132324,-0.343262,124.450684,73.120117,-101.501465
1493852607.723919,-0.179199,-0.022949,-0.264648,124.267578,78.674316,-96.130371
1493852607.726583,-0.021484,-0.206055,-0.160645,117.309570,84.777832,-94.787598
1493852607.729270,-0.092773,-0.347656,-0.061523,115.600586,94.726562,-100.341797
1493852607.731956,-0.066406,-0.484375,0.010742,120.239258,107.482910,-111.511230
1493852607.734617,-0.058594,-0.550293,-0.037109,134.216309,115.051270,-118.286133
1493852607.737279,-0.140137,-0.529785,-0.200195,155.883789,109.130859,-129.333496
1493852607.739947,-0.243164,-0.437012,-0.251953,169.189453,83.068848,-130.493164
1493852607.742614,-0.307617,-0.316406,-0.422363,154.541016,35.766602,-114.074707
1493852607.745277,-0.260254,-0.338867,-0.376953,123.046875,-15.258789,-75.561523
1493852607.747943,-0.193359,-0.209961,-0.099121,88.928223,-45.898438,-26.306152
1493852607.750611,-0.197754,-0.211426,0.113770,74.523926,-50.048828,22.521973
1493852607.753278,-0.154785,-0.209473,-0.003418,78.979492,-37.658691,62.377930
1493852607.755941,-0.149902,-0.198242,-0.005859,85.693359,-21.606445,91.186523
1493852607.758587,-0.170898,-0.158203,-0.074219,97.656250,-12.451172,110.900879
1493852607.761174,-0.202148,-0.038086,-0.162598,106.445312,-11.108398,123.962402
1493852607.763724,-0.213379,0.040527,-0.154785,104.614258,-29.235840,133.361816
1493852607.766272,-0.179199,0.178711,-0.195801,100.097656,-17.883301,144.775391
1493852607.768852,-0.199219,0.287598,-0.109863,93.750000,-20.812988,158.752441
1493852607.771505,-0.182129,0.431152,-0.099609,85.510254,-20.324707,173.095703
1493852607.774188,-0.136719,0.474609,-0.114746,80.993652,-18.066406,179.809570
1493852607.776871,-0.139648,0.532715,-0.002930,76.477051,-14.099121,190.979004
1493852607.779562,-0.125977,0.557129,-0.082031,74.157715,-10.253906,198.120117
1493852607.782252,-0.082031,0.560547,-0.121582,71.594238,-8.056641,198.059082
1493852607.784933,-0.041504,0.556641,-0.039062,69.763184,-6.042480,175.170898
1493852607.787613,0.004883,0.560547,-0.083984,65.124512,-3.906250,179.382324
1493852607.790346,0.013672,0.554199,-0.062500,61.645508,-3.845215,165.100098
1493852607.793028,-0.019531,0.527344,-0.140625,75.317383,0.793457,152.282715
1493852607.795815,-0.117676,0.537598,-0.087402,54.504395,0.549316,139.587402
1493852607.798500,-0.040039,0.529297,-0.018555,46.203613,5.432129,126.586914
1493852607.801187,-0.023926,0.487305,-0.124023,40.649414,11.718750,115.783691
1493852607.803871,-0.030762,0.433594,0.037598,37.963867,17.333984,105.468750
1493852607.806551,-0.047363,0.370605,-0.033203,35.339355,22.277832,95.581055
1493852607.809222,-0.114746,0.318359,-0.047852,31.555176,25.634766,89.477539
1493852607.811824,-0.136719,0.152832,-0.082520,28.808594,29.479980,87.463379
1493852607.814375,-0.141602,0.249512,-0.054688,24.169922,29.479980,91.247559
1493852607.816924,-0.175293,0.217773,0.007324,19.348145,29.418945,98.022461
1493852607.819534,-0.169434,0.187012,-0.066406,12.939453,31.250000,107.421875
1493852607.822211,-0.216309,0.180664,-0.054199,9.338379,31.616211,119.506836
1493852607.824888,-0.231445,0.156250,-0.072754,5.798340,33.935547,129.455566
1493852607.827569,-0.194824,0.168457,-0.077637,-0.183105,34.423828,138.427734
1493852607.830250,-0.142090,0.144531,-0.047852,-4.394531,34.179688,144.958496
1493852607.832932,-0.360840,0.166504,-0.084961,-9.460449,32.592773,151.184082
1493852607.835613,-0.225586,0.177246,-0.027344,-16.235352,31.433105,156.555176
1493852607.838296,-0.219727,0.160645,-0.019043,-20.385742,29.724121,162.963867
1493852607.840982,-0.235840,0.135254,-0.106445,-25.390625,28.198242,166.748047
1493852607.843663,-0.219238,0.131836,-0.067383,-28.381348,28.747559,174.987793
1493852607.846345,-0.139648,0.138184,-0.041504,-34.790039,29.113770,199.462891
1493852607.849031,-0.265625,0.136719,-0.083496,-39.428711,29.602051,192.199707
1493852607.851710,-0.286133,0.125488,-0.017578,-42.907715,31.738281,201.354980
1493852607.854388,-0.298828,0.144531,-0.014648,-45.288086,33.020020,209.289551
1493852607.857066,-0.277344,0.120605,-0.011230,-48.095703,34.423828,216.796875
1493852607.859698,-0.331543,0.128418,-0.065918,-47.241211,35.766602,223.083496
1493852607.862263,-0.310059,0.119629,-0.044434,-47.973633,38.452148,230.529785
1493852607.864819,-0.317383,0.154785,-0.087891,-48.767090,39.794922,236.755371
1493852607.867369,-0.357422,0.140625,-0.117188,-47.851562,40.283203,241.088867
1493852607.869982,-0.350586,0.142578,-0.082031,-47.302246,43.701172,245.361328
1493852607.872666,-0.324219,0.156250,-0.067383,-45.959473,45.959473,249.206543
1493852607.875349,-0.364258,0.140625,-0.060059,-42.114258,48.706055,252.136230
1493852607.878053,-0.378906,0.145020,-0.033691,-39.733887,50.048828,254.577637
1493852607.880759,-0.368164,0.156250,-0.101074,-38.391113,52.551270,255.676270
1493852607.883442,-0.306641,0.142578,-0.067383,-35.949707,55.114746,257.019043
1493852607.886121,-0.400391,0.160645,-0.120605,-34.057617,56.579590,257.873535
1493852607.888804,-0.410156,0.150391,-0.096680,-31.311035,58.654785,259.094238
1493852607.891490,-0.457031,0.149902,-0.129883,-29.174805,60.363770,259.277344
1493852607.894174,-0.423828,0.162598,-0.116211,-27.709961,62.744141,259.155273
1493852607.896857,-0.455078,0.160645,-0.113281,-25.817871,63.659668,258.850098
1493852607.899546,-0.507324,0.138672,-0.164062,-25.085449,63.598633,258.666992
1493852607.902231,-0.517090,0.146484,-0.226562,-23.925781,65.368652,257.873535
1493852607.904918,-0.567383,0.140137,-0.150391,-24.475098,65.673828,257.019043
1493852607.907601,-0.608887,0.124512,-0.177246,-25.085449,67.077637,256.408691
1493852607.910280,-0.578125,0.163574,-0.219238,-24.414062,66.833496,255.310059
1493852607.912832,-0.615234,0.103516,-0.156250,-23.925781,66.467285,255.126953
1493852607.915385,-0.736816,0.102051,-0.208984,-22.033691,67.138672,255.187988
1493852607.917954,-0.656250,0.092773,-0.166992,-20.935059,67.016602,257.080078
1493852607.920523,-0.644043,0.091797,-0.172852,-19.775391,66.345215,259.399414
1493852607.923071,-0.672363,0.076172,-0.102051,-17.883301,66.162109,261.474609
1493852607.925620,-0.634277,0.044434,-0.077148,-14.892578,65.246582,264.831543
1493852607.928190,-0.632324,0.097656,-0.169922,-13.061523,63.232422,266.479492
1493852607.930830,-0.769531,0.095215,-0.133301,-8.178711,61.767578,268.920898
1493852607.933618,-0.810059,0.002930,-0.051758,-5.432129,61.340332,270.202637
1493852607.936297,-0.811035,0.119141,-0.226562,-2.990723,60.852051,269.897461
1493852607.938981,-0.846191,0.152832,-0.162598,-1.342773,59.631348,269.287109
1493852607.941664,-0.839844,0.168945,-0.091309,0.854492,58.471680,268.371582
1493852607.944345,-0.873047,0.140625,-0.123047,2.319336,58.471680,265.197754
1493852607.947028,-0.857422,0.130859,-0.157715,4.394531,57.189941,262.634277
1493852607.949714,-0.910156,0.145996,-0.083496,6.347656,56.640625,258.789062
1493852607.952402,-0.931641,0.140625,-0.189453,8.972168,57.006836,255.371094
1493852607.955085,-0.978516,0.090820,-0.135254,8.972168,57.067871,251.281738
1493852607.957773,-0.994141,0.136719,-0.201172,8.605957,56.518555,249.084473
1493852607.960459,-0.964355,0.233887,-0.176758,9.948730,58.410645,247.070312
1493852607.963141,-1.020996,0.111328,-0.237793,9.826660,60.729980,244.628906
1493852607.965817,-1.036621,0.095703,-0.209961,9.582520,63.659668,241.271973
1493852607.968482,-1.013184,0.089844,-0.206543,10.375977,66.772461,237.365723
1493852607.971082,-1.065918,0.069336,-0.176758,10.131836,71.533203,233.154297
1493852607.973634,-1.073242,0.030762,-0.228516,6.835938,73.974609,226.440430
1493852607.976183,-1.009277,0.020508,-0.226074,2.929688,76.538086,220.092773
1493852607.978769,-1.126953,0.013672,-0.284668,-1.953125,80.139160,213.928223
1493852607.981424,-1.138672,-0.051758,-0.224121,-6.042480,83.557129,211.791992
1493852607.984104,-1.173340,-0.113281,-0.239746,-11.291504,85.510254,207.031250
1493852607.986788,-1.240234,-0.146484,-0.173828,-16.479492,89.050293,204.711914
1493852607.989492,-1.220215,-0.204590,-0.326660,-20.202637,90.454102,204.467773
1493852607.992198,-1.316406,-0.267090,-0.191406,-25.756836,89.172363,209.716797
1493852607.994884,-1.310059,-0.287109,-0.298828,-28.259277,83.496094,219.421387
1493852607.997568,-1.380859,-0.286621,-0.220703,-27.282715,78.125000,230.102539
1493852608.000252,-1.376465,-0.280762,-0.317871,-23.193359,75.744629,241.821289
1493852608.002933,-1.388184,-0.263672,-0.251953,-18.432617,74.462891,251.464844
1493852608.005615,-1.303223,-0.258789,-0.235840,-15.686035,75.500488,256.530762
1493852608.008303,-1.369141,-0.247559,-0.189453,-12.268066,75.439453,256.591797
1493852608.010990,-1.308594,-0.218262,-0.272461,-11.352539,79.284668,254.089355
1493852608.013673,-1.295410,-0.185547,-0.350586,-8.483887,82.580566,251.098633
1493852608.016354,-1.287598,-0.202637,-0.236328,-7.507324,86.364746,248.901367
1493852608.019020,-1.280762,-0.206055,-0.227051,-7.873535,91.308594,247.436523
1493852608.021618,-1.267090,-0.217773,-0.259277,-9.338379,94.360352,245.117188
1493852608.024168,-1.293945,-0.259277,-0.157715,-8.850098,95.397949,243.103027
1493852608.026716,-1.170410,-0.287109,-0.230469,-7.141113,95.886230,240.844727
1493852608.029324,-1.285156,-0.284668,-0.161621,-7.751465,95.092773,238.281250
1493852608.032001,-1.297363,-0.320312,-0.177734,-6.530762,93.750000,236.877441
1493852608.034679,-1.268066,-0.312012,-0.178711,-5.065918,93.872070,234.680176
1493852608.037358,-1.267578,-0.307617,-0.139648,-2.807617,93.933105,232.543945
1493852608.040062,-1.270508,-0.317871,-0.114746,-3.723145,92.346191,230.590820
1493852608.042769,-1.273438,-0.330566,-0.111328,-2.685547,90.332031,229.797363
1493852608.045452,-1.196289,-0.300293,-0.085938,-1.525879,89.843750,228.271484
1493852608.048134,-1.287109,-0.269043,-0.123535,0.549316,89.355469,225.463867
1493852608.050815,-1.267090,-0.308105,-0.030762,3.356934,87.951660,222.595215
1493852608.053491,-1.280762,-0.313965,-0.003418,3.845215,87.402344,218.139648
1493852608.056169,-1.226074,-0.312012,0.007324,4.943848,85.510254,212.707520
1493852608.058872,-1.240723,-0.348633,0.003418,7.263184,85.449219,207.580566
1493852608.061574,-1.215820,-0.364258,0.007324,9.094238,83.679199,203.430176
1493852608.064250,-1.224121,-0.354492,0.109375,11.779785,81.665039,200.073242
1493852608.066930,-1.190430,-0.334961,-0.039551,12.817383,80.383301,195.861816
1493852608.069563,-1.205078,-0.334961,0.075195,12.268066,78.125000,190.551758
1493852608.072237,-1.168945,-0.346680,0.106445,10.986328,76.232910,184.570312
1493852608.074791,-1.182617,-0.368652,0.139648,10.803223,73.791504,178.100586
1493852608.077343,-1.183594,-0.358887,0.110840,8.422852,73.364258,171.386719
1493852608.079958,-1.244629,-0.372559,0.146484,6.652832,70.556641,164.855957
1493852608.082639,-1.111328,-0.404297,0.218262,2.075195,66.467285,157.836914
1493852608.085315,-1.148438,-0.406250,0.172363,-3.173828,64.392090,153.381348
1493852608.087997,-1.115234,-0.444824,0.132324,-2.380371,60.729980,149.597168
1493852608.090677,-1.096680,-0.459961,0.261230,-2.624512,56.579590,146.728516
1493852608.093356,-1.088867,-0.468750,0.290527,-3.723145,53.039551,143.615723
1493852608.096035,-1.091797,-0.472168,0.182129,-8.666992,47.790527,138.488770
1493852608.098720,-1.073730,-0.474609,0.245117,-12.329102,42.358398,129.760742
1493852608.101407,-1.044434,-0.474609,0.339355,-19.653320,35.034180,117.675781
1493852608.104087,-0.973633,-0.448242,0.209961,-25.329590,30.212402,94.665527
1493852608.106768,-0.940918,-0.519531,0.245117,-33.996582,27.709961,79.406738
1493852608.109470,-0.886719,-0.689453,0.248535,-38.085938,28.015137,83.374023
1493852608.112175,-0.907227,-0.669434,0.297852,-39.062500,28.320312,75.866699
1493852608.114858,-0.900391,-0.763184,0.240234,-38.818359,27.343750,69.824219
1493852608.117544,-0.916992,-0.812012,0.243164,-39.184570,22.705078,64.025879
1493852608.120164,-0.951172,-0.830078,0.180664,-38.635254,15.747070,56.884766
1493852608.122714,-0.943359,-0.839355,0.217773,-37.353516,9.338379,49.865723
1493852608.125262,-0.909668,-0.839844,0.172363,-32.897949,5.004883,43.334961
1493852608.127817,-0.895508,-0.864746,0.224121,-29.479980,4.394531,36.926270
1493852608.130442,-0.872559,-0.876465,0.173340,-25.390625,4.394531,30.639648
1493852608.133124,-0.857422,-0.849121,0.083496,-21.972656,3.173828,24.047852
1493852608.135805,-0.815918,-0.853027,0.193359,-18.005371,-15.136719,14.953613
1493852608.138493,-0.789062,-0.821777,0.010742,-16.540527,-2.746582,5.676270
1493852608.141173,-0.742188,-0.798828,0.149902,-13.305664,-6.347656,-5.187988
1493852608.143848,-0.748535,-0.803711,0.154297,-11.108398,-4.699707,-13.977051
1493852608.146529,-0.720215,-0.774414,0.030762,-6.408691,-2.014160,-22.888184
1493852608.149209,-0.869141,-0.752930,0.025879,-5.126953,-0.183105,-30.334473
1493852608.151891,-0.787109,-0.738281,0.073730,-2.502441,-3.417969,-36.804199
1493852608.154570,-0.803711,-0.705078,-0.077148,-1.953125,-6.774902,-39.978027
1493852608.157249,-0.784180,-0.666504,-0.048828,0.671387,-10.192871,-61.462402
1493852608.159937,-0.810547,-0.644043,0.044434,4.272461,-12.329102,-50.781250
1493852608.162625,-0.787109,-0.601562,0.000977,5.676270,-13.916016,-57.006836
1493852608.165308,-0.869141,-0.499512,-0.186523,5.981445,-14.160156,-62.866211
1493852608.167994,-0.969727,-0.394043,-0.073730,15.869141,6.042480,-77.697754
1493852608.170614,-0.909668,-0.352539,-0.202148,19.897461,29.418945,-96.984863
1493852608.173167,-0.852539,-0.404297,-0.113281,14.587402,37.841797,-112.670898
1493852608.175719,-0.790527,-0.472656,0.081543,13.183594,38.513184,-120.544434
1493852608.178292,-0.668945,-0.517090,-0.055176,17.883301,39.855957,-118.103027
1493852608.180866,-0.611328,-0.492188,0.020508,29.479980,50.292969,-108.154297
1493852608.183416,-0.604492,-0.315918,-0.049805,49.255371,63.720703,-91.857910
1493852608.185966,-0.700684,-0.069336,-0.184570,70.312500,74.951172,-65.917969
1493852608.188562,-0.794434,0.277344,-0.246582,86.975098,77.209473,-39.306641
1493852608.191226,-0.907227,0.607910,-0.216797,96.496582,70.068359,-8.483887
1493852608.193907,-0.933105,0.876465,-0.133301,110.900879,61.889648,9.155273
1493852608.196588,-1.039551,1.164551,-0.242676,131.408691,53.466797,40.161133
1493852608.199275,-1.062500,1.448242,-0.449707,146.057129,44.555664,57.434082
1493852608.201965,-1.248535,1.553711,-0.486328,142.639160,30.944824,45.227051
1493852608.204644,-1.289551,1.589844,-0.494141,121.093750,13.671875,0.793457
1493852608.207324,-1.050781,1.474121,-0.445801,89.355469,-14.221191,-56.884766
1493852608.210010,-0.651855,1.038086,-0.384766,69.274902,-44.128418,-111.328125
1493852608.212810,-0.348633,0.713867,-0.301270,70.861816,-76.721191,-158.935547
1493852608.215497,-0.154785,0.441406,-0.223633,86.730957,-99.121094,-193.664551
1493852608.218184,-0.007324,0.253418,-0.067871,98.022461,-104.919434,-216.308594
1493852608.220872,-0.182129,0.110840,0.002441,100.036621,-90.637207,-233.764648
1493852608.223556,-0.333496,0.043457,0.048340,80.993652,-60.668945,-251.098633
1493852608.226236,-0.484375,0.014648,-0.046875,65.734863,-25.329590,-264.038086
1493852608.228895,-0.606934,-0.013184,-0.136719,48.095703,4.028320,-269.653320
1493852608.231484,-0.788574,-0.081543,-0.111328,52.062988,18.920898,-267.639160
1493852608.234037,-0.878418,-0.157715,-0.279785,45.471191,19.714355,-263.427734
1493852608.236587,-0.950684,-0.184570,-0.342773,44.372559,12.268066,-257.507324
1493852608.239185,-0.986328,-0.248047,-0.342773,46.813965,-5.920410,-247.924805
1493852608.241850,-1.000488,-0.285156,-0.312988,54.199219,-26.611328,-233.703613
1493852608.244532,-0.933105,-0.306641,-0.255859,62.988281,-46.569824,-208.435059
1493852608.247214,-0.995605,-0.272949,-0.329590,69.824219,-62.622070,-184.387207
1493852608.249905,-0.962402,-0.228027,-0.194824,74.584961,-72.021484,-158.569336
1493852608.252593,-0.930664,-0.179199,-0.367188,74.645996,-77.392578,-132.934570
1493852608.255270,-0.856445,-0.082031,-0.310547,73.852539,-79.345703,-111.877441
1493852608.257957,-0.785156,-0.004883,-0.345215,70.861816,-80.688477,-108.581543
1493852608.260645,-0.755371,0.067383,-0.261230,68.481445,-80.261230,-97.412109
1493852608.263328,-0.713379,0.097656,-0.351562,65.307617,-79.772949,-93.627930
1493852608.266007,-0.621094,0.130371,-0.289062,62.744141,-75.988770,-94.177246
1493852608.268692,-0.611328,0.154297,-0.294922,56.396484,-70.373535,-99.182129
1493852608.271378,-0.593262,0.179688,-0.363281,49.926758,-64.147949,-105.957031
1493852608.274060,-0.582031,0.027344,-0.306641,42.724609,-57.922363,-112.976074
1493852608.276740,-0.673340,0.010254,-0.296387,40.588379,-54.321289,-121.704102
1493852608.279376,-0.683105,0.089355,-0.400879,17.578125,-51.940918,-129.821777
1493852608.281946,-0.687012,0.046875,-0.494629,25.756836,-51.574707,-132.385254
1493852608.284496,-0.618652,0.021484,-0.313965,16.540527,-52.368164,-131.958008
1493852608.287045,-0.633301,0.024414,-0.460938,8.789062,-54.870605,-127.807617
1493852608.289674,-0.680664,-0.000488,-0.458984,-0.122070,-57.983398,-118.347168
1493852608.292374,-0.658203,-0.023926,-0.369141,-4.577637,-60.729980,-110.229492
1493852608.295053,-0.675781,-0.104004,-0.292969,-13.244629,-64.819336,-107.360840
1493852608.297740,-0.655762,-0.071777,-0.234863,-17.333984,-65.734863,-105.041504
1493852608.300427,-0.634277,-0.042480,-0.362793,-23.498535,-68.664551,-102.050781
1493852608.303111,-0.676758,-0.052246,-0.146484,-27.221680,-70.251465,-78.369141
1493852608.305794,-0.668457,-0.065918,-0.219238,-32.531738,-70.861816,-86.791992
1493852608.308483,-0.529785,-0.041992,-0.223633,-38.391113,-70.617676,-64.453125
1493852608.311167,-0.599121,0.110352,-0.228027,-40.710449,-72.692871,-73.364258
1493852608.313846,-0.656738,-0.123535,-0.131836,-40.710449,-73.974609,-62.866211
1493852608.316527,-0.626953,-0.026855,-0.239746,-41.320801,-73.669434,-59.082031
1493852608.319219,-0.646973,-0.019531,-0.202148,-40.344238,-73.791504,-60.668945
1493852608.321909,-0.708008,0.020996,-0.229004,-37.719727,-71.166992,-63.781738
1493852608.324594,-0.608887,0.019531,-0.132324,-35.888672,-69.274902,-62.500000
1493852608.327278,-0.609375,0.040527,-0.110840,-30.822754,-67.565918,-60.302734
1493852608.329912,-0.561035,0.031738,-0.183105,-30.090332,-64.514160,-59.387207
1493852608.332473,-0.563477,0.023438,-0.013184,-29.235840,-60.241699,-62.500000
1493852608.335024,-0.596680,0.024902,-0.113281,-31.188965,-57.373047,-64.453125
1493852608.337578,-0.585449,-0.004883,-0.009766,-31.005859,-53.344727,-65.673828
1493852608.340200,-0.621582,-0.049316,-0.078613,-30.578613,-50.415039,-65.185547
1493852608.342885,-0.617676,-0.079102,-0.070312,-29.479980,-46.691895,-64.636230
1493852608.345670,-0.638672,-0.104004,-0.022461,-28.198242,-41.503906,-63.659668
1493852608.348356,-0.638184,-0.116211,0.050293,-23.803711,-33.142090,-61.279297
1493852608.351043,-0.648926,-0.078125,-0.099609,-16.784668,-23.254395,-55.541992
1493852608.353726,-0.638672,-0.065918,-0.091797,-14.282227,-13.061523,-48.950195
1493852608.356409,-0.693359,-0.065918,-0.174805,-13.671875,-7.507324,-42.358398
1493852608.359092,-0.688477,-0.006836,-0.209961,-13.244629,-6.286621,-38.391113
1493852608.361775,-0.692871,0.123535,-0.152344,-9.643555,-9.155273,-37.170410
1493852608.364451,-0.718262,-0.010254,-0.156250,-7.934570,-12.634277,-35.827637
1493852608.367130,-0.654297,0.006836,-0.220215,-5.737305,-13.977051,-34.973145
1493852608.369754,-0.604980,-0.002441,-0.098633,-2.746582,-13.854980,-32.287598
1493852608.372311,-0.663574,-0.002930,-0.089844,-3.234863,-9.582520,-29.418945
1493852608.374859,-0.638184,0.012207,-0.210938,-3.906250,-4.760742,-27.038574
1493852608.377407,-0.652344,0.014648,-0.172852,-4.577637,-0.488281,-24.475098
1493852608.380015,-0.617188,0.022949,-0.194336,-6.286621,-0.061035,-23.437500
1493852608.382693,-0.650879,0.021484,-0.120605,-6.896973,-0.244141,-23.742676
1493852608.385368,-0.652832,0.029297,-0.158691,-5.676270,-1.342773,-24.108887
1493852608.388067,-0.622559,0.021484,-0.164551,-5.126953,-1.708984,-23.010254
1493852608.390764,-0.625000,0.026367,-0.196777,-4.577637,-1.342773,-23.315430
1493852608.393441,-0.640137,0.020508,-0.160156,-5.126953,-0.976562,-22.644043
1493852608.396121,-0.531250,0.028320,-0.235840,-6.042480,0.732422,-21.484375
1493852608.398800,-0.639160,0.009277,-0.155762,-6.164551,1.403809,-20.629883
1493852608.401479,-0.652832,0.021484,-0.188965,-7.263184,2.441406,-19.836426
1493852608.404155,-0.627930,0.041016,-0.291504,-5.615234,1.525879,-18.127441
1493852608.406832,-0.655762,0.008789,-0.217773,-5.249023,1.342773,-16.662598
1493852608.409514,-0.640137,0.015625,-0.164551,-4.516602,-0.244141,-15.258789
1493852608.412199,-0.669434,0.012207,-0.202148,-6.286621,-0.427246,-14.099121
1493852608.414877,-0.648926,0.017578,-0.210449,-4.943848,-0.915527,-13.305664
1493852608.417551,-0.657715,0.048340,-0.166016,-6.042480,-0.671387,-12.084961
1493852608.420166,-0.639160,0.038574,-0.185547,-5.981445,-1.525879,-10.620117
1493852608.422711,-0.676758,0.043457,-0.193359,-4.821777,-1.953125,-10.009766
1493852608.425260,-0.620605,0.046387,-0.203125,-3.967285,-0.915527,-9.399414
1493852608.427860,-0.663574,0.005859,-0.200195,-4.699707,-0.976562,-8.605957
1493852608.430479,-0.662598,0.040527,-0.168945,-6.042480,-1.586914,-7.873535
1493852608.433018,-0.618652,0.043945,-0.140625,-4.638672,-1.342773,-6.652832
1493852608.435555,-0.668457,0.008789,-0.095215,-3.845215,-1.647949,-6.286621
1493852608.438135,-0.640625,0.018555,-0.192383,-3.356934,-0.305176,-6.347656
1493852608.440788,-0.666504,0.022949,-0.229004,-3.906250,-1.281738,-5.065918
1493852608.443464,-0.639160,0.034180,-0.203125,-4.211426,-1.037598,-3.601074
1493852608.446133,-0.642090,0.039062,-0.181152,-4.760742,-0.183105,-3.417969
1493852608.448804,-0.633301,0.010742,-0.162598,-2.197266,0.061035,-2.136230
1493852608.451479,-0.658691,0.048340,-0.190430,-2.807617,0.488281,-1.647949
1493852608.454151,-0.608887,0.051758,-0.151855,-4.272461,2.563477,-0.305176
1493852608.456824,-0.638184,0.007812,-0.112793,-2.502441,2.136230,0.122070
1493852608.459503,-0.650391,0.032715,-0.194336,-1.403809,2.624512,0.305176
1493852608.462181,-0.503906,0.040527,-0.237793,-0.976562,3.540039,1.342773
1493852608.464854,-0.644531,0.041016,-0.210938,-1.342773,5.249023,0.427246
1493852608.467529,-0.659668,0.016602,-0.216309,-0.183105,5.615234,0.915527
1493852608.470215,-0.652832,0.056641,-0.246094,-15.136719,6.042480,0.976562
1493852608.472896,-0.643066,0.019531,-0.147461,-1.159668,7.080078,1.342773
1493852608.475570,-0.748047,0.020996,-0.214844,-0.061035,7.080078,1.892090
1493852608.478251,-0.623047,0.027344,-0.153809,0.366211,7.019043,2.014160
1493852608.480862,-0.655762,0.042480,-0.222168,-0.366211,7.080078,2.563477
1493852608.483401,-0.647949,0.043457,-0.186523,0.366211,7.202148,2.685547
1493852608.486046,-0.621094,0.044922,-0.179199,-0.122070,7.019043,2.624512
1493852608.488621,-0.647949,0.028809,-0.218750,0.488281,6.713867,3.662109
1493852608.491264,-0.619629,0.051758,-0.271484,0.488281,7.446289,3.601074
1493852608.493938,-0.624512,0.034180,-0.193359,-0.305176,6.896973,4.272461
1493852608.496611,-0.632812,0.050781,-0.192871,0.122070,6.530762,4.333496
1493852608.499293,-0.630859,0.066406,-0.207520,0.793457,5.310059,4.882812
1493852608.501972,-0.648926,0.027344,-0.174805,0.305176,6.164551,5.249023
1493852608.504646,-0.649902,0.038574,-0.152832,1.770020,4.394531,5.615234
1493852608.507321,-0.646484,0.038574,-0.234375,0.061035,4.150391,5.371094
1493852608.509998,-0.633301,0.045898,-0.194336,-0.427246,3.234863,5.432129
1493852608.512676,-0.749512,0.052246,-0.239746,0.976562,2.685547,5.371094
1493852608.515353,-0.527832,0.037109,-0.175781,-0.366211,1.647949,5.187988
1493852608.518052,-0.591797,0.053711,-0.193359,15.502930,0.183105,4.821777
1493852608.520751,-0.632812,0.016602,-0.162598,0.183105,-0.610352,5.249023
1493852608.523427,-0.650879,0.036133,-0.266113,1.159668,-2.197266,6.347656
1493852608.526146,-0.672363,0.004883,-0.208984,0.854492,-3.051758,8.544922
1493852608.528872,-0.683594,0.020508,-0.212891,3.356934,-5.065918,10.803223
1493852608.531483,-0.641113,0.054688,-0.179199,3.112793,-6.225586,13.061523
1493852608.534032,-0.671387,0.048340,-0.229004,2.990723,-6.774902,14.099121
1493852608.536580,-0.666992,0.048828,-0.193359,3.479004,-7.690430,15.747070
1493852608.539176,-0.601562,0.058594,-0.155762,2.075195,-7.995605,15.075684
1493852608.541840,-0.622559,0.062988,-0.241699,2.807617,-7.629395,13.305664
1493852608.544516,-0.583008,0.082031,-0.206543,2.563477,-7.507324,10.864258
1493852608.547193,-0.591309,0.080078,-0.159668,1.647949,-6.286621,9.948730
1493852608.549885,-0.611328,0.059570,-0.168457,2.380371,-5.676270,6.652832
1493852608.552579,-0.621094,0.062988,-0.245605,1.770020,-4.821777,4.211426
1493852608.555256,-0.636230,0.058105,-0.194824,2.197266,-4.516602,2.380371
1493852608.557935,-0.638184,0.047852,-0.168457,0.732422,-3.662109,2.624512
1493852608.560614,-0.731445,0.080566,-0.219238,1.831055,-4.760742,1.708984
1493852608.563287,-0.658203,0.030273,-0.194824,2.441406,-4.333496,0.854492
1493852608.565958,-0.666504,0.053711,-0.224609,2.136230,-4.394531,1.586914
1493852608.568655,-0.626953,0.045898,-0.164551,2.014160,-5.554199,2.685547
1493852608.571355,-0.628418,0.053711,-0.169922,2.563477,-5.920410,2.685547
1493852608.574030,-0.631348,0.072754,-0.164551,2.563477,-6.896973,3.417969
1493852608.576705,-0.739258,0.048828,-0.152344,1.892090,-7.019043,3.417969
1493852608.579344,-0.588867,0.050293,-0.216309,2.807617,-6.958008,2.685547
1493852608.581915,-0.641113,0.083496,-0.248535,1.525879,-6.591797,0.793457
1493852608.584458,-0.636719,0.072754,-0.142578,0.671387,-6.896973,-0.549316
1493852608.587000,-0.615234,0.058594,-0.189453,1.892090,-7.141113,-3.051758
1493852608.589600,-0.624512,0.050293,-0.244141,0.854492,-6.896973,-4.272461
1493852608.592268,-0.649902,0.067871,-0.164062,-1.403809,-7.019043,-4.882812
1493852608.594941,-0.652832,0.039062,-0.210449,-0.183105,-7.385254,-5.859375
1493852608.597613,-0.617188,0.054199,-0.126465,-1.281738,-8.117676,-6.530762
1493852608.600333,-0.642090,0.050293,-0.160156,0.427246,-9.216309,-6.530762
1493852608.603009,-0.642090,0.050293,-0.179688,-0.610352,-9.765625,-6.103516
1493852608.605682,-0.632812,0.052246,-0.187988,-0.366211,-10.559082,-6.042480
1493852608.608359,-0.638672,0.043457,-0.246094,-1.403809,-12.878418,-5.371094
1493852608.611039,-0.634277,0.061523,-0.162109,-0.549316,-13.916016,-5.676270
1493852608.613717,-0.658691,0.034668,-0.173828,0.427246,-14.587402,-5.920410
1493852608.616392,-0.664551,0.058594,-0.205078,-0.732422,-14.831543,-5.798340
1493852608.619075,-0.653809,0.089844,-0.266113,-0.732422,-15.991211,-7.080078
1493852608.621757,-0.649902,0.077637,-0.170898,-2.807617,-16.235352,-8.728027
1493852608.624431,-0.674316,0.077148,-0.203613,-3.723145,-16.418457,-9.399414
1493852608.627106,-0.638672,0.082520,-0.237793,-2.380371,-17.272949,-10.437012
1493852608.629736,-0.638672,0.074219,-0.157715,-1.281738,-18.066406,-10.986328
1493852608.632413,-0.640625,0.060547,-0.174805,-3.051758,-19.775391,-11.657715
1493852608.634966,-0.655762,0.059570,-0.219238,-4.455566,-20.568848,-11.718750
1493852608.637517,-0.662109,0.043945,-0.171875,-2.990723,-21.423340,-11.535645
1493852608.640135,-0.645508,0.059570,-0.200684,-2.319336,-21.057129,-10.986328
1493852608.642797,-0.604492,0.034180,-0.190918,-3.173828,-20.935059,-10.559082
1493852608.645458,-0.678223,0.080566,-0.125488,-2.929688,-21.545410,-10.620117
1493852608.648133,-0.645508,0.065918,-0.182617,-2.807617,-21.362305,-12.268066
1493852608.650806,-0.652344,0.078125,-0.195312,-2.868652,-21.118164,-13.000488
1493852608.653472,-0.628418,0.072754,-0.170898,-3.295898,-21.789551,-14.160156
1493852608.656136,-0.633301,0.063965,-0.156250,-3.723145,-20.629883,-14.587402
