1493852603.357469,-0.520996,0.476074,-0.197266,4.943848,63.720703,347.229004
1493852603.360095,-0.550293,0.478027,-0.029297,4.699707,65.734863,347.534180
1493852603.362646,-0.544922,0.450684,-0.037598,1.708984,68.054199,346.130371
1493852603.365470,-0.586914,0.423828,-0.098633,0.549316,69.396973,345.825195
1493852603.368394,-0.576172,0.407715,-0.146484,-2.624512,71.472168,345.031738
1493852603.371039,-0.591309,0.348633,-0.114746,-3.417969,73.425293,346.496582
1493852603.373584,-0.548828,0.360840,-0.050293,-7.568359,76.721191,351.684570
1493852603.376130,-0.593262,0.335938,-0.021484,-10.375977,78.735352,354.125977
1493852603.378757,-0.584961,0.333008,-0.214844,-14.709473,80.810547,360.412598
1493852603.381385,-0.590820,0.310547,-0.085449,-19.714355,82.885742,366.027832
1493852603.383933,-0.614258,0.321777,-0.065430,-23.315430,86.669922,372.375488
1493852603.386479,-0.646973,0.325684,-0.158203,-24.780273,88.928223,377.075195
1493852603.389119,-0.634277,0.335449,-0.091797,-45.959473,91.308594,381.896973
1493852603.392333,-0.638672,0.339844,-0.085938,-36.071777,92.224121,388.427734
1493852603.395458,-0.704102,0.374512,-0.138672,-41.076660,94.055176,392.272949
1493852603.398009,-0.687012,0.408203,-0.110840,-45.104980,94.177246,397.460938
1493852603.400580,-0.743652,0.399902,-0.104980,-47.241211,94.787598,398.620605
1493852603.403133,-0.723633,0.459961,-0.150391,-50.415039,96.374512,400.817871
1493852603.405683,-0.761719,0.466309,-0.113281,-54.321289,97.839355,403.442383
1493852603.408283,-0.797852,0.500000,-0.150391,-55.908203,100.158691,403.625488
1493852603.410884,-0.792480,0.527344,-0.213867,-59.570312,101.318359,403.869629
1493852603.413486,-0.987793,0.527832,-0.105469,-62.927246,101.257324,402.893066
1493852603.416090,-0.875488,0.562988,-0.208496,-67.016602,102.600098,402.038574
1493852603.419044,-0.975098,0.574707,-0.206543,-71.044922,105.834961,399.414062
1493852603.422070,-1.015625,0.578125,-0.192871,-73.425293,108.703613,396.667480
1493852603.424751,-1.101074,0.534668,-0.285645,-76.293945,111.083984,393.859863
1493852603.427433,-1.123047,0.571777,-0.208496,-79.040527,115.417480,392.944336
1493852603.430130,-1.208984,0.560547,-0.258301,-83.679199,119.689941,392.089844
1493852603.432812,-1.239746,0.562012,-0.296387,-86.181641,123.046875,391.967773
1493852603.435498,-1.310547,0.562500,-0.285645,-88.684082,126.281738,393.615723
1493852603.438191,-1.336914,0.523926,-0.339355,-93.872070,128.967285,396.240234
1493852603.440881,-1.426758,0.480957,-0.221680,-96.252441,130.126953,399.353027
1493852603.443652,-1.583008,0.524902,-0.343262,-100.585938,131.835938,402.770996
1493852603.446541,-1.531250,0.378418,-0.335449,-104.003906,134.338379,406.494141
1493852603.449324,-1.623535,0.520020,-0.369141,-110.595703,136.413574,411.315918
1493852603.451918,-1.658203,0.513184,-0.373047,-114.257812,139.770508,416.137695
1493852603.454475,-1.865234,0.496094,-0.375000,-120.605469,144.226074,419.555664
1493852603.457032,-1.863281,0.474609,-0.369141,-129.455566,147.094727,422.851562
1493852603.459587,-1.936035,0.455078,-0.399902,-138.610840,153.381348,425.476074
1493852603.462144,-2.019043,0.414551,-0.332520,-149.414062,160.949707,426.940918
1493852603.464697,-2.162109,0.398926,-0.325684,-160.217285,166.137695,427.001953
1493852603.467247,-2.361816,0.329590,-0.304688,-171.325684,170.654297,427.917480
1493852603.469887,-2.492188,0.213867,-0.218262,-184.570312,172.607422,427.368164
1493852603.472597,-2.517090,0.058594,-0.251953,-197.326660,173.217773,425.354004
1493852603.475283,-2.607422,-0.168457,-0.478516,-210.205078,172.790527,422.302246
1493852603.477965,-2.735352,-0.346680,-0.273926,-217.956543,165.161133,417.602539
1493852603.480577,-2.752441,-0.458008,-0.327637,-221.862793,149.536133,415.039062
1493852603.483133,-2.806152,-0.604980,-0.322754,-205.200195,131.896973,415.832520
1493852603.485691,-2.858887,-0.763184,-0.351562,-209.411621,124.450684,419.067383
1493852603.488269,-2.811035,-0.854980,-0.372559,-190.917969,97.778320,419.311523
1493852603.491004,-2.818359,-1.016602,-0.484863,-174.987793,103.881836,413.208008
1493852603.493740,-2.750977,-1.060059,-0.646973,-161.437988,93.383789,400.207520
1493852603.496439,-2.644531,-1.203613,-0.833496,-152.587891,66.711426,379.638672
1493852603.499100,-2.562012,-1.356934,-0.859375,-146.240234,74.768066,355.590820
1493852603.501758,-2.440918,-1.578125,-0.966797,-136.596680,74.340820,332.946777
1493852603.504307,-2.347656,-1.768066,-1.122070,-127.502441,80.749512,312.255859
1493852603.506854,-2.214844,-1.826660,-1.058105,-113.159180,90.942383,285.888672
1493852603.509471,-1.902832,-1.601074,-0.685547,-45.837402,92.407227,276.550293
1493852603.512090,-1.755859,-1.838867,-0.678711,39.184570,81.665039,246.337891
1493852603.514637,-1.771484,-2.030762,-0.564941,102.783203,70.495605,210.083008
1493852603.517183,-1.638672,-2.364746,-0.407715,110.290527,73.364258,170.471191
1493852603.519734,-1.837402,-2.688477,-0.267578,95.703125,97.595215,128.784180
1493852603.522286,-1.653809,-3.030762,-0.160645,50.170898,108.398438,83.557129
1493852603.524834,-1.531250,-3.381836,-0.066406,-15.441895,139.709473,39.123535
1493852603.527381,-1.636230,-3.640137,-0.003418,-86.791992,163.879395,3.356934
1493852603.529927,-1.672852,-3.820801,0.034180,-142.272949,172.119141,-12.573242
1493852603.532483,-1.761719,-3.861816,0.144043,-170.959473,155.456543,-32.226562
1493852603.535034,-1.935059,-3.741699,0.144531,-167.541504,99.426270,-58.715820
1493852603.537582,-2.142090,-3.611328,0.291504,-142.578125,10.314941,-118.774414
1493852603.540204,-2.070312,-3.622559,0.056152,-106.811523,-41.137695,-180.053711
1493852603.542890,-1.995117,-3.752930,-0.305176,-60.363770,-49.194336,-188.415527
1493852603.545576,-1.836914,-3.620605,-0.354004,-30.334473,-47.424316,-157.897949
1493852603.548275,-1.716309,-3.705566,-0.201660,-53.222656,-33.325195,-115.600586
1493852603.550904,-1.546875,-3.873047,0.013184,-60.180664,-34.179688,-56.884766
1493852603.553457,-1.511230,-3.783691,0.120117,-17.944336,7.019043,-8.911133
1493852603.556084,-1.382324,-3.438477,-0.104980,44.860840,27.648926,-12.573242
1493852603.558719,-1.354004,-3.083984,-0.147461,74.401855,7.019043,-60.974121
1493852603.561389,-1.469727,-2.779297,0.028809,78.796387,-26.550293,-95.886230
1493852603.564071,-1.412109,-2.482910,-0.061523,75.195312,-39.672852,-139.282227
1493852603.566752,-1.418945,-2.097168,0.016602,70.251465,-36.010742,-145.385742
1493852603.569457,-1.671387,-0.976562,-0.346191,45.104980,-40.954590,-157.226562
1493852603.572160,-1.896484,-0.923340,-0.140137,53.710938,-14.160156,-178.283691
1493852603.574843,-1.792480,-0.705078,1.158691,172.912598,202.087402,-211.425781
1493852603.577526,-2.429688,0.461914,0.517090,216.430664,433.959961,-227.233887
1493852603.580218,-4.702637,2.384277,0.475098,211.914062,421.997070,-197.082520
1493852603.582903,-5.771484,3.836426,0.673340,225.280762,323.547363,-48.095703
1493852603.585587,-5.300781,3.473145,0.172852,243.347168,248.535156,133.056641
1493852603.588263,-2.681641,2.991699,-0.408203,250.915527,141.052246,240.112305
1493852603.590869,-0.682617,2.271973,-1.161133,265.747070,-17.456055,310.607910
1493852603.593421,-0.421387,2.104492,-1.648438,281.127930,-175.720215,294.616699
1493852603.595975,-0.101074,2.222656,-1.782715,275.024414,-312.561035,194.763184
1493852603.598587,-0.015137,2.149902,-1.685059,201.965332,-405.334473,0.061035
1493852603.601195,-0.042480,1.789062,-0.791992,114.440918,-535.949707,-281.311035
1493852603.603755,0.023438,1.068848,0.158203,56.701660,-633.300781,-595.336914
1493852603.606314,0.145996,0.026855,0.820801,60.974121,-652.343750,-742.980957
1493852603.608965,0.443359,-0.549805,1.278809,60.668945,-577.270508,-970.214844
1493852603.611662,0.507812,-0.951172,1.095703,5.004883,-443.664551,-1080.078125
1493852603.614307,0.616699,-1.214355,0.406738,-72.143555,-253.967285,-1077.636719
1493852603.617065,0.426270,-1.416992,0.019043,-157.165527,-57.739258,-1000.305176
1493852603.619835,-0.031738,-1.537109,-0.210938,-238.647461,105.224609,-896.484375
1493852603.622445,-0.752441,-1.576172,-0.683594,-265.991211,168.884277,-810.424805
1493852603.624992,-1.373047,-1.888672,-0.341797,-299.987793,196.472168,-761.657715
1493852603.627538,-1.928223,-1.775879,-0.293945,-290.161133,117.004395,-714.965820
1493852603.630323,-2.258301,-1.356934,0.037598,-210.021973,3.295898,-634.094238
1493852603.632870,-2.344727,-0.895996,0.051758,-122.558594,-79.528809,-518.554688
1493852603.635419,-2.002441,-0.592285,0.148438,-47.912598,-120.239258,-385.009766
1493852603.637975,-1.377441,-0.419434,0.108398,30.578613,-156.738281,-259.704590
1493852603.640532,-0.881836,-0.526367,-0.195801,117.980957,-157.592773,-160.156250
1493852603.643076,-0.387695,-0.692383,-0.572266,192.871094,-145.202637,-125.183105
1493852603.645622,-0.038086,-0.831543,-0.702148,212.402344,-125.122070,-83.374023
1493852603.648180,0.044434,-0.902344,-0.724609,185.119629,-100.524902,-90.515137
1493852603.650743,-0.116211,-0.735840,-0.690918,142.517090,-74.157715,-157.531738
1493852603.653295,-0.408203,-0.362793,-0.496582,68.420410,-40.710449,-247.314453
1493852603.655838,-0.596680,-0.069824,-0.500000,12.451172,-19.409180,-288.085938
1493852603.658390,-0.722656,-0.301758,-0.326660,-24.108887,15.991211,-284.240723
1493852603.660947,-0.730469,-0.562012,-0.361328,-63.232422,31.005859,-278.198242
1493852603.663500,-0.792969,-0.750977,-0.069824,-112.060547,6.835938,-268.005371
1493852603.666054,-0.933105,-0.974609,0.346680,-152.221680,-34.118652,-241.577148
1493852603.668635,-1.011719,-1.153809,0.396484,-159.912109,-70.678711,-200.195312
1493852603.671288,-1.052246,-1.144531,0.528320,-110.839844,-78.002930,-153.686523
1493852603.673970,-0.947266,-0.873047,0.219238,-52.734375,-60.058594,-96.252441
1493852603.676650,-0.895508,-0.519531,-0.074219,-22.338867,-28.747559,-45.654297
1493852603.679338,-0.765137,-0.235352,-0.284668,7.019043,-9.765625,-8.972168
1493852603.682019,-0.650391,-0.112305,-0.348633,12.634277,-14.465332,10.864258
1493852603.684703,-0.602051,-0.053711,-0.279785,8.483887,-20.874023,14.465332
1493852603.687387,-0.642090,-0.104980,-0.144043,2.319336,-37.353516,8.056641
1493852603.690101,-0.744629,-0.132812,-0.131836,-7.202148,-49.255371,3.845215
1493852603.692777,-0.632324,-0.200684,0.020508,-19.165039,-56.457520,7.690430
1493852603.695457,-0.666992,-0.203125,0.050781,-25.451660,-60.180664,12.390137
1493852603.698136,-0.619629,-0.198730,0.111328,-22.644043,-51.879883,19.592285
1493852603.700748,-0.589355,-0.149902,0.077148,-10.131836,-39.672852,22.888184
1493852603.703303,-0.585449,-0.111328,-0.048340,0.122070,-22.583008,25.512695
1493852603.705854,-0.605469,-0.039062,-0.159668,-0.305176,-9.338379,28.564453
1493852603.708426,-0.597168,-0.052246,-0.079590,-8.239746,-3.112793,28.564453
1493852603.711060,-0.578125,-0.029297,-0.072754,-14.709473,-1.281738,25.268555
1493852603.713732,-0.610840,-0.013184,-0.015137,-17.517090,-2.136230,20.141602
1493852603.716398,-0.631348,0.061523,-0.058594,-1.159668,-0.671387,14.221191
1493852603.719085,-0.613281,0.095703,-0.068359,-14.282227,1.403809,6.408691
1493852603.721775,-0.639160,0.060547,-0.108887,-12.756348,5.798340,-0.366211
1493852603.724441,-0.604980,0.033203,-0.034668,-8.850098,10.864258,-6.958008
1493852603.727108,-0.597656,0.010742,-0.031738,-7.324219,18.127441,-11.596680
1493852603.729784,-0.622559,-0.079102,-0.026367,-8.483887,26.306152,-12.634277
1493852603.732457,-0.643066,-0.034668,-0.080078,-12.512207,34.606934,-12.268066
1493852603.735126,-0.649902,-0.057617,-0.056152,-15.380859,37.841797,-10.498047
1493852603.737801,-0.639160,-0.030273,-0.054688,-17.333984,40.893555,-8.666992
1493852603.740457,-0.712402,-0.053711,-0.001465,-18.249512,44.982910,-5.493164
1493852603.743271,-0.677246,-0.005371,-0.134277,-16.174316,45.532227,-2.624512
1493852603.746035,-0.708496,-0.018066,-0.202148,-15.014648,45.837402,0.488281
1493852603.748655,-0.690430,-0.023926,-0.150879,-11.779785,46.936035,4.089355
1493852603.751277,-0.699219,-0.029297,-0.155762,-10.192871,47.180176,7.019043
1493852603.753823,-0.714844,-0.004395,-0.147949,-9.521484,48.217773,11.474609
1493852603.756371,-0.678711,0.007812,-0.146484,-8.666992,47.058105,13.366699
1493852603.758956,-0.702637,-0.005371,-0.171875,-8.300781,47.302246,15.991211
1493852603.761543,-0.724609,-0.016113,-0.175293,-7.202148,46.264648,19.042969
1493852603.764205,-0.685547,0.013184,-0.218262,-3.662109,44.677734,21.057129
1493852603.766755,-0.727539,0.012207,-0.132812,-2.990723,42.724609,24.902344
1493852603.769405,-0.706055,-0.004883,-0.143066,15.014648,40.649414,26.306152
1493852603.772056,-0.626465,0.005859,-0.125488,1.647949,39.367676,27.832031
1493852603.774596,-0.720215,0.010742,-0.152832,4.821777,38.391113,29.907227
1493852603.777139,-0.738281,0.043945,-0.243652,9.155273,36.010742,32.348633
1493852603.779685,-0.747559,0.043457,-0.203125,9.704590,35.888672,33.264160
1493852603.782231,-0.836914,0.054199,-0.200195,13.671875,33.630371,35.156250
1493852603.784779,-0.736328,0.040527,-0.176758,14.587402,30.517578,36.132812
1493852603.787324,-0.755859,0.040527,-0.229980,14.587402,25.329590,38.269043
1493852603.789938,-0.771484,0.069824,-0.279297,15.747070,19.653320,39.428711
1493852603.792623,-0.792480,0.064453,-0.187012,18.615723,14.343262,39.550781
1493852603.795301,-0.802246,0.078125,-0.184570,19.165039,7.934570,39.184570
1493852603.797982,-0.789062,0.109863,-0.172852,21.423340,3.234863,37.597656
1493852603.800597,-0.787598,0.082520,-0.041016,24.963379,-15.136719,35.278320
1493852603.803149,-0.779297,0.140137,-0.163574,26.672363,-4.760742,31.250000
1493852603.805698,-0.787109,0.107422,-0.050293,29.052734,-10.437012,26.062012
1493852603.808271,-0.792480,0.143066,-0.238770,31.005859,-16.296387,23.559570
1493852603.810911,-0.819824,0.155762,-0.175293,31.616211,-20.812988,2.319336
1493852603.813685,-0.787109,0.145996,-0.121582,32.714844,-25.085449,8.178711
1493852603.816393,-0.788574,0.001465,-0.149902,33.142090,-27.282715,4.882812
1493852603.819010,-0.751465,0.122559,-0.074219,35.461426,-27.709961,-15.197754
1493852603.821626,-0.734375,0.104980,-0.023926,37.719727,-26.184082,-2.502441
1493852603.824172,-0.683105,0.060547,-0.208984,39.855957,-23.681641,-4.516602
1493852603.826720,-0.703125,0.060059,-0.250000,40.100098,-21.789551,-6.042480
1493852603.829294,-0.675781,0.056152,-0.369629,42.724609,-21.118164,-7.385254
1493852603.831863,-0.621094,0.094238,-0.357422,38.757324,-21.850586,-12.878418
1493852603.834409,-0.628418,0.108398,-0.275879,31.799316,-20.629883,-22.277832
1493852603.836956,-0.517578,0.106445,-0.484375,20.751953,-16.540527,-33.081055
1493852603.839569,-0.497559,0.014648,-0.462891,11.413574,-8.789062,-36.621094
1493852603.842250,-0.495605,-0.007324,-0.397461,12.390137,-3.295898,-39.550781
1493852603.844932,-0.621582,-0.052246,-0.613770,16.052246,-4.211426,-38.452148
1493852603.847614,-0.536621,-0.092773,-0.583984,22.399902,-11.596680,-36.621094
1493852603.850307,-0.606934,-0.127441,-0.548828,28.198242,-24.230957,-33.142090
1493852603.852862,-0.583008,-0.153809,-0.552246,34.484863,-41.137695,-30.578613
1493852603.855417,-0.630859,-0.156250,-0.582520,36.926270,-54.565430,-30.578613
1493852603.857973,-0.650391,-0.151855,-0.496094,39.794922,-59.814453,-30.151367
1493852603.860533,-0.654297,-0.040527,-0.493652,43.640137,-61.279297,-26.489258
1493852603.863086,-0.675781,-0.091797,-0.468262,43.273926,-63.354492,-23.071289
1493852603.865634,-0.676758,-0.071289,-0.326172,43.029785,-66.101074,-19.165039
1493852603.868289,-0.649902,0.008789,-0.277344,48.400879,-66.162109,-18.188477
1493852603.870969,-0.621582,0.119629,-0.273438,55.236816,-65.124512,-20.568848
1493852603.873531,-0.631348,0.164062,-0.157715,61.157227,-62.194824,-29.663086
1493852603.876085,-0.621582,0.195312,-0.233887,62.438965,-57.678223,-44.921875
1493852603.878694,-0.606934,0.202637,-0.162109,61.462402,-49.438477,-62.255859
1493852603.881308,-0.585938,0.154785,-0.095703,55.603027,-41.137695,-75.683594
1493852603.883860,-0.557617,0.106934,-0.058105,49.865723,-33.081055,-82.458496
1493852603.886408,-0.619141,0.043457,0.036133,45.593262,-30.273438,-83.129883
1493852603.889004,-0.598633,0.011230,-0.111816,42.358398,-25.024414,-80.078125
1493852603.891603,-0.543945,-0.010254,0.057129,41.381836,-21.179199,-75.317383
1493852603.894154,-0.683105,-0.024902,0.041992,43.212891,-17.883301,-72.998047
1493852603.896704,-0.699219,-0.018066,0.073242,45.776367,-16.174316,-69.396973
1493852603.899275,-0.715820,-0.000488,0.176758,48.950195,-15.808105,-69.824219
1493852603.901972,-0.714355,0.020508,0.135742,48.095703,-16.235352,-72.143555
1493852603.904521,-0.806641,0.062500,0.174316,32.714844,-18.432617,-75.317383
1493852603.907067,-0.804688,0.117676,0.082031,44.372559,-19.714355,-78.247070
1493852603.909650,-0.813477,0.140625,0.182617,41.381836,-19.531250,-79.711914
1493852603.912236,-0.801758,0.138184,0.189941,38.208008,-18.920898,-80.749512
1493852603.914788,-0.839844,0.143066,0.083008,37.353516,-18.432617,-80.810547
1493852603.917339,-0.826172,0.126465,0.084473,36.132812,-15.869141,-81.420898
1493852603.919948,-0.782715,0.111816,0.049316,33.996582,-13.732910,-82.641602
1493852603.922630,-0.796387,0.082520,0.096680,32.531738,-13.183594,-85.998535
1493852603.925310,-0.825684,0.087891,0.112305,31.188965,-12.268066,-89.782715
1493852603.927993,-0.814453,0.054688,-0.062500,28.930664,-8.789062,-94.116211
1493852603.930680,-0.876465,0.009277,-0.093750,29.541016,-6.347656,-98.632812
1493852603.933364,-0.989258,0.023438,-0.066406,29.968262,-2.197266,-102.172852
1493852603.936048,-0.887695,-0.113770,-0.108398,30.029297,1.037598,-105.224609
1493852603.938737,-0.889648,0.119629,-0.209961,31.433105,3.051758,-107.116699
1493852603.941422,-0.942383,-0.118164,-0.216309,36.071777,-1.770020,-103.088379
1493852603.944104,-0.904297,-0.212402,-0.198730,40.405273,-19.042969,-84.594727
1493852603.946790,-0.986328,-0.129883,-0.142578,59.936523,-43.151855,-56.091309
1493852603.949479,-1.087891,0.069336,-0.133301,72.875977,-56.579590,-44.189453
1493852603.952174,-1.121582,0.205566,-0.085449,69.519043,-52.551270,-47.973633
1493852603.954862,-1.181641,0.330566,-0.210449,76.232910,-38.330078,-66.040039
1493852603.957548,-1.181152,0.371094,-0.072754,71.899414,-21.667480,-92.590332
1493852603.960176,-1.220215,0.358398,-0.091309,59.570312,-9.582520,-121.093750
1493852603.962727,-1.068848,0.308594,0.049805,47.363281,-5.737305,-145.080566
1493852603.965278,-0.992188,0.218262,-0.002441,38.208008,-1.586914,-161.682129
1493852603.967842,-0.885254,0.210449,0.036133,35.339355,-2.929688,-168.457031
1493852603.970464,-0.999512,0.173340,0.123047,31.677246,-8.850098,-169.250488
1493852603.973133,-0.880859,0.204590,0.063477,26.550293,-13.854980,-167.724609
1493852603.975799,-0.949219,0.363770,0.069824,20.812988,-14.709473,-165.649414
1493852603.978480,-1.031250,0.282715,0.117188,15.136719,-11.779785,-166.687012
1493852603.981168,-1.080078,0.340820,-0.054688,5.676270,-5.126953,-172.180176
1493852603.983826,-1.117676,0.353027,-0.066406,-0.244141,3.234863,-182.678223
1493852603.986487,-1.160645,0.334961,-0.093262,-7.446289,9.948730,-196.777344
1493852603.989151,-1.197266,0.303711,-0.062500,-10.192871,14.587402,-208.984375
1493852603.991799,-1.192871,0.244141,-0.031250,-9.948730,19.042969,-217.651367
1493852603.994446,-1.218262,0.169434,-0.112793,-6.286621,21.362305,-223.449707
1493852603.997117,-1.229980,0.118652,-0.039551,13.793945,21.484375,-226.867676
1493852603.999805,-1.231445,0.098633,-0.062988,5.004883,19.470215,-229.675293
1493852604.002492,-1.263672,0.088867,-0.041016,12.573242,17.517090,-230.651855
1493852604.005174,-1.286621,0.234375,-0.211914,21.606445,15.502930,-231.018066
1493852604.007880,-1.404785,0.193359,-0.286621,33.203125,13.427734,-231.750488
1493852604.010517,-1.460938,0.280762,-0.304688,43.579102,12.512207,-234.191895
1493852604.013071,-1.534668,0.339355,-0.486816,51.696777,8.972168,-239.624023
1493852604.015623,-1.669922,0.393066,-0.462402,65.185547,3.784180,-246.520996
1493852604.018178,-1.705566,0.460938,-0.431152,75.622559,1.831055,-250.305176
1493852604.020737,-1.843262,0.479492,-0.507324,85.815430,0.427246,-259.826660
1493852604.023285,-1.856445,0.573242,-0.583008,98.449707,-2.563477,-271.301270
1493852604.025831,-1.937012,0.698730,-0.535645,120.178223,-4.516602,-283.935547
1493852604.028451,-1.958984,0.887695,-0.391113,118.896484,-8.422852,-300.048828
1493852604.031140,-1.964355,1.022949,-0.326660,130.554199,-9.704590,-317.626953
1493852604.033809,-1.962891,1.154297,-0.246582,137.145996,-13.000488,-334.533691
1493852604.036479,-1.903809,1.333496,-0.223633,137.756348,-17.578125,-349.365234
1493852604.039280,-1.830566,1.390625,-0.085938,129.089355,-21.240234,-359.680176
1493852604.041973,-1.812988,1.419434,-0.007324,117.980957,-22.033691,-364.318848
1493852604.044645,-1.894531,1.306641,0.018555,104.980469,-23.193359,-368.347168
1493852604.047314,-2.107910,1.121582,-0.016602,87.707520,-45.532227,-374.877930
1493852604.049994,-2.072266,0.871094,-0.091797,72.998047,-59.692383,-386.291504
1493852604.052673,-2.080078,0.578613,-0.322754,53.649902,-76.293945,-399.475098
1493852604.055338,-2.004883,0.270996,-0.337402,28.808594,-63.598633,-408.142090
1493852604.058007,-2.010742,0.091309,-0.404785,-0.366211,-47.668457,-415.222168
1493852604.060677,-1.878906,0.001465,-0.645020,-20.996094,-24.902344,-420.959473
1493852604.063349,-2.103516,-0.027344,-0.728027,-28.747559,2.990723,-426.391602
1493852604.066018,-2.078613,-0.049805,-0.764648,-22.338867,37.536621,-431.335449
1493852604.068692,-2.187500,-0.016602,-0.738281,-6.774902,66.833496,-437.988281
1493852604.071368,-2.283203,-0.028320,-0.575684,10.925293,76.538086,-442.504883
1493852604.074040,-2.388672,-0.084473,-0.600098,20.568848,59.387207,-467.346191
1493852604.076711,-2.266113,-0.115234,-0.745605,28.381348,21.789551,-456.848145
1493852604.079392,-2.279785,-0.170898,-0.777344,39.855957,-24.658203,-438.903809
1493852604.082076,-2.201660,-0.167480,-0.829590,52.246094,-59.631348,-442.932129
1493852604.084759,-2.107422,-0.078125,-0.979004,67.565918,-77.270508,-422.180176
1493852604.087443,-1.937500,0.056641,-1.013184,80.322266,-80.261230,-393.859863
1493852604.090136,-1.854492,0.253906,-1.030762,86.425781,-75.866699,-363.952637
1493852604.092822,-1.679688,0.447754,-0.914062,81.054688,-67.382812,-337.280273
1493852604.095508,-1.462402,0.638184,-1.019043,71.655273,-58.105469,-319.641113
1493852604.098194,-1.338867,0.826172,-0.895020,67.321777,-46.386719,-305.541992
1493852604.100883,-1.126953,0.932129,-0.823242,67.993164,-27.343750,-289.855957
1493852604.103565,-0.774414,1.035156,-0.637207,88.195801,3.173828,-267.150879
1493852604.106244,-0.731934,1.156250,-0.421875,123.962402,47.485352,-237.487793
1493852604.108936,-0.524414,0.931152,-0.241699,166.931152,86.242676,-208.312988
1493852604.111626,-0.446777,0.764648,-0.302734,194.335938,101.989746,-189.697266
1493852604.114313,-0.352539,0.503906,-0.279785,200.927734,95.153809,-186.645508
1493852604.117001,-0.160156,0.277832,-0.316895,199.645996,83.190918,-190.551758
1493852604.119638,-0.153320,0.103516,-0.236328,179.992676,70.556641,-196.960449
1493852604.122211,-0.210449,0.025391,-0.270020,134.521484,62.072754,-200.317383
1493852604.124768,-0.344727,0.028320,-0.358887,79.589844,37.048340,-195.678711
1493852604.127323,-0.609863,0.119629,-0.224609,39.367676,4.577637,-187.316895
1493852604.129950,-0.722656,0.171387,-0.116699,20.568848,-30.761719,-145.385742
1493852604.132647,-0.671387,0.275879,-0.199219,28.015137,-56.884766,-105.834961
1493852604.135334,-0.723633,0.537109,-0.342773,44.433594,-75.988770,-40.222168
1493852604.138021,-0.697754,0.683594,-0.366211,50.903320,-92.590332,-6.835938
1493852604.140702,-0.587402,0.824707,-0.273438,47.241211,-102.172852,14.892578
1493852604.143390,-0.376465,0.863770,-0.210938,36.254883,-102.416992,35.278320
1493852604.146076,-0.294434,0.916992,-0.246094,20.568848,-92.224121,41.992188
1493852604.148762,-0.210449,0.982910,-0.184570,4.943848,-78.857422,39.489746
1493852604.151446,-0.063965,0.979004,-0.195312,-16.784668,-69.274902,35.400391
1493852604.154130,0.104492,0.933105,-0.123535,-35.827637,-66.833496,34.179688
1493852604.156816,0.088867,0.891113,-0.190918,-48.278809,-67.749023,35.400391
1493852604.159507,0.175781,0.824707,-0.124512,-53.405762,-66.894531,35.156250
1493852604.162195,0.197266,0.729004,-0.175781,-54.748535,-61.096191,32.592773
1493852604.164881,0.269531,0.656738,-0.007324,-57.128906,-51.635742,27.221680
1493852604.167567,0.280762,0.553711,-0.121094,-76.049805,-42.663574,21.057129
1493852604.170184,0.362793,0.485840,-0.071777,-69.030762,-35.278320,17.089844
1493852604.172741,0.149902,0.460449,-0.150879,-76.538086,-31.188965,17.944336
1493852604.175401,0.259766,0.366211,-0.046387,-81.054688,-27.709961,23.620605
1493852604.177972,0.367188,0.300781,-0.092773,-83.007812,-23.986816,34.301758
1493852604.180616,0.216797,0.140137,-0.071777,-81.665039,-22.827148,49.865723
1493852604.183300,0.210449,0.196777,-0.156250,-77.941895,-22.033691,65.368652
1493852604.185986,0.228027,0.142578,-0.116699,-74.340820,-22.094727,78.979492
1493852604.188674,0.217773,0.158691,-0.116211,-68.664551,-21.789551,91.125488
1493852604.191366,0.225586,0.162598,-0.093262,-64.941406,-21.423340,97.045898
1493852604.194051,0.212891,0.147461,-0.061523,-61.584473,-20.935059,124.450684
1493852604.196735,0.255371,0.203125,-0.109375,-59.631348,-20.324707,139.160156
1493852604.199426,0.245605,0.221680,-0.206543,-58.654785,-19.165039,154.602051
1493852604.202113,0.267090,0.239746,-0.097656,-58.837891,-16.479492,168.640137
1493852604.204795,0.267578,0.248535,-0.186523,-59.020996,-14.221191,164.855957
1493852604.207477,0.228516,0.252930,-0.093262,-58.166504,-11.718750,174.682617
1493852604.210169,0.231934,0.239746,-0.156738,-56.945801,-10.314941,182.983398
1493852604.212852,0.215820,0.211914,-0.150391,-58.776855,-7.080078,189.575195
1493852604.215534,0.162109,0.229980,-0.133301,-57.434082,-5.615234,196.411133
1493852604.218201,0.139648,0.187012,-0.081543,-54.077148,-3.784180,203.308105
1493852604.220805,0.011719,0.179199,-0.189453,-52.185059,-3.173828,209.655762
1493852604.223360,0.069336,0.138672,-0.081543,-50.292969,-1.586914,218.261719
1493852604.225913,0.079590,0.125000,-0.104004,-47.790527,-1.342773,226.562500
1493852604.228514,0.009766,0.137695,-0.147461,-43.457031,0.000000,234.558105
1493852604.231183,0.008789,0.105469,-0.093262,-42.602539,0.610352,240.051270
1493852604.233874,0.015137,0.247559,-0.019531,-39.978027,2.441406,245.483398
1493852604.236562,0.012695,0.123535,-0.110840,-36.682129,2.563477,251.831055
1493852604.239266,-0.034668,0.125488,-0.107422,-32.592773,3.356934,259.399414
1493852604.241970,-0.023926,0.142090,-0.125488,-28.686523,3.601074,267.028809
1493852604.244652,-0.060059,0.144531,-0.103516,-25.695801,4.821777,274.658203
1493852604.247335,-0.050293,0.111816,-0.081543,-21.301270,6.225586,278.991699
1493852604.250026,-0.110840,0.134277,-0.017578,-16.845703,8.422852,281.921387
1493852604.252718,-0.086914,0.150879,-0.158203,-13.366699,9.277344,282.958984
1493852604.255405,-0.123047,0.142578,-0.083496,-9.216309,11.291504,285.644531
1493852604.258095,-0.182129,0.181641,-0.197754,-6.286621,13.977051,288.940430
1493852604.260779,-0.180176,0.179199,-0.248047,-5.615234,16.540527,291.748047
1493852604.263460,-0.176758,0.178711,-0.026855,-4.028320,19.714355,294.921875
1493852604.266145,-0.229980,0.168457,-0.117676,-1.525879,22.460938,297.729492
1493852604.268832,-0.125488,0.159668,-0.185059,-0.488281,23.925781,301.269531
1493852604.271447,-0.277344,0.142578,-0.106445,1.525879,24.902344,303.833008
1493852604.273998,-0.282227,0.162109,-0.136719,2.563477,25.146484,306.579590
1493852604.276552,-0.354980,0.136230,-0.097656,3.479004,25.573730,309.326172
1493852604.279112,-0.346680,0.143066,-0.140625,6.652832,25.939941,312.438965
1493852604.281666,-0.308594,0.158203,-0.120605,8.239746,26.794434,315.307617
1493852604.284215,-0.355469,0.138672,-0.117676,9.826660,28.930664,318.786621
1493852604.286767,-0.471680,0.184570,-0.132812,11.535645,31.433105,320.434570
1493852604.289371,-0.261719,0.153809,-0.058594,10.131836,34.179688,324.707031
1493852604.292045,-0.419434,0.185547,-0.105469,8.422852,36.743164,330.444336
1493852604.294730,-0.389648,0.192383,-0.022461,6.835938,38.452148,335.327148
1493852604.297415,-0.417480,0.214844,-0.100586,6.347656,39.794922,338.562012
1493852604.300107,-0.458496,0.207031,-0.021484,6.042480,40.283203,339.843750
1493852604.302787,-0.458984,0.228516,-0.071777,5.126953,42.480469,341.674805
1493852604.305472,-0.482422,0.247559,-0.044922,5.187988,45.043945,341.979980
1493852604.308166,-0.541504,0.244141,-0.050781,4.272461,47.363281,343.200684
1493852604.310851,-0.547852,0.232422,-0.080078,1.647949,50.415039,342.956543
1493852604.313534,-0.564453,0.228516,-0.042480,-15.258789,51.208496,343.322754
1493852604.316330,-0.640625,0.222168,-0.038086,-2.197266,52.673340,344.238281
1493852604.319016,-0.652832,0.216797,-0.067383,-3.479004,51.879883,346.191406
1493852604.321697,-0.663574,0.210449,-0.064453,-6.713867,51.696777,348.266602
1493852604.324374,-0.742188,0.195801,-0.137695,-8.789062,52.124023,350.585938
1493852604.327056,-0.872559,0.186523,-0.077148,-9.155273,51.635742,352.172852
1493852604.329689,-0.819824,0.182617,-0.168945,-11.596680,52.551270,353.027344
1493852604.332254,-0.835449,0.208984,-0.158691,-14.038086,51.330566,353.515625
1493852604.334809,-0.987793,0.222656,-0.190918,-16.296387,49.743652,352.355957
1493852604.337366,-0.794922,0.209961,-0.174805,-19.287109,48.706055,350.585938
1493852604.339989,-0.940430,0.237793,-0.262695,-18.432617,48.706055,348.327637
1493852604.342681,-0.976074,0.218262,-0.187012,-20.568848,50.476074,346.679688
1493852604.345364,-0.971680,0.232422,-0.224609,-23.132324,52.978516,343.322754
1493852604.348071,-1.051758,0.202637,-0.241211,-26.306152,55.175781,338.562012
1493852604.350778,-1.045898,0.211914,-0.262695,-32.043457,58.959961,334.045410
1493852604.353459,-1.053711,0.163574,-0.201172,-36.437988,62.011719,313.232422
1493852604.356144,-1.080566,0.112793,-0.217773,-39.855957,65.979004,323.608398
1493852604.358850,-1.121094,0.050781,-0.171875,-46.508789,69.885254,319.213867
1493852604.361556,-1.187500,0.024414,-0.237793,-50.964355,73.425293,314.880371
1493852604.364239,-1.166504,-0.021973,-0.248535,-54.748535,76.660156,313.171387
1493852604.366919,-1.231445,-0.084961,-0.184570,-58.654785,78.735352,312.255859
1493852604.369606,-1.257324,-0.108398,-0.232422,-62.072754,80.749512,312.194824
1493852604.372295,-1.309082,-0.108398,-0.132324,-65.063477,80.993652,313.415527
1493852604.374978,-1.380859,-0.118652,-0.269531,-67.810059,80.688477,315.673828
1493852604.377682,-1.495605,-0.132324,-0.250488,-71.838379,79.406738,319.519043
1493852604.380348,-1.425293,-0.097656,-0.205078,-73.364258,77.758789,324.340820
1493852604.382903,-1.421875,-0.070312,-0.325684,-77.575684,77.331543,329.772949
1493852604.385456,-1.467285,-0.087402,-0.250488,-83.740234,77.758789,334.960938
1493852604.388021,-1.453613,-0.106445,-0.266113,-87.646484,78.186035,338.073730
1493852604.390662,-1.443848,-0.098633,-0.324219,-91.552734,78.613281,340.087891
1493852604.393348,-1.518555,-0.089355,-0.314453,-96.252441,79.650879,340.820312
1493852604.396032,-1.466309,-0.089844,-0.273926,-99.914551,79.223633,341.918945
1493852604.398723,-1.451660,-0.081543,-0.300781,-105.346680,78.613281,340.759277
1493852604.401413,-1.490234,-0.083008,-0.323242,-108.337402,77.697754,340.759277
1493852604.404098,-1.510254,-0.045898,-0.410156,-112.731934,76.293945,338.256836
1493852604.406782,-1.515625,-0.055664,-0.499512,-113.769531,74.096680,334.594727
1493852604.409486,-1.505859,-0.058594,-0.349609,-114.807129,73.486328,330.627441
1493852604.412196,-1.502441,-0.088867,-0.421875,-117.431641,73.364258,312.622070
1493852604.414885,-1.407227,-0.137695,-0.451660,-117.675781,74.218750,322.875977
1493852604.417571,-1.506836,-0.169434,-0.505859,-117.675781,77.331543,318.176270
1493852604.420308,-1.505859,-0.204590,-0.463379,-116.760254,77.941895,296.875000
1493852604.422997,-1.462402,-0.244141,-0.461426,-114.135742,78.369141,307.983398
1493852604.425680,-1.496094,-0.278320,-0.488281,-114.746094,75.866699,303.710938
1493852604.428357,-1.483887,-0.293945,-0.515137,-112.792969,74.218750,302.734375
1493852604.430963,-1.468262,-0.329590,-0.435059,-107.299805,73.730469,300.781250
1493852604.433516,-1.462402,-0.356445,-0.524902,-104.125977,73.547363,298.034668
1493852604.436070,-1.469727,-0.335449,-0.500488,-97.534180,72.814941,295.654297
1493852604.438653,-1.440918,-0.360352,-0.435059,-91.613770,73.181152,292.175293
1493852604.441308,-1.465820,-0.353027,-0.388184,-89.294434,73.120117,289.733887
1493852604.443995,-1.410156,-0.368164,-0.380371,-87.158203,75.500488,285.034180
1493852604.446685,-1.400391,-0.386230,-0.341797,-81.604004,79.528809,278.442383
1493852604.449376,-1.255859,-0.395508,-0.412109,-74.401855,83.496094,270.324707
1493852604.452174,-1.333496,-0.386719,-0.315918,-69.702148,85.144043,261.230469
1493852604.454859,-1.320801,-0.426758,-0.328613,-67.504883,86.608887,252.014160
1493852604.457545,-1.341309,-0.446777,-0.281738,-65.551758,86.608887,243.713379
1493852604.460239,-1.445801,-0.476562,-0.246582,-62.622070,84.960938,236.267090
1493852604.462927,-1.285156,-0.533203,-0.261719,-57.312012,82.946777,231.384277
1493852604.465611,-1.426758,-0.583496,-0.182617,-52.062988,81.970215,225.646973
1493852604.468305,-1.400391,-0.644043,-0.134277,-44.860840,84.655762,216.125488
1493852604.470994,-1.433105,-0.714355,-0.278809,-38.085938,86.181641,205.810547
1493852604.473675,-1.430664,-0.805664,-0.268066,-31.799316,84.838867,197.998047
1493852604.476360,-1.469727,-0.951660,-0.205566,-29.418945,78.674316,207.763672
1493852604.479033,-1.464844,-1.078125,-0.201172,-20.568848,69.458008,226.623535
1493852604.481634,-1.476074,-1.162109,-0.164551,-4.821777,61.767578,236.633301
1493852604.484185,-1.389648,-1.233887,-0.154297,12.634277,57.373047,249.633789
1493852604.486735,-1.258301,-1.244629,-0.211914,22.460938,54.016113,247.680664
1493852604.489344,-1.170898,-1.230469,-0.143066,24.047852,48.706055,229.919434
1493852604.492024,-1.054688,-1.246582,-0.107422,23.620605,43.029785,201.477051
1493852604.494705,-0.998047,-1.222656,-0.063965,25.207520,39.550781,169.799805
1493852604.497391,-0.938477,-1.257812,0.026855,26.550293,39.062500,142.028809
1493852604.500106,-0.958496,-1.375000,-0.026367,24.475098,39.489746,122.375488
1493852604.502805,-1.011230,-1.328125,0.098633,20.446777,41.503906,107.910156
1493852604.505493,-1.054199,-1.366699,0.203125,15.747070,42.480469,95.458984
1493852604.508186,-1.075195,-1.378418,0.099609,9.521484,42.480469,82.458496
1493852604.510876,-1.015625,-1.388184,0.142578,6.530762,41.076660,66.955566
1493852604.513558,-1.162598,-1.425781,0.157715,5.737305,18.554688,48.767090
1493852604.516236,-1.187500,-1.430664,0.084473,7.873535,23.925781,30.029297
1493852604.518896,-1.122559,-1.399902,0.060059,9.887695,13.977051,12.695312
1493852604.521486,-1.155762,-1.383789,0.086426,11.962891,5.859375,-1.525879
1493852604.524029,-1.089844,-1.355469,0.015137,13.427734,-1.098633,-8.483887
1493852604.526576,-1.025391,-1.209961,0.043945,13.183594,-9.521484,-23.315430
1493852604.529198,-0.868652,-1.153809,0.086914,5.676270,-20.874023,-50.109863
1493852604.531822,-0.874512,-0.946777,-0.127930,-0.671387,-26.855469,-80.261230
1493852604.534374,-0.872070,-0.805664,-0.013184,-2.258301,-47.668457,-123.901367
1493852604.536926,-0.904785,-0.857422,-0.186523,-20.202637,-81.420898,-171.386719
1493852604.539542,-0.949219,-1.064453,0.101562,-58.837891,-102.355957,-200.561523
1493852604.542233,-1.082031,-1.320312,0.271484,-79.467773,-83.801270,-191.223145
1493852604.544918,-1.125977,-1.382812,0.155762,-52.673340,-31.372070,-157.409668
1493852604.547602,-1.104492,-1.273438,0.042480,-15.625000,-2.258301,-119.873047
1493852604.550339,-1.103027,-1.298828,0.006348,-5.493164,-2.685547,-96.862793
1493852604.553015,-1.030762,-1.145508,0.042480,-6.896973,-34.790039,-88.806152
1493852604.555691,-0.895508,-0.974609,0.098633,-4.150391,-43.395996,-92.041016
1493852604.558378,-0.924805,-0.646484,0.039062,-0.427246,-53.161621,-99.548340
1493852604.561069,-1.095703,-0.119141,-1.184570,-26.855469,-53.283691,-107.788086
1493852604.563755,-0.955078,0.031738,-0.143066,-13.793945,-10.375977,-122.680664
1493852604.566437,-0.832031,-0.055176,0.190430,48.156738,87.829590,-138.061523
1493852604.569126,-0.659668,-0.159180,-0.249512,26.306152,187.133789,-154.968262
1493852604.571816,-0.769531,-0.112793,-0.712891,41.076660,222.717285,-175.170898
1493852604.574501,-0.916992,0.202637,-0.300293,94.604492,236.999512,-185.913086
1493852604.577184,-1.297363,0.546387,-0.588379,111.206055,233.520508,-183.715820
1493852604.579830,-1.550293,1.114258,-0.470703,115.722656,213.500977,-149.475098
1493852604.582407,-2.344727,1.989258,-0.135254,130.554199,194.580078,-138.977051
1493852604.584962,-3.602051,2.942871,-0.185059,169.250488,185.607910,-116.271973
1493852604.587516,-3.772949,2.733887,-0.304199,201.354980,169.799805,-119.506836
1493852604.590248,-2.145020,1.887207,-0.632324,197.998047,122.009277,-181.030273
1493852604.592932,-0.714355,0.908691,-1.082520,183.044434,23.315430,-259.338379
1493852604.595612,0.144043,0.495117,-0.998047,172.729492,-105.407715,-328.247070
1493852604.598302,0.287598,-0.088379,-0.544434,181.579590,-225.769043,-412.170410
1493852604.600994,-0.034180,-0.423340,0.015137,183.349609,-286.560059,-526.794434
1493852604.603679,-0.528809,-0.652832,0.291992,168.029785,-269.714355,-662.536621
1493852604.606364,-0.792969,-0.868164,0.214844,125.000000,-197.875977,-755.065918
1493852604.609065,-0.854980,-1.097168,-0.059570,84.411621,-115.966797,-761.657715
1493852604.611766,-0.948242,-1.387695,-0.322266,43.640137,-47.119141,-721.801758
1493852604.614451,-1.153809,-1.478516,-0.335449,-5.798340,-8.850098,-657.348633
1493852604.617127,-1.485840,-1.483887,-0.324219,-43.762207,-26.855469,-577.148438
1493852604.619754,-1.837891,-1.435547,-0.201172,-61.889648,-30.578613,-490.844727
1493852604.622313,-1.895996,-1.366699,-0.072266,-37.292480,-78.796387,-396.118164
1493852604.624869,-1.996094,-1.193848,0.042480,2.868652,-128.906250,-283.630371
1493852604.627421,-1.807129,-0.915527,0.130371,39.428711,-158.935547,-237.426758
1493852604.630078,-1.411621,-0.448242,0.166992,73.181152,-158.447266,-113.891602
1493852604.632807,-0.992676,-0.094238,-0.122070,93.383789,-141.479492,1.831055
1493852604.635495,-0.708008,0.173340,-0.016113,100.158691,-125.915527,80.627441
1493852604.638189,-0.377930,0.406250,-0.183594,111.206055,-117.370605,115.539551
1493852604.640881,-0.077148,0.572754,-0.236328,141.113281,-118.530273,113.830566
1493852604.643565,0.068359,0.748047,-0.394043,178.100586,-117.492676,84.594727
1493852604.646250,0.136230,0.608887,-0.458984,198.181152,-106.079102,32.043457
1493852604.648909,0.236816,0.638672,-0.741699,198.303223,-90.515137,-47.485352
1493852604.651497,0.177246,0.680664,-0.439453,158.020020,-83.129883,-148.681641
1493852604.654052,0.033203,0.637207,-0.854004,130.249023,-36.560059,-249.206543
1493852604.656610,0.004883,0.449219,-0.812500,62.500000,-17.028809,-328.125000
1493852604.659207,-0.237793,0.160645,-0.987305,-10.803223,17.700195,-372.619629
1493852604.661855,-0.408203,-0.159668,-0.816895,-83.984375,29.541016,-390.747070
1493852604.664500,-0.725098,-0.509277,-0.494141,-146.240234,18.310547,-389.282227
1493852604.667145,-0.922852,-0.745605,-0.366699,-190.917969,-21.057129,-362.915039
1493852604.669755,-1.170898,-1.189453,0.036133,-213.439941,-67.199707,-326.904297
1493852604.672317,-1.344727,-1.241699,0.298828,-205.383301,-94.909668,-308.654785
1493852604.674869,-1.346191,-1.056152,0.127930,-155.395508,-113.403320,-251.159668
1493852604.677420,-1.331055,-1.000977,0.066406,-68.664551,-118.591309,-153.320312
1493852604.680056,-1.183594,-0.914062,-0.114746,-54.870605,-98.388672,-53.222656
1493852604.682761,-0.879883,-0.599121,-0.236816,-32.897949,-86.853027,17.089844
1493852604.685440,-0.660156,-0.334961,-0.067383,-32.409668,-100.036621,44.433594
1493852604.688128,-0.515625,-0.155762,-0.089355,-43.151855,-111.816406,37.780762
1493852604.690818,-0.602051,-0.142578,0.173340,-49.133301,-127.197266,18.676758
1493852604.693501,-0.500488,-0.202637,0.214844,-45.410156,-113.525391,2.807617
1493852604.696187,-0.587891,-0.164551,0.235352,-28.686523,-96.801758,-2.624512
1493852604.698876,-0.669434,-0.092773,0.037109,-17.822266,-70.739746,-0.061035
1493852604.701564,-0.680664,-0.000488,-0.026855,-17.578125,-59.387207,3.845215
1493852604.704245,-0.570312,0.068359,-0.109863,-24.108887,-36.743164,8.117676
1493852604.706924,-0.581543,0.070801,-0.166504,-28.137207,-26.000977,11.169434
1493852604.709615,-0.613281,0.093262,-0.212891,-31.860352,-23.803711,9.643555
1493852604.712299,-0.600098,0.103027,-0.225586,-39.184570,-27.282715,3.540039
1493852604.714980,-0.578125,0.207520,-0.180664,-49.682617,-22.827148,-8.911133
1493852604.717669,-0.521484,0.051758,-0.035156,-48.461914,-39.245605,-20.690918
1493852604.720290,-0.675781,0.047852,-0.018555,-47.241211,-41.320801,-26.367188
1493852604.722845,-0.647949,0.122559,0.084961,-38.757324,-37.048340,-34.423828
1493852604.725510,-0.647949,-0.063965,-0.064453,-30.883789,-28.564453,-39.245605
1493852604.728076,-0.605469,-0.080078,-0.095215,-27.221680,-16.052246,-40.893555
1493852604.730713,-0.635742,-0.247070,-0.116699,-26.672363,-5.798340,-39.916992
1493852604.733395,-0.608887,-0.101562,-0.038086,-28.442383,-0.366211,-36.010742
1493852604.736079,-0.626465,-0.072754,-0.075684,-30.151367,0.793457,-31.005859
1493852604.738769,-0.675293,-0.070312,0.009277,-31.005859,0.244141,-24.902344
1493852604.741461,-0.689941,-0.008789,-0.117676,-28.320312,-1.037598,-20.935059
1493852604.744147,-0.724609,-0.006836,-0.058105,-27.160645,-1.342773,-19.165039
1493852604.746829,-0.736328,-0.005371,-0.027344,-22.827148,0.305176,-18.981934
1493852604.749515,-0.687012,0.035156,-0.120605,-19.958496,2.380371,-20.935059
1493852604.752203,-0.725586,0.022461,-0.117188,-18.859863,3.723145,-23.437500
1493852604.754883,-0.728027,-0.120605,-0.110840,-18.737793,5.126953,-25.634766
1493852604.757557,-0.722168,-0.120117,-0.125488,-18.798828,5.493164,-26.611328
1493852604.760238,-0.640625,-0.007324,-0.221680,-17.639160,4.699707,-26.062012
1493852604.762926,-0.656738,-0.046387,-0.012695,-18.127441,3.540039,-25.329590
1493852604.765614,-0.648926,-0.062988,-0.185547,-16.479492,3.417969,-22.399902
1493852604.768292,-0.664062,-0.080078,-0.125488,-15.136719,2.929688,-19.958496
1493852604.770896,-0.662109,-0.080078,-0.161621,-12.573242,1.708984,-17.150879
1493852604.773450,-0.630371,-0.067871,-0.190918,-11.352539,0.122070,-15.136719
1493852604.776006,-0.679199,-0.062012,-0.163574,-9.765625,-1.464844,-11.962891
1493852604.778561,-0.688477,-0.088379,-0.130859,-6.347656,-3.601074,-7.812500
1493852604.781111,-0.653809,-0.088379,-0.058105,-5.981445,-4.394531,-5.249023
1493852604.783649,-0.658203,-0.044434,-0.139648,-3.295898,-4.150391,-2.197266
1493852604.786191,-0.685059,-0.073730,-0.111816,-0.976562,-4.028320,0.915527
1493852604.788774,-0.684570,-0.062988,-0.162109,0.366211,-2.624512,2.258301
1493852604.791422,-0.658691,-0.033691,-0.183105,2.197266,-2.258301,3.479004
1493852604.794094,-0.687988,-0.043457,-0.226074,4.150391,-2.624512,4.516602
1493852604.796769,-0.663574,-0.031738,-0.147461,6.042480,-1.647949,6.225586
1493852604.799465,-0.624512,-0.018066,-0.148926,7.934570,-2.197266,7.263184
1493852604.802165,-0.682129,-0.044434,-0.094238,9.155273,-2.685547,8.300781
1493852604.804841,-0.638184,-0.030273,-0.127930,10.864258,-2.807617,8.178711
1493852604.807517,-0.623535,0.106445,-0.101074,11.108398,-3.540039,7.507324
1493852604.810205,-0.652832,-0.016602,-0.009277,11.413574,-2.014160,7.019043
1493852604.812882,-0.660156,-0.056152,-0.097656,13.000488,-2.075195,6.042480
1493852604.815559,-0.674316,-0.008301,-0.147949,13.732910,-1.220703,5.126953
1493852604.818247,-0.644043,-0.007324,-0.145020,15.563965,-1.403809,4.150391
1493852604.820866,-0.671387,-0.117676,-0.145020,15.930176,-1.708984,4.028320
1493852604.823417,-0.635742,-0.030762,-0.067871,16.174316,-1.525879,2.624512
1493852604.825970,-0.626953,-0.012695,-0.113281,16.662598,-0.427246,2.624512
1493852604.828558,-0.597656,-0.011230,-0.095703,18.371582,0.488281,3.051758
1493852604.831211,-0.632324,-0.005371,-0.121582,19.348145,3.356934,3.417969
1493852604.833885,-0.632324,-0.019531,-0.144043,19.775391,6.896973,4.272461
1493852604.836565,-0.643066,0.003418,-0.156738,21.606445,8.850098,4.699707
1493852604.839265,-0.644043,-0.006348,-0.131836,21.240234,10.009766,5.554199
1493852604.841966,-0.648926,-0.019043,-0.147949,22.705078,8.850098,5.371094
1493852604.844644,-0.604980,-0.018066,-0.110840,23.071289,7.934570,7.873535
1493852604.847324,-0.640137,-0.004395,-0.179199,24.353027,7.202148,9.338379
1493852604.850006,-0.609863,0.004883,-0.215820,25.817871,6.835938,10.742188
1493852604.852692,-0.618652,-0.002441,-0.150879,24.719238,7.446289,9.826660
1493852604.855370,-0.632812,0.009277,-0.192871,23.315430,7.629395,8.605957
1493852604.858071,-0.623535,0.013672,-0.285645,21.240234,5.920410,6.652832
1493852604.860772,-0.626465,0.019043,-0.202637,20.568848,5.249023,4.516602
1493852604.863558,-0.640625,0.032715,-0.269531,20.385742,2.563477,3.234863
1493852604.866232,-0.726074,0.012207,-0.220215,21.484375,0.976562,1.770020
1493852604.868884,-0.628418,-0.001465,-0.192383,21.606445,-1.831055,1.464844
1493852604.871471,-0.644531,-0.016602,-0.255371,23.803711,-5.126953,1.281738
1493852604.874021,-0.612793,-0.016113,-0.242188,23.803711,-7.446289,1.464844
1493852604.876570,-0.666992,-0.025879,-0.162598,24.353027,-10.070801,2.014160
1493852604.879177,-0.630371,-0.030273,-0.152344,24.169922,-12.695312,3.479004
1493852604.881852,-0.614258,-0.005371,-0.226074,25.817871,-15.014648,3.601074
1493852604.884536,-0.658691,-0.020996,-0.070801,25.512695,-16.479492,5.004883
1493852604.887224,-0.609375,0.007324,-0.212402,25.451660,-17.456055,5.859375
1493852604.889919,-0.610840,0.021484,-0.186523,25.146484,-18.188477,5.981445
1493852604.892610,-0.627930,0.018555,-0.188965,26.367188,-18.249512,5.310059
1493852604.895290,-0.570801,0.032715,-0.237793,23.986816,-17.761230,3.295898
1493852604.897972,-0.563965,0.043457,-0.040527,23.498535,-17.517090,1.037598
1493852604.900588,-0.575684,0.018555,-0.132812,21.850586,-16.845703,-0.915527
1493852604.903142,-0.576660,0.049805,-0.178711,20.507812,-15.930176,-3.051758
1493852604.905692,-0.609375,0.026855,-0.129883,19.592285,-14.465332,-4.394531
1493852604.908257,-0.554688,0.036621,-0.173340,16.052246,-12.634277,-6.103516
1493852604.910892,-0.604492,0.004395,-0.075195,15.380859,-11.413574,-6.958008
1493852604.913573,-0.720215,-0.003418,-0.091309,16.296387,-11.596680,-7.141113
1493852604.916250,-0.614746,0.120605,-0.083496,19.470215,-12.512207,-5.859375
1493852604.918904,-0.623047,-0.023926,-0.105469,20.446777,-14.526367,-5.249023
1493852604.921494,-0.645996,-0.007324,-0.068359,19.592285,-15.808105,-4.882812
1493852604.924047,-0.647949,0.019531,-0.095215,18.981934,-16.235352,-5.859375
1493852604.926597,-0.683594,-0.006836,-0.123047,18.005371,-16.418457,-6.835938
1493852604.929196,-0.644043,0.013672,-0.173340,18.920898,-15.930176,-7.263184
1493852604.931863,-0.675293,0.012207,-0.013184,20.141602,-14.770508,-6.896973
1493852604.934547,-0.630859,0.028320,-0.095703,23.437500,-15.808105,-7.507324
1493852604.937225,-0.538574,0.009277,-0.085938,23.315430,-15.869141,-7.568359
1493852604.939909,-0.632324,0.013672,-0.110840,21.972656,-16.540527,-9.155273
1493852604.942596,-0.664062,0.022949,-0.085938,21.179199,-15.625000,-10.742188
1493852604.945311,-0.653809,0.015625,-0.196777,20.080566,-15.441895,-11.962891
1493852604.948039,-0.653809,0.000000,-0.143066,20.935059,-14.831543,-12.878418
1493852604.950729,-0.721680,0.031738,-0.161621,19.042969,-14.038086,-13.427734
1493852604.953427,-0.636230,0.012207,-0.104980,18.676758,-14.404297,-14.526367
1493852604.956125,-0.634766,0.019043,-0.250000,18.432617,-14.404297,-15.075684
1493852604.959140,-0.619629,0.032715,-0.238281,17.700195,-14.953613,-15.869141
1493852604.962178,-0.642090,0.022461,-0.200684,19.104004,-16.357422,-16.357422
1493852604.964861,-0.636719,0.005859,-0.116211,18.432617,-16.601562,-16.235352
1493852604.967541,-0.633301,-0.008789,-0.162598,17.272949,-15.808105,-16.723633
1493852604.970170,-0.658691,-0.027344,-0.087891,18.127441,-16.479492,-16.540527
1493852604.972723,-0.662109,-0.013184,-0.128906,18.554688,-17.395020,-15.747070
1493852604.975274,-0.674805,-0.019043,-0.180664,18.371582,-17.272949,-15.258789
1493852604.977834,-0.638184,0.007324,-0.241699,18.737793,-18.432617,-14.404297
1493852604.980467,-0.652832,-0.010254,-0.238281,18.737793,-19.226074,-13.427734
1493852604.983153,-0.601074,0.024902,-0.158691,18.310547,-19.653320,-13.305664
1493852604.985839,-0.746582,-0.006348,-0.111816,17.456055,-19.897461,-12.634277
1493852604.988513,-0.682129,-0.019043,-0.115234,17.822266,-19.958496,-12.268066
1493852604.991111,-0.677246,-0.014648,-0.175293,18.005371,-20.874023,-12.573242
1493852604.993663,-0.678223,-0.004883,-0.106445,17.517090,-21.545410,-13.427734
1493852604.996215,-0.698242,-0.114258,-0.116211,19.165039,-22.583008,-14.892578
1493852604.998772,-0.672363,0.106934,-0.096680,17.761230,-22.644043,-16.174316
1493852605.001329,-0.657715,-0.012207,-0.124512,18.798828,-21.484375,-16.479492
1493852605.003996,-0.661621,0.004395,-0.174805,18.737793,-20.263672,-17.333984
1493852605.006551,-0.705078,-0.026367,-0.089355,19.592285,-19.592285,-18.005371
1493852605.009177,-0.697754,-0.027344,-0.108887,21.057129,-18.737793,-18.066406
1493852605.011801,-0.705078,-0.007324,-0.187988,21.789551,-19.653320,-18.188477
1493852605.014353,-0.699219,-0.023926,-0.036621,22.460938,-19.470215,-19.409180
1493852605.016908,-0.698730,0.017090,-0.013184,21.911621,-19.653320,-19.531250
1493852605.019540,-0.741699,-0.006836,-0.139648,22.644043,-19.104004,-20.080566
1493852605.022172,-0.727539,0.027344,-0.132812,23.498535,-18.310547,-20.996094
1493852605.024724,-0.710449,-0.005371,-0.077148,23.132324,-18.432617,-22.766113
1493852605.027277,-0.747559,0.012207,-0.099121,24.780273,-17.822266,-23.803711
1493852605.029920,-0.732422,0.004883,-0.160645,24.291992,-15.991211,-23.742676
1493852605.032635,-0.737305,0.017578,-0.147461,22.399902,-14.221191,-24.597168
1493852605.035324,-0.779785,-0.014648,-0.117676,23.803711,-13.427734,-23.864746
1493852605.038011,-0.782715,-0.001465,-0.190918,27.343750,-13.854980,-23.315430
1493852605.040697,-0.758789,0.023438,-0.224121,28.137207,-14.892578,-23.620605
1493852605.043378,-0.743164,0.019531,-0.128418,27.404785,-14.160156,-24.414062
1493852605.046061,-0.858887,0.027344,-0.109375,28.869629,-13.977051,-26.611328
1493852605.048753,-0.796387,0.118164,-0.125488,32.043457,-13.549805,-27.954102
1493852605.051442,-0.825195,0.017578,-0.043945,32.958984,-15.136719,-28.320312
1493852605.054118,-0.836426,0.061523,-0.199219,34.729004,-17.944336,-29.357910
1493852605.056800,-0.824219,0.070312,-0.145996,35.217285,-18.920898,-30.029297
1493852605.059487,-0.820312,0.044434,-0.075195,35.827637,-19.470215,-32.043457
1493852605.062177,-0.778809,0.051758,-0.152344,38.085938,-20.935059,-32.592773
1493852605.064862,-0.798828,0.065918,-0.122559,36.499023,-22.155762,-34.667969
1493852605.067547,-0.819824,0.048340,-0.065430,38.146973,-22.277832,-38.146973
1493852605.070172,-0.755859,0.119629,-0.106934,38.146973,-21.789551,-40.710449
1493852605.072725,-0.805664,0.117188,-0.030273,39.184570,-20.812988,-43.273926
1493852605.075312,-0.779297,0.152344,-0.080566,36.560059,-22.338867,-46.569824
1493852605.077931,-0.794922,0.161621,-0.010742,32.104492,-22.094727,-52.246094
1493852605.080585,-0.820801,0.133301,-0.078125,28.503418,-22.521973,-57.189941
1493852605.083264,-0.834961,0.168945,-0.106934,28.747559,-23.437500,-60.852051
1493852605.085946,-0.851074,0.148926,-0.154297,27.221680,-24.841309,-67.199707
1493852605.088647,-0.882324,0.126465,-0.094238,24.108887,-25.878906,-72.204590
1493852605.091351,-0.855469,0.140137,-0.175781,24.047852,-26.672363,-78.491211
1493852605.094032,-0.836914,0.135254,-0.115234,21.667480,-26.489258,-85.510254
1493852605.096719,-0.821777,0.119141,-0.131836,19.714355,-25.634766,-93.322754
1493852605.099406,-0.796875,0.218750,-0.150391,13.305664,-21.301270,-100.097656
1493852605.102088,-0.846680,0.077148,-0.049805,11.108398,-18.188477,-103.454590
1493852605.104770,-0.843262,0.139648,-0.121582,8.483887,-16.784668,-105.529785
1493852605.107449,-0.806641,0.097656,-0.101074,4.760742,-18.920898,-113.098145
1493852605.110081,-0.865234,0.121094,-0.069336,4.943848,-18.249512,-119.140625
1493852605.112637,-0.984375,0.143066,-0.151855,3.662109,-17.944336,-125.854492
1493852605.115185,-0.882812,0.158203,-0.056641,2.563477,-17.944336,-131.347656
1493852605.117800,-0.938965,0.097168,-0.116699,2.075195,-18.493652,-135.437012
1493852605.120417,-0.949219,0.246094,-0.189453,0.793457,-21.545410,-139.221191
1493852605.122963,-0.992676,0.244141,-0.120605,1.342773,-23.742676,-143.554688
1493852605.125512,-0.987793,0.173828,-0.166992,4.211426,-21.484375,-158.935547
1493852605.128082,-0.987793,0.081543,-0.244629,14.282227,-7.324219,-168.701172
1493852605.130724,-1.088867,0.036133,-0.242676,17.333984,-0.366211,-166.198730
1493852605.133406,-1.121094,-0.023926,-0.175293,13.916016,-9.948730,-144.409180
1493852605.136082,-1.179199,-0.016113,-0.144043,14.465332,-25.817871,-129.455566
1493852605.138877,-1.167969,0.020508,-0.103027,22.888184,-41.198730,-134.399414
1493852605.141570,-1.218262,0.097656,-0.091797,28.259277,-51.452637,-133.911133
1493852605.144251,-1.184570,0.183105,-0.069824,33.874512,-56.335449,-155.761719
1493852605.146935,-1.228516,0.265625,-0.023926,34.118652,-55.114746,-151.245117
1493852605.149623,-1.216797,0.318848,-0.159668,30.639648,-51.330566,-160.888672
1493852605.152312,-1.226562,0.347168,-0.130859,24.597168,-46.508789,-170.410156
1493852605.154998,-1.259277,0.362793,-0.104004,18.249512,-43.212891,-177.551270
1493852605.157685,-1.203613,0.337891,-0.203613,15.991211,-41.931152,-182.983398
1493852605.160375,-1.255371,0.322754,-0.054688,19.897461,-39.794922,-186.767578
1493852605.163056,-1.316406,0.310547,-0.179688,20.812988,-36.376953,-188.720703
1493852605.165734,-1.271484,0.328613,-0.245605,17.211914,-30.212402,-191.650391
1493852605.168407,-1.255371,0.468262,-0.117188,10.253906,-20.874023,-197.387695
1493852605.171008,-1.334961,0.394043,-0.239746,5.676270,-10.009766,-205.566406
1493852605.173552,-1.335449,0.429199,-0.151855,-1.892090,-3.173828,-215.637207
1493852605.176094,-1.373047,0.445801,-0.154297,-3.540039,0.427246,-225.830078
1493852605.178689,-1.397949,0.623047,-0.243652,-3.417969,4.272461,-232.543945
1493852605.181357,-1.409668,0.583008,-0.136230,1.037598,4.211426,-237.365723
1493852605.184037,-1.493652,0.642578,-0.255859,5.615234,3.417969,-241.394043
1493852605.186714,-1.502930,0.694336,-0.394043,11.657715,0.061035,-243.774414
1493852605.189399,-1.582031,0.743652,-0.324707,22.216797,-11.657715,-244.201660
1493852605.192087,-1.712891,0.791504,-0.392090,29.785156,-25.390625,-246.215820
1493852605.194770,-1.634766,0.815918,-0.343750,40.527344,-45.776367,-246.520996
1493852605.197455,-1.575684,0.860840,-0.452637,49.194336,-63.110352,-264.099121
1493852605.200149,-1.515137,0.796387,-0.350586,49.438477,-69.580078,-257.812500
1493852605.202839,-1.426758,0.716797,-0.354980,46.203613,-68.054199,-268.005371
1493852605.205522,-1.367188,0.663086,-0.330078,42.968750,-59.082031,-293.090820
1493852605.208207,-1.293945,0.575684,-0.319824,37.353516,-43.151855,-289.855957
1493852605.210894,-1.269043,0.419434,-0.276855,25.756836,-27.038574,-306.823730
1493852605.213580,-1.354492,0.297363,-0.224121,14.343262,-18.615723,-322.387695
1493852605.216267,-1.476074,0.188965,-0.144531,1.770020,-13.671875,-338.745117
1493852605.218924,-1.434570,0.037109,-0.272949,-13.305664,-6.713867,-356.506348
1493852605.221504,-1.481934,-0.081543,-0.158203,-18.554688,0.427246,-371.398926
1493852605.224052,-1.575684,-0.096680,-0.202148,-21.362305,3.906250,-378.417969
1493852605.226603,-1.607422,-0.065918,-0.238770,-9.582520,3.784180,-378.845215
1493852605.229199,-1.744629,0.040527,-0.384766,18.432617,-5.798340,-373.474121
1493852605.231873,-1.626953,0.143066,-0.441895,54.321289,-23.193359,-362.548828
1493852605.234557,-1.623535,0.255371,-0.567871,83.435059,-43.212891,-348.327637
1493852605.237238,-1.554199,0.360840,-0.620117,102.050781,-61.828613,-334.594727
1493852605.239924,-1.546875,0.431152,-0.584961,107.849121,-75.439453,-326.904297
1493852605.242610,-1.464355,0.480469,-0.522949,101.562500,-82.824707,-322.204590
1493852605.245293,-1.331055,0.440918,-0.576172,89.172363,-83.557129,-320.800781
1493852605.247983,-1.201172,0.362793,-0.589844,76.721191,-80.017090,-321.228027
1493852605.250674,-1.171875,0.271484,-0.603027,62.744141,-73.791504,-321.289062
1493852605.253361,-1.073730,0.218750,-0.628906,50.964355,-63.964844,-320.129395
1493852605.256047,-0.994629,0.208496,-0.594238,43.457031,-52.001953,-317.199707
1493852605.258740,-0.912598,0.150879,-0.503906,41.259766,-40.710449,-311.706543
1493852605.261437,-0.863281,0.192871,-0.582520,39.306641,-29.296875,-303.710938
1493852605.264122,-0.823242,0.235840,-0.541992,38.208008,-19.287109,-295.104980
1493852605.266809,-0.855469,0.297363,-0.490234,35.461426,-10.559082,-285.949707
1493852605.269454,-0.812012,0.386230,-0.553711,33.752441,-1.342773,-275.146484
1493852605.272026,-0.784180,0.455566,-0.517090,31.982422,5.676270,-262.817383
1493852605.274576,-0.636230,0.490234,-0.464355,31.311035,11.474609,-248.901367
1493852605.277234,-0.658691,0.535156,-0.486328,39.062500,20.080566,-230.468750
1493852605.279810,-0.578125,0.576660,-0.432129,50.048828,40.893555,-208.312988
1493852605.282388,-0.505859,0.611816,-0.434082,69.946289,54.382324,-182.617188
1493852605.284936,-0.360840,0.649902,-0.360840,90.942383,57.434082,-156.188965
1493852605.287484,-0.298340,0.660645,-0.316406,121.704102,80.200195,-127.258301
1493852605.290131,-0.233887,0.571777,-0.246094,160.888672,107.055664,-118.713379
1493852605.292814,-0.223633,0.369629,0.098633,205.200195,144.226074,-105.957031
1493852605.295500,-0.286621,0.166016,0.024902,239.379883,179.565430,-129.516602
1493852605.298192,-0.290527,0.049805,-0.274902,248.779297,193.298340,-141.357422
1493852605.300880,-0.241699,0.076172,-0.513672,207.153320,166.259766,-171.997070
1493852605.303565,-0.260742,0.101074,-0.988281,85.388184,84.594727,-181.457520
1493852605.306250,-0.210449,-0.026367,-0.591309,-39.978027,-15.197754,-156.494141
1493852605.308944,-0.165527,-0.162109,-0.068359,-105.712891,-105.102539,-102.661133
1493852605.311634,-0.282227,-0.296387,0.140137,-89.782715,-161.865234,-32.226562
1493852605.314314,-0.257324,-0.364746,0.250977,-18.859863,-167.358398,37.597656
1493852605.316997,-0.338867,-0.170898,0.141602,55.297852,-132.324219,94.177246
1493852605.319634,-0.389648,0.023438,-0.116699,93.505859,-76.232910,137.207031
1493852605.322206,-0.399902,0.305176,-0.172852,88.684082,-23.986816,164.367676
1493852605.324761,-0.398438,0.699219,-0.238770,64.697266,12.084961,181.823730
1493852605.327312,-0.317383,1.020020,-0.229980,34.484863,19.104004,186.828613
1493852605.329934,-0.318848,1.156250,-0.172363,19.775391,21.789551,184.387207
1493852605.332624,-0.254883,1.246582,-0.233887,20.385742,13.977051,182.861328
1493852605.335309,-0.055176,1.222656,-0.332520,27.648926,-10.864258,185.607910
1493852605.338000,-0.014648,1.218262,-0.279785,21.057129,-21.911621,186.279297
1493852605.340690,-0.088379,1.008301,-0.302734,-15.075684,-11.169434,181.152344
1493852605.343376,-0.016113,0.917969,-0.235840,-5.554199,-13.122559,158.874512
1493852605.346063,0.069824,0.839355,-0.135254,-6.225586,-13.000488,137.145996
1493852605.348748,0.111328,0.755859,-0.121582,-10.131836,5.798340,110.168457
1493852605.351437,0.103027,0.662598,-0.032715,-13.122559,20.629883,86.059570
1493852605.354120,0.054199,0.610840,-0.078125,-18.249512,37.353516,85.754395
1493852605.356803,0.033203,0.538574,-0.087402,-26.855469,45.898438,84.228516
1493852605.359500,-0.057129,0.443359,-0.049805,-36.254883,44.982910,89.843750
1493852605.362190,-0.113281,0.373535,-0.119629,-43.029785,43.212891,104.125977
1493852605.364877,-0.161621,0.345215,-0.116699,-47.851562,35.522461,117.065430
1493852605.367566,-0.245605,0.311035,-0.065918,-49.804688,33.752441,127.258301
1493852605.370181,-0.248535,0.279785,-0.069824,-50.842285,27.526855,135.803223
1493852605.372736,-0.196289,0.294434,-0.067383,-52.917480,25.085449,139.587402
1493852605.375289,-0.246094,0.308594,-0.035156,-53.833008,19.409180,140.930176
1493852605.377855,-0.171387,0.320801,-0.079590,-56.823730,18.371582,142.578125
1493852605.380494,-0.201172,0.282715,-0.044434,-61.950684,21.484375,151.428223
1493852605.383178,-0.200195,0.242188,-0.091309,-66.223145,22.583008,164.489746
1493852605.385863,-0.194336,0.188965,-0.108398,-68.237305,27.404785,181.640625
1493852605.388551,-0.192871,0.155762,-0.049805,-69.519043,28.991699,197.448730
1493852605.391236,-0.233887,0.011719,-0.076172,-70.800781,29.418945,210.937500
1493852605.393924,-0.222168,0.140137,-0.070312,-70.800781,30.883789,220.764160
1493852605.396611,-0.267578,0.117188,-0.006836,-71.777344,29.113770,227.050781
1493852605.399262,-0.256836,0.162109,-0.101562,-72.143555,30.761719,230.163574
1493852605.401845,-0.144531,0.197266,-0.125000,-71.289062,29.785156,235.351562
1493852605.404399,-0.272461,0.226562,-0.067383,-72.875977,33.203125,240.661621
1493852605.406953,-0.264648,0.218262,-0.097656,-71.899414,33.569336,247.497559
1493852605.409617,-0.329590,0.253418,-0.104004,-71.105957,36.682129,252.990723
1493852605.412348,-0.336426,0.144043,-0.183105,-71.350098,38.818359,259.338379
1493852605.415161,-0.348633,0.260254,-0.130859,-70.312500,39.306641,265.380859
1493852605.417863,-0.380859,0.241211,-0.112793,-68.908691,40.405273,270.812988
1493852605.420495,-0.455566,0.231445,-0.148926,-68.359375,38.818359,274.047852
1493852605.423049,-0.476074,0.226074,-0.074219,-65.734863,39.672852,274.841309
1493852605.425610,-0.386719,0.219238,-0.111328,-64.025879,40.222168,275.634766
1493852605.428183,-0.383789,0.259766,-0.169922,-60.607910,41.381836,276.184082
1493852605.430823,-0.378418,0.251953,-0.052734,-59.204102,43.395996,279.113770
1493852605.433516,-0.379883,0.255859,-0.122559,-56.823730,45.166016,282.958984
1493852605.436188,-0.374512,0.256836,-0.112793,-54.443359,47.424316,288.208008
1493852605.438873,-0.426758,0.223633,-0.089844,-52.368164,48.034668,292.907715
1493852605.441572,-0.427734,0.263184,-0.146484,-50.231934,48.889160,296.936035
1493852605.444257,-0.418945,0.258301,-0.130859,-48.278809,48.400879,298.339844
1493852605.446944,-0.518555,0.366211,-0.080566,-46.936035,47.180176,299.377441
1493852605.449633,-0.517090,0.274902,-0.029297,-44.555664,46.386719,301.086426
1493852605.452322,-0.537109,0.275391,-0.160645,-41.503906,44.555664,302.429199
1493852605.455007,-0.591309,0.281738,-0.125488,-40.039062,45.410156,304.199219
1493852605.457700,-0.569824,0.291992,-0.153809,-37.963867,44.677734,304.077148
1493852605.460400,-0.616699,0.280762,-0.107422,-37.170410,46.020508,303.649902
1493852605.463207,-0.613281,0.301270,-0.142578,-36.376953,45.593262,303.955078
1493852605.466008,-0.619629,0.277832,-0.113281,-35.644531,45.837402,304.260254
1493852605.468675,-0.638184,0.274902,-0.188965,-34.301758,46.081543,304.504395
1493852605.471270,-0.654297,0.275391,-0.133301,-35.949707,45.898438,305.358887
1493852605.473825,-0.714844,0.286621,-0.156250,-35.339355,45.837402,306.945801
1493852605.476378,-0.678223,0.244629,-0.124512,-35.827637,46.020508,308.715820
1493852605.478973,-0.716309,0.139648,-0.169434,-38.391113,47.912598,310.974121
1493852605.481638,-0.716797,0.253418,-0.234863,-38.085938,49.072266,313.964844
1493852605.484321,-0.729492,0.268066,-0.241699,-38.391113,49.682617,316.162109
1493852605.487002,-0.787598,0.234375,-0.069336,-39.428711,51.086426,319.030762
1493852605.489693,-0.794434,0.270020,-0.205078,-38.757324,51.635742,320.861816
1493852605.492383,-0.847168,0.285156,-0.082520,-39.550781,53.466797,321.716309
1493852605.495070,-0.866211,0.287598,-0.039062,-39.550781,53.466797,322.753906
1493852605.497760,-0.904785,0.310059,-0.208496,-38.818359,54.077148,323.059082
1493852605.500383,-0.928711,0.319824,-0.218262,-40.344238,55.175781,322.509766
1493852605.502941,-0.967285,0.290527,-0.177246,-41.870117,56.640625,322.265625
1493852605.505494,-0.998535,0.310059,-0.279785,-41.564941,59.082031,322.021484
1493852605.508109,-1.056152,0.308594,-0.220215,-42.358398,61.157227,321.716309
1493852605.510725,-1.216797,0.332520,-0.212891,-45.288086,64.208984,322.692871
1493852605.513278,-1.156738,0.306641,-0.238281,-61.279297,65.307617,323.791504
1493852605.515829,-1.208496,0.292969,-0.291016,-48.645020,68.237305,324.340820
1493852605.518426,-1.318848,0.304199,-0.308594,-51.757812,69.091797,325.988770
1493852605.521028,-1.261230,0.271484,-0.211914,-56.457520,71.594238,327.636719
1493852605.523580,-1.308105,0.239746,-0.267578,-59.997559,73.547363,328.796387
1493852605.526132,-1.370605,0.226074,-0.324219,-67.077637,74.768066,329.528809
1493852605.528731,-1.481445,0.203613,-0.291992,-70.495605,76.538086,330.017090
1493852605.531399,-1.426758,0.141113,-0.230469,-76.660156,79.345703,331.115723
1493852605.534081,-1.465820,0.064453,-0.255859,-82.641602,81.420898,333.251953
1493852605.536764,-1.508789,-0.019531,-0.165527,-87.097168,83.679199,334.899902
1493852605.539475,-1.548828,-0.030762,-0.328125,-91.979980,84.228516,336.853027
1493852605.542186,-1.585449,-0.092773,-0.265625,-94.604492,83.923340,339.416504
1493852605.544871,-1.641113,-0.161621,-0.231934,-95.764160,82.092285,343.444824
1493852605.547553,-1.637695,-0.175781,-0.303711,-96.313477,80.505371,347.412109
1493852605.550406,-1.692383,-0.218262,-0.277832,-98.388672,77.148438,351.440430
1493852605.553088,-1.693359,-0.250488,-0.300781,-98.754883,73.669434,352.416992
1493852605.555770,-1.650879,-0.279785,-0.378906,-98.388672,72.692871,352.539062
1493852605.558476,-1.704590,-0.323242,-0.416016,-97.473145,72.753906,351.684570
1493852605.561182,-1.678711,-0.351562,-0.325684,-99.182129,73.669434,349.548340
1493852605.563868,-1.648926,-0.390137,-0.344238,-97.351074,73.608398,347.595215
1493852605.566549,-1.697266,-0.451172,-0.326172,-96.557617,74.890137,342.956543
1493852605.569212,-1.676758,-0.481934,-0.413574,-94.177246,74.768066,336.669922
1493852605.571805,-1.703613,-0.497559,-0.416992,-93.811035,74.218750,327.270508
1493852605.574355,-1.685547,-0.403320,-0.390625,-96.313477,72.631836,314.697266
1493852605.576906,-1.692871,-0.542969,-0.501953,-97.717285,71.716309,300.964355
1493852605.579524,-1.688477,-0.730469,-0.543945,-97.656250,71.838379,287.292480
1493852605.582211,-1.691406,-0.721191,-0.377930,-94.909668,72.875977,276.245117
1493852605.584895,-1.680664,-0.828125,-0.472656,-90.698242,73.242188,267.517090
1493852605.587578,-1.688965,-0.911133,-0.527344,-87.402344,74.768066,259.094238
1493852605.590310,-1.658203,-1.113281,-0.509277,-80.017090,77.270508,251.098633
1493852605.592998,-1.619629,-1.107910,-0.562988,-74.218750,78.796387,244.812012
1493852605.595679,-1.601074,-1.185547,-0.509277,-67.565918,78.369141,240.600586
1493852605.598366,-1.657715,-1.290039,-0.514648,-56.823730,78.125000,242.553711
1493852605.601052,-1.658203,-1.349121,-0.515625,-46.386719,76.110840,262.145996
1493852605.603731,-1.628418,-1.398438,-0.431152,-31.188965,72.998047,255.187988
1493852605.606411,-1.572266,-1.463867,-0.408691,-17.517090,70.373535,262.878418
1493852605.609097,-1.460938,-1.466797,-0.334961,-3.479004,67.504883,263.000488
1493852605.611780,-1.403809,-1.473633,-0.384766,5.493164,66.894531,238.281250
1493852605.614460,-1.297363,-1.438965,-0.258301,10.498047,66.589355,235.107422
1493852605.617145,-1.208496,-1.427246,-0.246094,13.793945,64.636230,212.585449
1493852605.619772,-1.158691,-1.412598,-0.166992,12.878418,63.354492,188.415527
1493852605.622334,-1.219727,-1.379883,-0.053711,12.573242,62.133789,166.320801
1493852605.624888,-1.205078,-1.493164,0.023926,13.977051,62.011719,147.338867
1493852605.627439,-1.238281,-1.385742,0.107422,12.695312,78.063965,132.690430
1493852605.630076,-1.342773,-1.410156,0.304199,8.483887,63.354492,122.009277
1493852605.632772,-1.329102,-1.458008,0.164062,6.042480,64.147949,111.572266
1493852605.635436,-1.348633,-1.468750,0.270508,8.605957,62.622070,97.412109
1493852605.638108,-1.133301,-1.142090,0.118164,13.916016,46.447754,59.936523
1493852605.640782,-1.190430,-1.154297,0.200684,2.502441,7.324219,-3.662109
1493852605.643440,-1.324707,-1.593750,0.176758,-14.709473,-17.211914,-28.808594
1493852605.646106,-1.385742,-1.607910,0.213867,-11.596680,-19.836426,-23.132324
1493852605.648780,-1.379883,-1.520508,-0.151367,-27.221680,-29.907227,-23.193359
1493852605.651455,-1.301758,-1.468262,-0.015137,-64.575195,-45.532227,-46.264648
1493852605.654117,-1.011230,-1.743652,0.281250,-79.406738,-44.006348,-44.128418
1493852605.656784,-0.835449,-1.956055,0.280762,-35.034180,-18.432617,-13.793945
1493852605.659440,-0.835449,-1.960449,0.032715,15.991211,2.807617,0.488281
1493852605.662031,-0.858398,-1.820312,-0.095215,16.906738,3.784180,13.793945
1493852605.664580,-0.856934,-1.593750,-0.038574,-13.488770,-1.831055,3.234863
1493852605.667127,-0.930664,-1.177734,0.055664,-23.071289,-7.263184,-18.981934
1493852605.669689,-0.899414,-1.078125,0.141602,-33.142090,-9.765625,-44.067383
1493852605.672249,-0.925293,-0.940430,0.194824,-27.587891,-13.854980,-66.589355
1493852605.674795,-1.056641,-0.382812,0.278809,-29.663086,-15.319824,-79.467773
1493852605.677339,-1.303223,-0.459961,-0.383301,-62.683105,-34.545898,-83.251953
1493852605.680013,-1.228516,-0.583008,0.264648,-53.344727,-3.479004,-117.553711
1493852605.682763,-1.063477,-0.723633,0.296387,-51.208496,61.279297,-168.395996
1493852605.685448,-0.897461,-0.915527,0.625000,-50.720215,109.130859,-192.077637
1493852605.688262,-0.836914,-0.965820,0.291992,-58.776855,122.009277,-217.712402
1493852605.690968,-0.917969,-0.698242,0.261230,-47.668457,123.474121,-193.176270
1493852605.693652,-1.080078,-0.286621,0.477051,-21.240234,140.197754,-175.903320
1493852605.696334,-1.284668,0.256836,0.149902,-0.793457,159.240723,-139.526367
1493852605.699014,-1.506836,0.946777,-0.026367,20.202637,164.428711,-80.505371
1493852605.701699,-1.947266,1.834961,-0.075684,40.710449,147.644043,-65.429688
1493852605.704382,-2.260742,2.353516,-0.190430,54.077148,140.441895,-20.629883
1493852605.707063,-2.192871,2.315430,-0.551270,60.546875,130.126953,13.183594
1493852605.709749,-1.664551,1.986328,-0.808105,30.090332,90.881348,-6.958008
1493852605.712432,-0.786133,1.638672,-0.874512,-22.277832,7.446289,-79.650879
1493852605.715112,-0.198730,1.145020,-0.511719,-42.541504,-92.102051,-176.391602
1493852605.717796,0.013184,0.691406,-0.238770,-15.502930,-173.950195,-283.752441
1493852605.720482,0.048340,0.324707,-0.097168,36.499023,-216.064453,-388.061523
1493852605.723165,0.039551,-0.059570,0.081055,63.964844,-208.740234,-480.651855
1493852605.725848,-0.079102,-0.455078,0.293945,53.222656,-159.484863,-555.725098
1493852605.728539,-0.347168,-0.774902,0.375977,31.494141,-84.716797,-613.586426
1493852605.731230,-0.458008,-0.972168,0.259277,27.404785,-9.521484,-638.732910
1493852605.733911,-0.709961,-1.029297,-0.084473,11.962891,43.334961,-625.122070
1493852605.736596,-1.079590,-1.018555,-0.174805,2.197266,67.932129,-583.984375
1493852605.739285,-1.528320,-0.993652,-0.308594,-1.831055,59.997559,-532.104492
1493852605.741967,-1.770996,-0.880371,-0.294434,8.300781,28.381348,-481.262207
1493852605.744643,-1.851562,-0.969727,-0.335938,31.250000,-19.836426,-417.358398
1493852605.747324,-1.702637,-0.886230,-0.181641,61.950684,-89.050293,-336.730957
1493852605.750004,-1.506836,-0.784668,0.011230,90.332031,-98.266602,-247.619629
1493852605.752686,-1.152344,-0.579590,0.063477,114.807129,-110.351562,-168.212891
1493852605.755405,-0.815918,-0.294434,-0.140625,132.446289,-82.214355,-106.750488
1493852605.758120,-0.603027,-0.096680,-0.160156,140.502930,-74.401855,-68.908691
1493852605.760782,-0.420898,0.121094,-0.358887,140.136719,-50.659180,-56.335449
1493852605.763433,-0.288574,0.298340,-0.464355,137.878418,-33.264160,-72.448730
1493852605.766108,-0.411621,0.292969,-0.421875,135.559082,-20.080566,-111.145020
1493852605.768783,-0.388672,0.362793,-0.698730,140.930176,-14.770508,-150.817871
1493852605.771375,-0.443848,0.355469,-0.826660,146.667480,-11.474609,-182.861328
1493852605.773921,-0.427734,0.228027,-1.011719,125.671387,-9.094238,-195.312500
1493852605.776468,-0.421875,0.140137,-1.069824,81.176758,-12.268066,-214.599609
1493852605.779039,-0.621094,0.021484,-1.004883,17.333984,-23.132324,-228.637695
1493852605.781608,-0.544434,-0.193359,-0.729980,-13.854980,-42.175293,-244.567871
1493852605.784156,-0.642090,-0.401855,-0.351562,-63.354492,-70.495605,-260.131836
1493852605.786705,-0.772949,-0.583984,-0.215820,-97.839355,-83.618164,-260.131836
1493852605.789319,-0.979980,-0.605469,-0.083496,-117.614746,-110.778809,-236.633301
1493852605.792008,-0.988281,-0.696289,0.155762,-128.173828,-126.525879,-188.354492
1493852605.794691,-0.955566,-0.763672,0.190430,-123.413086,-121.398926,-138.793945
1493852605.797370,-0.927734,-0.694336,0.125977,-100.708008,-100.036621,-100.585938
1493852605.800071,-0.770996,-0.541504,-0.083984,-71.472168,-76.965332,-57.067871
1493852605.802773,-0.784180,-0.404785,-0.185547,-55.175781,-63.476562,-18.737793
1493852605.805451,-0.704102,-0.294922,-0.197266,-47.241211,-66.894531,10.437012
1493852605.808140,-0.647949,-0.209961,-0.031738,-41.381836,-77.026367,28.686523
1493852605.810829,-0.707031,-0.149414,-0.004883,-37.963867,-87.524414,20.996094
1493852605.813509,-0.665039,-0.074219,-0.062500,-37.353516,-92.590332,18.798828
1493852605.816187,-0.531738,-0.059570,0.091309,-36.437988,-94.299316,11.718750
1493852605.818845,-0.616699,0.120605,0.029297,-37.292480,-90.270996,7.446289
1493852605.821434,-0.603516,0.031250,0.060547,-32.226562,-81.604004,6.103516
1493852605.824111,-0.591797,0.036621,-0.016113,-30.090332,-67.687988,5.249023
1493852605.826663,-0.552246,0.058105,-0.072266,-24.353027,-51.574707,2.502441
1493852605.829310,-0.534180,0.114746,-0.148438,-20.263672,-37.414551,-0.610352
1493852605.832026,-0.573730,0.144531,-0.175293,-26.245117,-28.137207,-4.516602
1493852605.834703,-0.683594,0.151855,-0.189453,-36.315918,-25.512695,-11.901855
1493852605.837384,-0.519531,0.171387,-0.119141,-47.363281,-25.573730,-22.399902
1493852605.840099,-0.651855,0.168945,-0.113770,-53.649902,-26.916504,-31.982422
1493852605.842782,-0.682617,0.145020,-0.063965,-53.100586,-29.296875,-38.024902
1493852605.845462,-0.616699,0.083496,-0.090820,-48.461914,-30.151367,-42.602539
1493852605.848150,-0.614258,-0.004883,-0.031738,-44.616699,-27.832031,-46.325684
1493852605.850841,-0.624512,-0.040039,-0.128906,-46.386719,-24.475098,-49.011230
1493852605.853525,-0.648926,-0.114746,-0.201172,-49.072266,-21.057129,-52.429199
1493852605.856208,-0.685547,-0.120117,-0.186523,-50.048828,-19.592285,-54.199219
1493852605.858892,-0.696289,-0.094727,-0.038086,-48.645020,-20.446777,-52.917480
1493852605.861580,-0.638672,-0.053223,-0.086914,-44.738770,-23.437500,-49.682617
1493852605.864262,-0.861328,-0.070312,-0.005371,-39.123535,-27.221680,-44.006348
1493852605.866942,-0.755859,-0.057129,-0.082031,-32.470703,-29.663086,-37.780762
1493852605.869573,-0.747559,-0.040039,-0.042480,-27.709961,-29.602051,-35.522461
1493852605.872136,-0.759277,-0.052246,-0.051758,-23.010254,-28.442383,-31.860352
1493852605.874689,-0.705078,-0.078125,-0.003418,-18.493652,-23.620605,-27.893066
1493852605.877239,-0.711426,-0.029297,-0.086914,-0.244141,-20.568848,-27.221680
1493852605.879868,-0.684570,-0.029297,-0.035645,-13.671875,-17.883301,-25.512695
1493852605.882568,-0.682617,-0.030273,-0.109863,-12.634277,-17.700195,-24.169922
1493852605.885249,-0.687988,-0.044434,-0.141113,-9.277344,-18.188477,-21.545410
1493852605.887923,-0.635742,-0.023926,-0.144043,-7.568359,-18.127441,-20.202637
1493852605.890601,-0.655762,-0.041992,-0.087891,-3.845215,-18.493652,-17.639160
1493852605.893276,-0.632324,-0.027344,-0.192383,-3.112793,-18.249512,-15.014648
1493852605.895956,-0.685059,-0.033691,-0.033203,-1.403809,-18.493652,-12.756348
1493852605.898664,-0.669434,-0.026367,-0.145020,-0.671387,-19.042969,-10.437012
1493852605.901370,-0.668945,-0.006348,-0.105469,2.441406,-19.653320,-8.544922
1493852605.904053,-0.687988,-0.028320,-0.054199,3.845215,-19.653320,-7.995605
1493852605.906733,-0.661621,-0.023926,-0.087402,6.103516,-19.104004,-8.483887
1493852605.909378,-0.668457,-0.026855,-0.121094,8.117676,-18.493652,-8.666992
1493852605.911952,-0.695312,-0.019043,-0.008301,11.169434,-18.005371,-9.521484
1493852605.914498,-0.670410,0.007812,-0.165527,14.099121,-16.113281,-10.253906
1493852605.917051,-0.692871,0.000000,-0.121094,16.296387,-14.892578,-10.864258
1493852605.919623,-0.646484,0.007812,-0.053711,16.906738,-12.634277,-11.779785
1493852605.922193,-0.690430,0.013184,-0.106445,17.333984,-11.718750,-12.390137
1493852605.924745,-0.687988,0.021484,-0.250000,17.456055,-11.108398,-13.977051
1493852605.927298,-0.663574,0.028809,-0.065430,18.066406,-10.681152,-15.502930
1493852605.929921,-0.664062,-0.007324,-0.041504,19.104004,-9.277344,-15.869141
1493852605.932612,-0.651855,0.000000,-0.122559,18.859863,-8.911133,-16.906738
1493852605.935291,-0.649902,-0.022461,-0.077148,20.141602,-9.582520,-17.395020
1493852605.937980,-0.630371,0.015625,-0.093750,20.141602,-8.972168,-17.700195
1493852605.940668,-0.646484,-0.004395,-0.047852,19.470215,-7.446289,-17.028809
1493852605.943345,-0.643066,-0.012695,-0.005859,19.165039,-5.615234,-16.906738
1493852605.946023,-0.640625,0.011230,-0.160156,18.676758,-5.859375,-17.272949
1493852605.948710,-0.732910,-0.004883,-0.150879,18.798828,-5.493164,-15.258789
1493852605.951397,-0.614258,-0.013184,-0.093262,18.066406,-5.187988,-14.892578
1493852605.954079,-0.639160,0.006836,-0.072754,17.944336,-5.065918,-15.075684
1493852605.956763,-0.622559,0.007812,-0.246094,17.517090,-5.126953,-14.892578
1493852605.959552,-0.615234,0.018555,-0.146484,16.052246,-4.455566,-13.916016
1493852605.962239,-0.607422,-0.015137,-0.128906,16.540527,-5.371094,-13.916016
1493852605.964918,-0.599121,-0.010254,-0.209961,16.357422,-5.249023,-13.854980
1493852605.967597,-0.619629,-0.016602,-0.232422,13.305664,-5.676270,-13.916016
1493852605.970258,-0.610840,-0.016113,-0.158691,13.793945,-6.286621,-12.573242
1493852605.972806,-0.593262,-0.006836,-0.130859,12.512207,-6.530762,-12.573242
1493852605.975355,-0.615723,-0.052246,-0.048828,11.901855,-7.202148,-11.535645
1493852605.977928,-0.624512,-0.028809,-0.134766,11.840820,-6.896973,-11.047363
1493852605.980576,-0.591797,0.011230,-0.154785,12.573242,-6.958008,-11.108398
1493852605.983255,-0.741699,-0.022461,-0.088867,13.000488,-8.911133,-10.681152
1493852605.985931,-0.650391,-0.015137,-0.168945,12.451172,-8.544922,-10.375977
1493852605.988608,-0.615723,-0.117676,-0.111816,14.587402,-9.338379,-11.230469
1493852605.991288,-0.647949,-0.020996,-0.165527,14.526367,-9.521484,-10.314941
1493852605.993966,-0.624512,-0.010742,-0.172852,16.113281,-10.803223,-9.399414
1493852605.996644,-0.533691,-0.024414,-0.169434,16.479492,-11.962891,-9.216309
1493852605.999328,-0.641113,-0.028809,-0.125488,16.601562,-12.451172,-9.582520
1493852606.002015,-0.669434,-0.030273,-0.156250,16.845703,-13.427734,-9.399414
1493852606.004692,-0.649902,-0.027344,-0.246094,19.531250,-14.953613,-8.728027
