1493852635.201583,-0.221191,-0.135254,0.743652,53.161621,-226.013184,-622.741699
1493852635.204222,-0.341309,-0.257324,0.570312,44.494629,-141.174316,-729.797363
1493852635.206773,-0.425293,-0.582031,0.323730,42.358398,-73.974609,-753.540039
1493852635.209339,-0.586914,-0.856934,0.159668,12.023926,-29.541016,-734.741211
1493852635.211955,-0.920898,-1.116699,0.062988,-11.718750,-15.136719,-698.913574
1493852635.214557,-1.365234,-1.259277,0.010254,-45.288086,-3.967285,-650.085449
1493852635.217108,-1.570801,-1.470703,-0.039062,-60.363770,-8.361816,-590.881348
1493852635.219676,-1.737793,-1.588867,-0.089355,-22.521973,-38.879395,-516.540527
1493852635.222303,-1.860840,-1.527344,-0.058594,8.972168,-66.711426,-430.419922
1493852635.224913,-1.627930,-1.164551,-0.120605,23.559570,-80.444336,-335.876465
1493852635.227467,-1.501465,-1.031250,-0.013184,32.775879,-86.608887,-281.677246
1493852635.230063,-1.276855,-0.565430,-0.032715,48.034668,-88.623047,-184.448242
1493852635.232686,-1.097656,-0.250977,-0.096680,74.768066,-89.782715,-104.736328
1493852635.235837,-0.932617,-0.105469,-0.282715,99.304199,-91.857910,-22.216797
1493852635.238942,-0.749512,0.301270,-0.447754,128.906250,-96.618652,13.732910
1493852635.241497,-0.678223,0.491699,-0.503418,150.512695,-103.942871,33.142090
1493852635.244083,-0.554688,0.599609,-0.547363,162.780762,-116.210938,35.644531
1493852635.246671,-0.440430,0.692383,-0.692383,166.748047,-124.389648,26.672363
1493852635.249328,-0.261719,0.748535,-0.810059,163.146973,-126.953125,-39.306641
1493852635.251986,-0.089844,0.718750,-0.939941,143.920898,-124.877930,-68.786621
1493852635.254619,0.177246,0.707520,-0.878418,132.568359,-120.605469,-138.488770
1493852635.257254,0.200195,0.710938,-0.968750,96.740723,-101.196289,-205.322266
1493852635.260576,0.166504,0.428711,-1.007324,40.771484,-78.063965,-303.649902
1493852635.263265,-0.022949,0.266113,-0.966309,-36.437988,-51.269531,-363.891602
1493852635.265964,-0.291504,-0.032715,-0.796387,-116.760254,-36.987305,-397.460938
1493852635.268658,-0.486328,-0.477539,-0.539062,-173.339844,-38.574219,-404.541016
1493852635.271488,-0.768555,-0.830566,-0.336914,-204.833984,-63.598633,-396.606445
1493852635.274295,-1.185547,-1.236816,-0.015137,-208.496094,-104.248047,-371.215820
1493852635.276973,-1.417969,-1.431152,0.296875,-184.570312,-147.705078,-321.960449
1493852635.279678,-1.458984,-1.643066,0.284180,-126.342773,-188.659668,-236.206055
1493852635.282383,-1.364746,-1.593262,0.197754,-59.814453,-197.082520,-133.422852
1493852635.285067,-1.025391,-1.268066,0.161621,-12.634277,-196.960449,-26.123047
1493852635.287756,-0.716309,-0.709961,-0.022949,2.502441,-163.146973,69.580078
1493852635.290375,-0.494629,-0.341309,-0.111328,-1.464844,-127.441406,138.488770
1493852635.292924,-0.405762,0.108887,-0.009277,-8.972168,-105.834961,145.080566
1493852635.295475,-0.353027,0.308105,0.041504,-17.517090,-101.806641,130.615234
1493852635.298028,-0.358398,0.412598,0.177246,-22.216797,-106.506348,75.683594
1493852635.300586,-0.426758,0.361328,0.205078,-26.916504,-103.759766,8.056641
1493852635.303138,-0.500977,0.226562,0.279297,-18.371582,-81.909180,-39.855957
1493852635.305693,-0.609863,0.173828,0.291992,-1.159668,-75.439453,-60.607910
1493852635.308364,-0.595703,0.078613,-0.031738,-2.258301,-49.438477,-60.424805
1493852635.311033,-0.587891,0.031738,-0.166992,-8.972168,-10.253906,-53.100586
1493852635.313581,-0.567383,0.042480,-0.261719,-26.855469,14.709473,-33.813477
1493852635.316133,-0.511230,0.061523,-0.237793,-49.072266,24.414062,-42.846680
1493852635.318739,-0.606934,0.035156,-0.130371,-63.110352,18.371582,-39.916992
1493852635.321417,-0.621094,-0.006836,-0.203125,-66.162109,7.507324,-39.123535
1493852635.324102,-0.688477,-0.079102,-0.118652,-61.401367,-2.563477,-45.593262
1493852635.326787,-0.688477,-0.246094,-0.181152,-53.588867,-5.249023,-54.992676
1493852635.329487,-0.697754,-0.158203,-0.146484,-48.522949,-5.126953,-61.096191
1493852635.332425,-0.667480,-0.136719,-0.154297,-48.461914,-1.892090,-60.119629
1493852635.335346,-0.646973,-0.149902,-0.227051,-48.889160,-2.258301,-53.100586
1493852635.338163,-0.711426,-0.127930,-0.062500,-46.875000,-6.164551,-44.555664
1493852635.340775,-0.666992,-0.096191,-0.072754,-40.588379,-9.277344,-36.926270
1493852635.343444,-0.698730,-0.087402,-0.007324,-33.874512,-12.084961,-16.906738
1493852635.346115,-0.695312,-0.037109,-0.083984,-27.709961,-10.681152,-29.968262
1493852635.348689,-0.680176,-0.038574,-0.062012,-22.094727,-9.277344,-30.761719
1493852635.351383,-0.667480,-0.020996,-0.067383,-20.812988,-4.211426,-32.714844
1493852635.354062,-0.694336,-0.012695,-0.065430,-18.005371,-1.220703,-35.156250
1493852635.356614,-0.690430,-0.018555,-0.188965,-17.150879,1.708984,-36.376953
1493852635.359211,-0.687012,-0.014160,-0.169922,-18.188477,2.929688,-33.996582
1493852635.361879,-0.675293,-0.000977,-0.181641,-18.249512,2.746582,-30.334473
1493852635.364563,-0.724609,-0.026855,-0.242676,-19.897461,4.089355,-25.939941
1493852635.367565,-0.733887,-0.060547,-0.250000,-21.728516,4.272461,-22.949219
1493852635.370566,-0.709961,-0.057617,-0.205078,-19.714355,2.258301,-20.629883
1493852635.373248,-0.741211,-0.088379,-0.128418,-18.310547,-1.892090,-19.104004
1493852635.375929,-0.715820,-0.069336,-0.230469,-15.625000,-4.821777,-17.333984
1493852635.378612,-0.727539,-0.110352,-0.118652,-10.925293,-8.850098,-14.892578
1493852635.381297,-0.749512,-0.087402,-0.113281,-9.704590,-9.948730,-12.695312
1493852635.383975,-0.678711,-0.082031,-0.202148,-6.103516,-11.779785,-9.704590
1493852635.386652,-0.660156,-0.063965,-0.093262,-2.319336,-12.145996,-8.728027
1493852635.389294,-0.708008,-0.077637,-0.105469,0.427246,-10.986328,-7.080078
1493852635.391867,-0.698242,-0.061523,-0.154785,2.807617,-10.498047,-7.934570
1493852635.394411,-0.669434,-0.052246,-0.083984,5.676270,-8.300781,-9.521484
1493852635.396954,-0.685059,-0.034668,-0.127930,8.605957,-5.493164,-10.314941
1493852635.399505,-0.721680,-0.030762,-0.117188,8.972168,-2.136230,-10.559082
1493852635.402058,-0.689941,-0.010254,-0.176758,11.779785,-0.610352,-11.047363
1493852635.404607,-0.665039,-0.014648,-0.143066,10.742188,0.976562,-11.596680
1493852635.407156,-0.721191,-0.024902,-0.105469,11.535645,4.028320,-11.535645
1493852635.409748,-0.678711,-0.005371,-0.190430,13.061523,6.408691,-10.681152
1493852635.412341,-0.683105,-0.030273,-0.162598,13.427734,7.263184,-10.009766
1493852635.414892,-0.650391,-0.028809,-0.171387,13.854980,8.239746,-9.948730
1493852635.417438,-0.696289,-0.065918,-0.099609,13.977051,8.666992,-9.643555
1493852635.420127,-0.709961,-0.069824,-0.123047,14.343262,10.070801,-8.422852
1493852635.422893,-0.643066,-0.061523,-0.214844,16.357422,9.521484,-7.934570
1493852635.425573,-0.669434,-0.096680,-0.175293,20.629883,8.178711,-4.943848
1493852635.428280,-0.683105,-0.084961,-0.184570,27.893066,3.295898,-0.671387
1493852635.430983,-0.660645,-0.075195,-0.224121,30.578613,-1.220703,3.051758
1493852635.433662,-0.689941,-0.060547,-0.163574,33.691406,-5.371094,6.774902
1493852635.436342,-0.672363,-0.032715,-0.209961,31.066895,-8.056641,7.934570
1493852635.439023,-0.644531,-0.017090,-0.221680,27.526855,-7.568359,9.277344
1493852635.441707,-0.656738,-0.016602,-0.263672,25.634766,-6.713867,10.559082
1493852635.444387,-0.652344,0.004883,-0.244629,26.000977,-6.164551,12.390137
1493852635.447068,-0.745605,-0.008301,-0.213867,24.719238,-5.065918,11.535645
1493852635.449707,-0.611328,0.111816,-0.234375,21.301270,-5.676270,8.056641
1493852635.452273,-0.668457,-0.107910,-0.292969,14.892578,-5.798340,3.479004
1493852635.454818,-0.640625,-0.020996,-0.216309,11.718750,-6.591797,-1.159668
1493852635.457364,-0.628418,-0.016602,-0.203125,9.704590,-8.544922,-3.295898
1493852635.459908,-0.674805,-0.023926,-0.259277,11.047363,-8.911133,-5.920410
1493852635.462456,-0.628418,-0.052246,-0.229004,10.375977,-10.009766,-7.324219
1493852635.465004,-0.676758,-0.044434,-0.344238,12.939453,-11.291504,-7.934570
1493852635.467548,-0.634766,-0.029297,-0.245605,15.197754,-11.108398,-7.629395
1493852635.470160,-0.660645,-0.042480,-0.222656,17.395020,-9.582520,-7.263184
1493852635.472847,-0.689941,-0.012207,-0.314941,18.676758,-8.911133,-5.432129
1493852635.475525,-0.700684,0.001465,-0.336914,20.263672,-10.437012,-4.089355
1493852635.478334,-0.691406,-0.024902,-0.164062,19.958496,-13.183594,-2.990723
1493852635.481021,-0.694336,-0.014648,-0.202637,20.690918,-16.357422,-4.211426
1493852635.483713,-0.692871,-0.022461,-0.210449,24.291992,-19.226074,-5.432129
1493852635.486497,-0.721680,-0.014648,-0.126465,25.390625,-21.545410,-6.530762
1493852635.489194,-0.687012,-0.019531,-0.166992,27.709961,-23.071289,-7.385254
1493852635.491888,-0.699219,-0.026367,-0.140137,28.076172,-23.193359,-7.690430
1493852635.494573,-0.678223,-0.009277,-0.121582,26.672363,-23.254395,-7.751465
1493852635.497251,-0.683105,-0.022949,-0.117676,28.869629,-23.376465,-8.178711
1493852635.499880,-0.621094,-0.024414,-0.246582,29.113770,-21.179199,-8.483887
1493852635.502442,-0.671387,-0.021973,-0.017090,27.893066,-19.897461,-8.544922
1493852635.504991,-0.600098,-0.009277,-0.207520,28.503418,-19.714355,-8.972168
1493852635.507543,-0.561035,0.020996,-0.050293,28.442383,-18.737793,-8.850098
1493852635.510146,-0.589355,-0.011230,-0.087891,28.503418,-17.272949,-9.765625
1493852635.512830,-0.580078,0.005859,-0.106445,26.977539,-15.808105,-11.840820
1493852635.515516,-0.500977,-0.008301,-0.077637,25.695801,-14.831543,-12.756348
1493852635.518189,-0.586914,0.015137,-0.116211,23.681641,-13.366699,-14.587402
1493852635.520795,-0.596680,0.020996,-0.083984,23.437500,-12.634277,-15.747070
1493852635.523346,-0.589844,-0.024414,-0.034180,20.568848,-11.657715,-16.601562
1493852635.525896,-0.565918,-0.016602,-0.152832,20.263672,-10.375977,-17.395020
1493852635.528531,-0.578613,-0.026855,-0.091309,19.287109,-8.483887,-17.883301
1493852635.531166,-0.596680,-0.063477,-0.126953,18.310547,-7.507324,-19.653320
1493852635.533719,-0.560059,-0.036621,-0.230469,18.554688,-6.286621,-20.019531
1493852635.536269,-0.595215,-0.080078,-0.062988,17.944336,-6.225586,-20.385742
1493852635.538828,-0.595703,-0.073242,-0.181641,18.798828,-6.713867,-20.385742
1493852635.541394,-0.570801,-0.050293,-0.147949,18.005371,-6.713867,-19.592285
1493852635.543942,-0.570312,-0.106445,-0.237793,20.080566,-6.896973,-19.714355
1493852635.546489,-0.591797,-0.218262,-0.194824,20.141602,-7.629395,-18.188477
1493852635.549099,-0.640137,-0.228027,-0.154297,20.812988,-10.986328,-8.178711
1493852635.551777,-0.629883,-0.246094,-0.241211,25.146484,-19.042969,16.052246
1493852635.554462,-0.652344,-0.144043,-0.166016,29.296875,-27.648926,38.940430
1493852635.557147,-0.533691,-0.053711,-0.198730,31.860352,-33.142090,44.921875
1493852635.559833,-0.578613,0.034180,-0.235840,35.827637,-33.264160,31.005859
1493852635.562521,-0.528809,0.002441,-0.133301,36.682129,-28.259277,9.765625
1493852635.565206,-0.577637,0.019531,-0.227051,36.132812,-22.705078,-7.385254
1493852635.567892,-0.534180,0.039062,-0.157715,32.348633,-16.967773,-16.662598
1493852635.570583,-0.529297,0.037109,-0.205078,27.648926,-10.864258,-26.245117
1493852635.573267,-0.464844,-0.111328,-0.137695,21.423340,-4.028320,-33.935547
1493852635.575950,-0.498047,-0.027344,-0.242188,18.066406,1.037598,-33.813477
1493852635.578658,-0.525391,-0.058105,-0.139648,18.066406,0.854492,-27.160645
1493852635.581362,-0.537598,-0.065918,-0.158691,18.676758,0.793457,-25.390625
1493852635.584047,-0.516602,-0.083496,-0.187988,19.592285,0.061035,-27.587891
1493852635.586729,-0.598633,-0.081543,-0.158203,20.568848,1.586914,-28.808594
1493852635.589369,-0.591309,-0.091309,-0.135254,21.301270,1.831055,-28.015137
1493852635.591950,-0.585938,-0.085449,-0.207031,16.418457,1.586914,-29.541016
1493852635.594503,-0.635742,-0.074219,-0.131836,16.601562,2.014160,-45.898438
1493852635.597054,-0.612793,-0.097168,-0.162598,16.967773,4.089355,-31.921387
1493852635.599623,-0.640137,-0.057617,-0.181641,18.432617,4.211426,-30.517578
1493852635.602190,-0.680176,-0.077148,-0.169922,20.690918,2.685547,-28.137207
1493852635.604739,-0.621582,-0.060059,-0.136719,21.789551,0.793457,-25.878906
1493852635.607289,-0.640137,-0.029297,-0.156738,21.911621,0.122070,-26.489258
1493852635.609918,-0.614746,-0.041992,-0.136230,23.620605,0.732422,-26.306152
1493852635.612618,-0.635742,-0.016602,-0.160156,25.695801,-15.625000,-26.000977
1493852635.615420,-0.550781,-0.023926,-0.054688,23.925781,15.441895,-27.221680
1493852635.618112,-0.638672,-0.007324,-0.148926,22.766113,0.793457,-30.273438
1493852635.620794,-0.660645,-0.116211,-0.158203,21.240234,2.685547,-34.484863
1493852635.623466,-0.680176,0.000000,-0.241699,21.728516,3.845215,-36.376953
1493852635.626143,-0.662109,0.007324,-0.166016,19.592285,5.187988,-38.391113
1493852635.628852,-0.640625,0.004395,-0.097656,18.737793,6.958008,-40.466309
1493852635.631557,-0.709961,-0.005371,-0.145020,17.211914,8.178711,-42.297363
1493852635.634241,-0.753418,-0.019043,-0.023926,17.150879,8.178711,-42.602539
1493852635.636923,-0.694824,-0.028809,-0.090820,18.737793,7.385254,-42.846680
1493852635.639604,-0.746094,-0.076172,-0.064453,21.667480,6.225586,-43.212891
1493852635.642285,-0.734375,-0.045410,-0.116699,20.507812,5.004883,-43.640137
1493852635.644963,-0.701172,-0.029297,-0.064453,22.949219,2.563477,-43.945312
1493852635.647664,-0.757324,-0.043945,0.002930,22.705078,0.488281,-44.006348
1493852635.650300,-0.730469,-0.010742,-0.039551,23.437500,-1.892090,-44.799805
1493852635.652848,-0.708496,0.012695,-0.046387,22.705078,-3.417969,-45.410156
1493852635.655623,-0.770508,0.026367,-0.086914,22.888184,-4.089355,-61.828613
1493852635.658470,-0.769043,0.062012,-0.108887,20.874023,-4.760742,-48.828125
1493852635.661144,-0.753418,0.078125,-0.044434,20.996094,-4.150391,-52.185059
1493852635.663851,-0.780762,0.073730,-0.052246,18.066406,-3.601074,-56.335449
1493852635.666555,-0.865234,0.092773,-0.048828,15.991211,-2.807617,-60.180664
1493852635.669631,-0.761230,0.058105,-0.213867,12.451172,-2.380371,-67.687988
1493852635.672320,-0.778809,0.046875,-0.121094,11.962891,-1.464844,-72.143555
1493852635.675004,-0.840820,0.020996,-0.164062,9.765625,-0.549316,-76.354980
1493852635.677696,-0.853027,0.046387,-0.190430,6.835938,-0.488281,-80.383301
1493852635.680385,-0.854980,0.002930,-0.231934,5.371094,-0.244141,-82.458496
1493852635.683066,-0.889648,0.031250,-0.046387,6.591797,-1.770020,-85.754395
1493852635.685750,-0.890137,-0.000977,-0.148926,7.202148,-4.760742,-88.989258
1493852635.688455,-0.927246,0.047852,-0.197266,5.554199,-5.065918,-108.337402
1493852635.691164,-0.969727,0.036621,-0.111328,6.225586,-7.507324,-95.092773
1493852635.693847,-0.926758,0.034180,-0.196777,7.141113,-9.094238,-97.290039
1493852635.696530,-0.959961,-0.002930,-0.181152,7.873535,-10.681152,-100.036621
1493852635.699403,-0.909668,0.013184,-0.194824,9.338379,-12.695312,-102.661133
1493852635.702207,-1.031250,-0.009277,-0.144043,9.826660,-15.930176,-102.844238
1493852635.704763,-1.002930,-0.012695,-0.347656,14.038086,-22.094727,-99.365234
1493852635.707318,-1.010742,-0.000488,-0.271484,17.822266,-29.785156,-94.787598
1493852635.709888,-1.010742,0.005859,-0.367676,20.935059,-34.606934,-91.430664
1493852635.712453,-1.076660,0.056152,-0.278809,22.705078,-37.475586,-93.688965
1493852635.715002,-1.034180,0.071777,-0.322754,22.644043,-37.658691,-102.600098
1493852635.717551,-1.017578,0.099121,-0.255859,23.498535,-16.723633,-115.600586
1493852635.720171,-1.037109,0.086914,-0.331055,23.986816,-24.902344,-128.051758
1493852635.722856,-0.990723,0.096680,-0.363281,21.423340,-18.432617,-137.573242
1493852635.725543,-0.875488,0.082520,-0.308594,22.277832,-14.770508,-144.042969
1493852635.728248,-0.979980,0.051758,-0.304688,22.338867,-10.925293,-147.827148
1493852635.730950,-1.040527,0.034180,-0.314453,23.864746,-8.789062,-148.620605
1493852635.733630,-1.029785,0.055664,-0.361328,24.291992,-6.958008,-148.803711
1493852635.736307,-1.049805,0.056152,-0.187012,23.681641,-5.981445,-150.573730
1493852635.738964,-1.115234,0.099609,-0.226074,23.803711,-6.103516,-151.611328
1493852635.741552,-1.236328,0.111328,-0.220215,25.207520,-7.995605,-154.968262
1493852635.744102,-1.203125,0.140137,-0.162109,25.268555,-9.643555,-158.203125
1493852635.746654,-1.225098,0.162598,-0.217773,27.343750,-11.108398,-161.926270
1493852635.749228,-1.365234,0.166504,-0.212402,31.250000,-13.305664,-164.672852
1493852635.751803,-1.279297,0.185059,-0.225586,33.813477,-14.160156,-167.663574
1493852635.754489,-1.301758,0.177246,-0.334961,40.039062,-15.075684,-170.166016
1493852635.757040,-1.382324,0.193359,-0.340820,43.823242,-14.587402,-172.668457
1493852635.759641,-1.399414,0.210449,-0.369141,47.973633,-14.587402,-174.560547
1493852635.762292,-1.370117,0.221680,-0.407715,55.786133,-13.671875,-177.429199
1493852635.764936,-1.421875,0.245605,-0.458008,63.415527,-14.038086,-180.419922
1493852635.767577,-1.370117,0.297363,-0.427734,73.730469,-15.380859,-182.312012
1493852635.770244,-1.402344,0.353027,-0.427734,88.256836,-19.470215,-201.965332
1493852635.772933,-1.442383,0.410645,-0.474609,97.717285,-26.977539,-191.345215
1493852635.775619,-1.395508,0.380371,-0.437500,106.018066,-32.470703,-195.068359
1493852635.778305,-1.377441,0.555176,-0.422363,111.206055,-36.193848,-198.608398
1493852635.780993,-1.373047,0.600098,-0.484375,116.455078,-39.001465,-201.416016
1493852635.783679,-1.330566,0.629395,-0.326172,118.469238,-39.489746,-204.528809
1493852635.786362,-1.250488,0.638672,-0.362793,117.370605,-40.588379,-208.190918
1493852635.789069,-1.388672,0.673340,-0.251465,117.370605,-43.945312,-216.308594
1493852635.791777,-1.343262,0.701172,-0.310059,120.361328,-48.645020,-225.280762
1493852635.794461,-1.366699,0.685059,-0.212891,120.056152,-52.001953,-235.412598
1493852635.797142,-1.452637,0.637207,-0.220215,114.135742,-53.649902,-246.154785
1493852635.799922,-1.429199,0.597656,-0.189453,105.285645,-54.626465,-257.080078
1493852635.802560,-1.446777,0.384277,-0.213867,101.806641,-55.297852,-270.263672
1493852635.805382,-1.494141,0.275391,-0.191406,88.745117,-55.786133,-283.996582
1493852635.808223,-1.497559,0.242188,-0.145996,76.904297,-59.509277,-301.086426
1493852635.810867,-1.435547,0.052734,-0.208496,69.274902,-62.988281,-318.847656
1493852635.813554,-1.361328,-0.116699,-0.189453,65.979004,-64.697266,-335.144043
1493852635.816238,-1.355469,-0.255371,-0.220703,69.091797,-67.199707,-348.876953
1493852635.818935,-1.276855,-0.282715,-0.263184,89.477539,-69.458008,-362.670898
1493852635.821635,-1.242676,-0.297852,-0.236816,102.661133,-68.908691,-373.535156
1493852635.824320,-1.123047,-0.140625,-0.310059,117.187500,-66.345215,-376.220703
1493852635.827004,-1.206543,-0.041504,-0.282715,117.675781,-68.786621,-369.750977
1493852635.829692,-1.256348,0.114746,-0.605957,139.587402,-83.435059,-350.769043
1493852635.832381,-1.312500,0.188965,-0.442871,110.656738,-96.740723,-323.730469
1493852635.835064,-1.428223,0.244629,-0.419922,118.530273,-96.557617,-296.752930
1493852635.837750,-1.363281,0.146484,-0.520020,97.412109,-84.106445,-278.991699
1493852635.840371,-1.307129,-0.107910,-0.601074,78.674316,-75.378418,-275.390625
1493852635.842919,-1.235840,-0.106934,-0.625000,70.068359,-55.297852,-283.203125
1493852635.845469,-1.220215,-0.167480,-0.455078,68.664551,-37.841797,-297.302246
1493852635.848033,-1.161621,-0.201172,-0.460938,67.382812,-31.188965,-321.105957
1493852635.850598,-1.134766,-0.015137,-0.401855,68.115234,-36.132812,-321.533203
1493852635.853151,-1.111328,-0.052246,-0.366211,73.181152,-50.231934,-334.533691
1493852635.855705,-1.049805,0.046875,-0.410156,92.163086,-65.307617,-340.087891
1493852635.858275,-1.040527,0.169922,-0.348633,80.993652,-75.744629,-337.890625
1493852635.860844,-0.979492,0.273438,-0.422363,82.214355,-77.697754,-327.819824
1493852635.863394,-0.899902,0.481934,-0.435547,83.007812,-74.096680,-309.631348
1493852635.865944,-0.847656,0.464844,-0.509766,83.007812,-60.119629,-286.132812
1493852635.868588,-0.767090,0.519531,-0.423340,82.214355,-40.954590,-260.437012
1493852635.871302,-0.731934,0.604492,-0.372559,74.890137,-19.165039,-236.999512
1493852635.873983,-0.642090,0.604004,-0.320312,67.871094,-0.061035,-227.355957
1493852635.876665,-0.576172,0.638672,-0.412598,68.420410,15.747070,-213.867188
1493852635.879353,-0.464844,0.631348,-0.337402,83.251953,31.066895,-207.153320
1493852635.882044,-0.396484,0.604004,-0.362793,113.342285,44.433594,-188.354492
1493852635.884726,-0.322266,0.449707,-0.342773,143.249512,53.161621,-202.697754
1493852635.887404,-0.267090,0.178711,-0.332031,149.414062,54.138184,-203.308105
1493852635.890211,-0.218262,-0.237305,-0.238281,134.094238,51.574707,-209.289551
1493852635.892895,-0.145996,-0.407227,-0.090820,111.999512,48.400879,-218.811035
1493852635.895580,-0.131836,-0.700195,-0.062500,97.473145,48.522949,-228.271484
1493852635.898284,-0.094238,-0.820312,-0.018555,99.914551,51.208496,-232.666016
1493852635.900941,-0.091309,-0.875488,-0.108887,119.201660,56.457520,-225.280762
1493852635.903503,-0.099121,-0.876465,-0.080078,143.005371,61.157227,-199.707031
1493852635.906055,-0.180664,-0.782227,-0.158203,168.029785,65.856934,-159.790039
1493852635.908609,-0.225586,-0.671387,-0.164551,165.771484,80.261230,-115.539551
1493852635.911163,-0.145508,-0.531250,0.112305,169.616699,87.768555,-71.594238
1493852635.913710,-0.365234,-0.291504,-0.352051,151.916504,93.872070,-28.015137
1493852635.916257,-0.414062,-0.006836,-0.471191,116.882324,78.063965,25.512695
1493852635.918883,-0.505859,0.210938,-0.478516,58.532715,30.517578,55.908203
1493852635.921510,-0.566406,0.295898,-0.368652,-1.770020,-34.484863,81.359863
1493852635.924076,-0.444824,0.330566,0.000000,-36.682129,-76.782227,110.290527
1493852635.926673,-0.409180,0.289551,0.071289,-33.874512,-92.041016,125.976562
1493852635.929320,-0.399414,0.303711,-0.004883,-7.934570,-86.914062,135.620117
1493852635.932008,-0.377441,0.284668,-0.027344,13.427734,-72.692871,141.540527
1493852635.934694,-0.344238,0.281738,-0.003906,6.225586,-59.326172,147.338867
1493852635.937375,-0.308594,0.334961,-0.120605,-3.723145,-51.513672,152.832031
1493852635.940096,-0.260742,0.412598,-0.039551,-16.540527,-44.433594,159.484863
1493852635.942783,-0.164551,0.621582,-0.047852,-23.620605,-33.081055,165.771484
1493852635.945465,-0.120117,0.601562,-0.082031,-26.184082,-21.789551,170.043945
1493852635.948147,-0.123535,0.669922,-0.062012,-25.329590,-60.180664,170.043945
1493852635.950835,-0.004883,0.718750,-0.078125,-27.221680,-2.807617,163.574219
1493852635.953516,0.031738,0.736816,-0.150391,-27.587891,13.793945,152.893066
1493852635.956192,0.065430,0.628418,-0.077148,-33.752441,4.150391,136.840820
1493852635.958859,0.087402,0.710449,-0.089355,-41.198730,11.779785,119.384766
1493852635.961460,0.095215,0.663086,-0.061523,-46.325684,18.798828,102.172852
1493852635.964029,0.084961,0.609375,-0.049805,-48.339844,26.306152,88.073730
1493852635.966663,0.040527,0.536621,-0.097168,-49.926758,33.630371,67.016602
1493852635.969299,0.013672,0.478027,-0.115234,-51.269531,38.635254,74.401855
1493852635.971871,-0.045410,0.382812,-0.044922,-52.856445,43.762207,71.716309
1493852635.974421,-0.048340,0.356934,-0.087402,-53.710938,45.837402,72.021484
1493852635.976970,-0.114746,0.266113,-0.046387,-52.734375,48.645020,75.012207
1493852635.979583,-0.190430,0.201172,-0.076172,-50.598145,50.415039,78.369141
1493852635.982198,-0.154297,0.218262,-0.093262,-48.461914,50.537109,82.824707
1493852635.984751,-0.202637,0.156250,-0.008789,-45.898438,51.818848,87.707520
1493852635.987301,-0.210449,0.138672,-0.101562,-44.860840,51.757812,95.275879
1493852635.989974,-0.235840,0.125488,-0.130859,-42.480469,53.039551,106.506348
1493852635.992720,-0.231934,0.013184,-0.088867,-43.273926,53.344727,118.041992
1493852635.995404,-0.192383,0.118652,-0.128418,-43.212891,53.344727,129.211426
1493852635.998086,-0.194824,0.103027,-0.079590,-45.593262,52.368164,138.793945
1493852636.000698,-0.210449,0.099121,-0.132812,-48.889160,51.147461,142.395020
1493852636.003251,-0.152344,0.144531,-0.121582,-49.682617,50.598145,151.245117
1493852636.005803,-0.183594,0.100586,-0.114746,-51.330566,48.767090,160.095215
1493852636.008404,-0.175293,0.125000,-0.147949,-52.673340,48.034668,167.785645
1493852636.011005,-0.182129,0.106934,-0.073730,-55.297852,46.081543,176.513672
1493852636.013559,-0.220215,0.126953,-0.103027,-56.579590,44.921875,185.241699
1493852636.016109,-0.211914,0.125488,-0.100586,-58.959961,44.799805,194.274902
1493852636.018764,-0.133789,0.116699,-0.068359,-60.852051,44.189453,202.026367
1493852636.021492,-0.270996,0.015625,-0.062012,-62.683105,45.532227,209.716797
1493852636.024179,-0.251465,0.132812,-0.095703,-62.866211,45.654297,216.308594
1493852636.026986,-0.287109,0.134277,-0.093262,-61.157227,46.386719,222.412109
1493852636.029628,-0.282715,0.129883,-0.035156,-62.255859,49.377441,229.858398
1493852636.032198,-0.278320,0.149902,-0.062988,-62.866211,53.405762,237.609863
1493852636.034750,-0.330078,0.153809,-0.048828,-60.668945,57.128906,241.638184
1493852636.037301,-0.314453,0.175781,-0.080566,-59.753418,58.715820,249.877930
1493852636.039932,-0.319824,0.186523,-0.046387,-55.419922,59.387207,254.821777
1493852636.042633,-0.296387,0.203125,-0.062012,-51.757812,60.424805,259.521484
1493852636.045311,-0.341797,0.244141,-0.072754,-48.950195,63.049316,263.000488
1493852636.047995,-0.325684,0.236328,-0.065430,-47.363281,65.490723,266.296387
1493852636.050679,-0.380859,0.240234,-0.026367,-45.654297,68.359375,269.836426
1493852636.053362,-0.475586,0.251953,-0.101074,-42.907715,71.838379,273.010254
1493852636.056047,-0.491211,0.253418,-0.062012,-41.992188,74.157715,277.099609
1493852636.058738,-0.378906,0.260254,-0.052246,-41.931152,76.965332,279.846191
1493852636.061433,-0.431152,0.283691,-0.108398,-39.245605,79.345703,282.287598
1493852636.064121,-0.376465,0.279297,-0.117188,-36.560059,81.665039,284.179688
1493852636.066804,-0.474121,0.300293,-0.121094,-35.644531,82.153320,286.010742
1493852636.069498,-0.592285,0.330566,-0.052734,-34.423828,83.129883,287.658691
1493852636.072187,-0.499512,0.306152,-0.138184,-33.142090,82.275391,288.818359
1493852636.074875,-0.542969,0.312012,-0.227051,-31.127930,83.007812,289.611816
1493852636.077564,-0.539551,0.298828,-0.092773,-30.395508,83.251953,291.442871
1493852636.080184,-0.525391,0.317871,-0.104980,-30.700684,83.557129,293.334961
1493852636.082740,-0.603027,0.300781,-0.062012,-30.944824,84.045410,295.166016
1493852636.085295,-0.588867,0.296875,-0.123535,-31.860352,84.716797,311.523438
1493852636.087852,-0.708496,0.278809,-0.117188,-31.066895,84.228516,298.217773
1493852636.090480,-0.525391,0.270996,-0.085449,-30.029297,84.289551,301.391602
1493852636.093164,-0.746582,0.166504,-0.178711,-30.334473,83.801270,303.039551
1493852636.095847,-0.625000,0.260254,-0.060547,-30.151367,83.129883,305.969238
1493852636.098537,-0.667480,0.248047,-0.003418,-30.090332,83.862305,309.936523
1493852636.101228,-0.694336,0.238770,-0.131836,-30.029297,83.801270,313.598633
1493852636.103911,-0.694336,0.251953,-0.135254,-28.869629,83.190918,316.711426
1493852636.106593,-0.687012,0.264648,-0.064453,-28.747559,82.641602,320.129395
1493852636.109281,-0.709961,0.125000,-0.128906,-29.541016,82.336426,323.425293
1493852636.111969,-0.729492,0.243652,-0.238770,-28.991699,82.885742,327.514648
1493852636.114650,-0.765625,0.267578,-0.137695,-29.479980,84.289551,332.275391
1493852636.117331,-0.724609,0.251465,-0.091309,-29.602051,85.144043,336.364746
1493852636.120014,-0.774414,0.247559,-0.166504,-29.174805,87.585449,339.660645
1493852636.122694,-0.792969,0.257324,-0.076172,-28.869629,89.050293,342.468262
1493852636.125374,-0.789062,0.276855,-0.093750,-30.883789,91.247559,344.604492
1493852636.128065,-0.784180,0.300781,-0.234375,-30.334473,92.285156,346.740723
1493852636.130689,-0.846191,0.284668,-0.076172,-31.677246,109.069824,350.158691
1493852636.133242,-0.860840,0.314453,-0.131836,-32.653809,94.421387,354.125977
1493852636.135795,-0.909180,0.320312,-0.123535,-32.653809,94.665527,356.384277
1493852636.138371,-0.899414,0.351074,-0.054199,-32.287598,94.726562,357.727051
1493852636.141016,-0.963867,0.363770,-0.186523,-32.958984,95.520020,359.375000
1493852636.143700,-1.005859,0.391113,-0.066406,-33.874512,95.703125,359.680176
1493852636.146382,-1.060547,0.375000,-0.158203,-34.240723,96.313477,360.229492
1493852636.149074,-1.075195,0.406738,-0.152344,-38.879395,97.167969,359.985352
1493852636.151766,-1.177734,0.359863,-0.177734,-40.161133,98.937988,358.459473
1493852636.154449,-1.181641,0.373535,-0.218262,-39.550781,101.135254,356.811523
1493852636.157130,-1.205078,0.335938,-0.192383,-39.978027,103.759766,354.919434
1493852636.159813,-1.261230,0.334961,-0.218262,-39.733887,104.614258,353.820801
1493852636.162599,-1.331055,0.303711,-0.308594,-41.748047,103.759766,352.905273
1493852636.165284,-1.337402,0.324707,-0.337891,-45.898438,101.013184,350.219727
1493852636.167969,-1.399902,0.344238,-0.261230,-50.842285,93.933105,343.994141
1493852636.170654,-1.453613,0.363770,-0.310059,-53.466797,86.914062,336.425781
1493852636.173332,-1.467285,0.351074,-0.305176,-55.419922,85.388184,328.857422
1493852636.176012,-1.483887,0.300781,-0.352051,-55.114746,91.247559,323.791504
1493852636.178671,-1.540527,0.242676,-0.424316,-55.358887,99.609375,322.509766
1493852636.181264,-1.523438,0.233887,-0.419434,-56.274414,104.003906,323.974609
1493852636.183819,-1.579590,0.158203,-0.388184,-61.218262,113.098145,326.354980
1493852636.186373,-1.636719,0.109863,-0.457031,-67.321777,120.971680,328.552246
1493852636.188976,-1.667969,0.034180,-0.460938,-71.411133,125.244141,328.125000
1493852636.191650,-1.754883,-0.006348,-0.488281,-73.547363,126.464844,325.805664
1493852636.194334,-1.781250,-0.051758,-0.576660,-76.538086,125.976562,324.279785
1493852636.197015,-1.879883,-0.141602,-0.492188,-76.599121,122.924805,321.228027
1493852636.199706,-1.945801,-0.229980,-0.429688,-74.645996,118.652344,318.908691
1493852636.202394,-1.976074,-0.334961,-0.543945,-72.753906,116.027832,318.420410
1493852636.205079,-1.970215,-0.385742,-0.504883,-67.443848,115.295410,321.533203
1493852636.207766,-1.878418,-0.505371,-0.443848,-63.476562,116.333008,327.697754
1493852636.210382,-1.960449,-0.587402,-0.412598,-58.837891,119.079590,336.059570
1493852636.212932,-1.852051,-0.664062,-0.367676,-56.701660,121.765137,345.520020
1493852636.215483,-1.856445,-0.698730,-0.431641,-51.452637,124.511719,350.097656
1493852636.218053,-1.781250,-0.720215,-0.441895,-45.471191,124.511719,351.806641
1493852636.220696,-1.750977,-0.711914,-0.384277,-38.818359,120.910645,351.318359
1493852636.223380,-1.679199,-0.681152,-0.408691,-33.813477,116.638184,344.543457
1493852636.226066,-1.654297,-0.690918,-0.421875,-31.555176,113.098145,334.289551
1493852636.228731,-1.625000,-0.706055,-0.394531,-32.836914,113.708496,321.533203
1493852636.231324,-1.504883,-0.777344,-0.359375,-37.536621,115.661621,306.457520
1493852636.233876,-1.560547,-0.826660,-0.340820,-40.100098,117.370605,283.203125
1493852636.236427,-1.576660,-0.889648,-0.321777,-41.809082,119.995117,284.545898
1493852636.239015,-1.576660,-1.000488,-0.294922,-43.762207,123.596191,268.798828
1493852636.241673,-1.583008,-1.097168,-0.224121,-44.799805,126.892090,252.929688
1493852636.244351,-1.540527,-1.198730,-0.101074,-47.668457,129.638672,236.938477
1493852636.247032,-1.588867,-1.367676,-0.072754,-48.950195,130.004883,219.421387
1493852636.249716,-1.552246,-1.397461,0.082031,-51.940918,125.488281,201.477051
1493852636.252399,-1.598633,-1.473633,0.226074,-56.274414,119.506836,188.537598
1493852636.255078,-1.586914,-1.575195,0.464355,-62.927246,114.929199,181.152344
1493852636.257766,-1.605469,-1.637695,0.400391,-67.504883,111.145020,176.757812
1493852636.260454,-1.550781,-1.767578,0.413574,-61.767578,107.421875,174.804688
1493852636.263134,-1.551758,-1.857910,0.341309,-53.344727,99.304199,171.875000
1493852636.265816,-1.407227,-1.955078,0.231445,-50.048828,88.806152,162.780762
1493852636.268504,-1.316406,-2.087891,0.149414,-53.955078,77.819824,144.836426
1493852636.271190,-1.226562,-2.224609,0.088379,-63.720703,72.570801,121.154785
1493852636.273872,-1.099609,-2.296387,0.054199,-75.134277,48.400879,94.604492
1493852636.276552,-1.008789,-2.337891,0.044434,-79.406738,59.020996,68.420410
1493852636.279225,-0.979492,-2.347168,0.067383,-81.420898,54.199219,41.992188
1493852636.281830,-0.913574,-2.060547,-0.056641,-73.730469,42.114258,6.774902
1493852636.284380,-0.877441,-1.947266,-0.070801,-76.904297,26.855469,-45.837402
1493852636.286930,-0.883789,-1.665039,-0.160645,-81.481934,14.221191,-87.585449
1493852636.289538,-0.668457,-1.174805,-0.287598,-88.378906,-5.615234,-117.248535
1493852636.292216,-0.803711,-1.664062,-0.244141,-100.219727,-49.682617,-205.444336
1493852636.294899,-1.027344,-1.956055,0.091797,-116.149902,-117.004395,-243.347168
1493852636.297580,-1.328125,-2.084961,0.076172,-121.826172,-141.174316,-235.961914
1493852636.300419,-1.425293,-1.828613,0.056152,-89.599609,-87.341309,-202.697754
1493852636.303011,-1.312988,-1.673828,0.029297,-51.879883,-4.577637,-172.119141
1493852636.305558,-1.250000,-1.675781,0.030762,-19.775391,19.714355,-139.404297
1493852636.308148,-1.141113,-1.554688,-0.030273,-9.948730,-9.887695,-112.548828
1493852636.310801,-1.172852,-1.288574,-0.136719,6.835938,-32.775879,-121.093750
1493852636.313514,-1.324219,-0.989258,-0.954590,-0.549316,-30.029297,-152.770996
1493852636.316284,-1.201660,-0.606934,-0.202148,38.818359,35.644531,-185.791016
1493852636.319005,-1.083008,-0.217773,-0.102051,36.926270,125.976562,-185.668945
1493852636.321656,-0.951660,0.325684,0.544434,51.513672,216.247559,-142.517090
1493852636.324302,-1.121582,0.897461,-0.010742,59.204102,226.013184,-75.439453
1493852636.326987,-1.201660,1.687988,-0.526855,91.918945,249.267578,-2.258301
1493852636.329637,-1.378906,2.129395,-0.410645,144.042969,265.014648,68.176270
1493852636.332220,-1.590820,2.733398,-0.339844,210.632324,228.515625,127.746582
1493852636.334770,-3.139160,3.769531,-0.270996,190.429688,198.669434,125.549316
1493852636.337323,-3.854980,3.967285,-0.061523,145.996094,152.770996,112.060547
1493852636.339950,-2.610352,3.057129,-0.288574,99.670410,90.270996,16.601562
1493852636.342646,-0.616699,1.999023,-0.330078,73.669434,-9.826660,-98.449707
1493852636.345330,0.769531,1.209961,-0.534668,96.923828,-141.723633,-183.959961
1493852636.348017,1.124023,0.630859,-0.375000,138.000488,-256.164551,-263.977051
1493852636.350710,0.721680,0.083496,0.127441,138.610840,-309.997559,-382.080078
1493852636.353594,0.166016,-0.373047,0.785156,103.515625,-266.235352,-637.939453
1493852636.356477,-0.196289,-0.388672,0.909180,83.007812,-152.893066,-745.910645
1493852636.359176,-0.358887,-0.589844,0.386719,86.975098,-39.001465,-770.019531
1493852636.361869,-0.615723,-0.927734,-0.106934,77.636719,40.954590,-774.780273
1493852636.364554,-1.070801,-1.101074,-0.321777,39.672852,72.509766,-758.239746
1493852636.367244,-1.471680,-1.302734,-0.533203,5.676270,54.992676,-726.745605
1493852636.369936,-1.634277,-1.403809,-0.373535,-6.408691,29.418945,-684.631348
1493852636.372623,-1.812988,-1.539551,-0.324707,9.521484,-37.780762,-632.019043
1493852636.375304,-1.833496,-1.651855,-0.173340,42.297363,-105.407715,-553.344727
1493852636.377985,-1.770996,-1.552734,0.005371,65.734863,-150.695801,-449.096680
1493852636.380599,-1.723633,-1.294434,0.055664,72.265625,-162.902832,-331.909180
1493852636.383150,-1.475098,-0.955566,0.098633,81.542969,-152.099609,-223.876953
1493852636.385700,-1.220215,-0.579590,0.045898,99.060059,-147.705078,-130.798340
1493852636.388282,-0.967285,-0.210449,-0.201172,129.028320,-139.953613,-58.654785
1493852636.390862,-0.818848,0.041504,-0.337402,158.386230,-131.652832,-10.803223
1493852636.393416,-0.713867,0.268066,-0.525391,187.561035,-125.915527,2.380371
1493852636.395969,-0.511719,0.547363,-0.804199,201.721191,-122.009277,8.544922
1493852636.398582,-0.480469,0.770020,-1.039062,208.251953,-121.215820,0.427246
1493852636.401203,-0.311035,0.984375,-1.229492,197.265625,-119.628906,-10.131836
1493852636.403759,-0.121094,0.635254,-1.311035,167.724609,-121.520996,-31.372070
1493852636.406309,-0.071777,0.623535,-1.232422,141.357422,-124.023438,-82.763672
1493852636.408956,0.095703,0.574219,-1.158691,58.288574,-128.723145,-151.977539
1493852636.411655,0.150391,0.354004,-0.925781,-29.968262,-152.404785,-223.205566
1493852636.414368,-0.009277,0.043457,-0.416504,-101.745605,-156.250000,-292.785645
1493852636.417101,-0.356934,-0.274902,-0.138672,-157.104492,-161.376953,-345.153809
1493852636.419739,-0.544922,-0.625977,0.162109,-200.561523,-165.100098,-373.291016
1493852636.422307,-0.800293,-0.907715,0.360352,-214.904785,-161.193848,-371.398926
1493852636.424859,-0.918945,-1.210938,0.298828,-194.885254,-149.353027,-332.519531
1493852636.427406,-1.060059,-1.451172,0.417480,-143.676758,-134.094238,-251.770020
1493852636.430018,-1.156250,-1.532227,0.255371,-81.909180,-111.633301,-212.463379
1493852636.432828,-1.128418,-1.320801,-0.002930,-44.311523,-86.669922,-65.551758
1493852636.435513,-0.965820,-1.032227,-0.193359,-28.747559,-90.209961,6.835938
1493852636.438198,-0.844727,-0.615234,-0.354004,-34.606934,-93.566895,38.452148
1493852636.440886,-0.855469,-0.211914,-0.214355,-41.809082,-103.271484,79.345703
1493852636.443569,-0.675781,0.002930,-0.082031,-46.752930,-120.483398,97.900391
1493852636.446254,-0.653809,0.334961,0.059570,-44.189453,-138.977051,90.148926
1493852636.448940,-0.496094,0.501953,0.044434,-36.743164,-152.893066,58.837891
1493852636.451627,-0.294434,0.479004,0.253418,-22.399902,-150.024414,21.728516
1493852636.454312,-0.388672,0.279297,0.127441,-3.234863,-128.112793,-8.666992
1493852636.456990,-0.450684,0.115234,0.062012,4.150391,-94.421387,-30.883789
1493852636.459681,-0.455566,0.064453,-0.089844,6.652832,-63.842773,-46.997070
1493852636.462367,-0.556152,0.046387,-0.228027,-28.564453,-25.207520,-54.321289
1493852636.465049,-0.546387,0.043457,-0.126465,-55.908203,-5.981445,-57.434082
1493852636.467733,-0.512695,0.064453,-0.132812,-75.622559,7.385254,-58.898926
1493852636.470349,-0.661621,0.089355,-0.087402,-69.030762,7.629395,-57.006836
1493852636.472901,-0.632812,0.038086,-0.203125,-72.570801,6.225586,-56.579590
1493852636.475453,-0.665039,-0.010254,-0.116699,-75.073242,3.723145,-60.913086
1493852636.478078,-0.517090,-0.085449,-0.163574,-74.829102,3.479004,-65.917969
1493852636.480707,-0.645996,-0.139648,-0.205078,-74.279785,6.408691,-67.932129
1493852636.483253,-0.646973,-0.193359,-0.126953,-72.021484,7.568359,-70.007324
1493852636.485801,-0.664062,-0.178711,-0.175293,-67.016602,6.225586,-69.763184
1493852636.488380,-0.680176,-0.197754,-0.038086,-62.438965,-0.427246,-65.429688
1493852636.491019,-0.711914,-0.174316,-0.015625,-59.020996,-9.399414,-58.166504
1493852636.493684,-0.732422,-0.174316,-0.071777,-32.165527,-15.686035,-52.551270
1493852636.496351,-0.715820,-0.162598,-0.071777,-20.874023,-20.141602,-47.302246
1493852636.499024,-0.641602,-0.153320,-0.106445,-26.000977,-21.606445,-41.992188
1493852636.501699,-0.834961,-0.128906,-0.109375,-21.057129,-21.240234,-39.062500
1493852636.504365,-0.720215,-0.122559,-0.096680,-18.859863,-19.470215,-37.902832
1493852636.507035,-0.765137,-0.058594,-0.037598,-16.296387,-18.981934,-36.315918
1493852636.509701,-0.722656,-0.047363,-0.227051,-15.380859,-18.554688,-36.315918
1493852636.512351,-0.737793,-0.011230,-0.210938,-11.779785,-19.653320,-38.208008
1493852636.515031,-0.700684,-0.014160,-0.113770,-8.239746,-23.071289,-41.809082
1493852636.517734,-0.741699,-0.032715,-0.209961,-5.676270,-24.291992,-43.334961
1493852636.520422,-0.690918,-0.060059,-0.134277,-2.258301,-25.634766,-42.602539
1493852636.523105,-0.680176,-0.084473,-0.022949,-2.197266,-23.864746,-39.184570
1493852636.525785,-0.652832,-0.097168,-0.164062,-5.187988,-20.812988,-35.400391
1493852636.528455,-0.658691,-0.121094,-0.183594,-2.075195,-17.944336,-33.081055
1493852636.531054,-0.646484,-0.104980,-0.103027,0.732422,-13.305664,-32.775879
1493852636.533602,-0.640625,-0.125977,-0.186523,2.380371,-9.704590,-30.822754
1493852636.536150,-0.548340,-0.116211,-0.123047,5.615234,-7.812500,-30.395508
1493852636.538747,-0.748535,-0.099121,-0.187012,6.774902,-7.324219,-30.334473
1493852636.541413,-0.738281,-0.097656,-0.099609,9.399414,-5.920410,-29.052734
1493852636.544095,-0.617676,-0.071777,-0.099609,12.023926,-5.065918,-26.062012
1493852636.546774,-0.625000,-0.104004,-0.054199,29.968262,-4.028320,-22.705078
1493852636.549479,-0.653809,-0.046387,-0.158691,16.418457,-2.380371,-20.080566
1493852636.552182,-0.640137,-0.034180,-0.091797,16.296387,-1.159668,-19.042969
1493852636.554860,-0.742188,-0.056152,-0.125000,17.639160,1.342773,-17.578125
1493852636.557544,-0.646484,-0.047363,-0.111816,16.418457,2.929688,-17.639160
1493852636.560235,-0.703125,-0.065430,-0.140625,16.723633,4.211426,-18.676758
1493852636.562923,-0.656738,-0.020508,-0.222168,17.456055,4.821777,-19.042969
1493852636.565608,-0.649902,-0.060059,-0.080566,15.930176,5.920410,-18.920898
1493852636.568308,-0.681152,-0.063965,-0.135254,15.380859,7.019043,-18.798828
1493852636.571119,-0.677246,-0.080078,-0.025391,17.272949,7.263184,-18.188477
1493852636.573804,-0.676758,-0.073730,-0.228516,18.005371,8.422852,-16.235352
1493852636.576487,-0.678711,-0.126465,-0.087402,21.911621,5.737305,-13.793945
1493852636.579144,-0.646973,-0.097656,-0.148438,27.099609,-14.831543,-10.192871
1493852636.581731,-0.680664,-0.090820,-0.135254,29.296875,-3.845215,-6.042480
1493852636.584280,-0.666504,-0.050781,-0.148926,28.259277,-5.310059,-3.906250
1493852636.586830,-0.632812,-0.062012,-0.176758,21.789551,-1.708984,-1.403809
1493852636.589378,-0.531738,-0.046387,-0.103516,20.324707,1.892090,-0.183105
1493852636.591928,-0.601074,-0.023926,-0.149902,20.019531,5.798340,0.427246
1493852636.594473,-0.502930,-0.071777,-0.141113,17.578125,10.131836,-0.427246
1493852636.597019,-0.590820,-0.044434,-0.202637,16.540527,12.023926,-2.929688
1493852636.599624,-0.552734,-0.037109,-0.216797,14.343262,30.639648,-6.591797
1493852636.602304,-0.581543,-0.057617,-0.219238,10.986328,18.127441,-9.887695
1493852636.604983,-0.623047,-0.063477,-0.224609,9.338379,20.935059,-11.230469
1493852636.607669,-0.633301,-0.029297,-0.191406,7.568359,19.958496,-12.329102
1493852636.610356,-0.676758,-0.060547,-0.224121,5.249023,17.089844,-12.268066
1493852636.613042,-0.704102,-0.034668,-0.138184,4.516602,11.352539,-12.573242
1493852636.615729,-0.716797,-0.063965,-0.200684,5.920410,6.652832,-10.559082
1493852636.618413,-0.743164,-0.079590,-0.187500,9.094238,2.563477,-7.629395
1493852636.621097,-0.767090,-0.084961,-0.166992,13.183594,0.427246,-4.699707
1493852636.623777,-0.726074,-0.096191,-0.216309,16.479492,-2.136230,-2.929688
1493852636.626455,-0.851562,-0.084473,-0.212402,18.249512,-4.821777,-1.220703
1493852636.629140,-0.667480,-0.111328,-0.165527,19.897461,-5.981445,-1.342773
1493852636.631819,-0.776855,-0.075684,-0.205078,21.972656,-7.202148,-2.502441
1493852636.634496,-0.722656,-0.082031,-0.188965,22.583008,-6.896973,-3.479004
1493852636.637172,-0.735840,-0.088379,-0.226074,24.169922,-8.911133,-4.577637
1493852636.639814,-0.709473,-0.055664,-0.229980,27.221680,-10.681152,-4.699707
1493852636.642390,-0.673340,-0.037109,-0.154297,28.442383,-11.352539,-5.187988
1493852636.644940,-0.692383,-0.025879,-0.207031,29.785156,-11.962891,-5.187988
1493852636.647498,-0.638672,0.003418,-0.195312,29.235840,-12.390137,-4.882812
1493852636.650116,-0.655762,-0.021973,-0.208984,29.052734,-10.681152,-3.967285
1493852636.652776,-0.631348,-0.015137,-0.124512,29.602051,-11.413574,-4.516602
1493852636.655442,-0.529785,-0.034180,-0.200195,29.602051,-10.498047,-6.164551
1493852636.658104,-0.620605,-0.008789,-0.163574,28.747559,-9.338379,-7.080078
1493852636.660757,-0.636230,-0.021973,-0.013672,27.343750,-7.629395,-8.666992
1493852636.663396,-0.589844,-0.054199,-0.173340,27.832031,-7.934570,-9.277344
1493852636.666033,-0.640137,-0.086914,-0.150879,27.832031,-8.666992,-7.629395
1493852636.668693,-0.606934,-0.110352,-0.169922,28.137207,-13.305664,-2.929688
1493852636.671379,-0.513184,-0.084473,-0.098633,32.775879,-17.089844,3.479004
1493852636.674057,-0.630859,-0.092773,-0.160645,36.132812,-19.104004,7.690430
1493852636.676739,-0.655762,-0.043457,-0.147949,38.024902,-19.592285,8.728027
1493852636.679381,-0.612793,-0.019531,-0.233398,38.391113,-18.188477,7.324219
1493852636.681954,-0.649902,0.007812,-0.010254,35.034180,-16.235352,2.380371
1493852636.684507,-0.644531,0.041016,-0.130371,33.569336,-14.343262,-3.601074
1493852636.687057,-0.625977,0.031738,-0.124512,30.090332,-12.634277,-9.521484
1493852636.689688,-0.644531,0.019531,-0.128906,28.930664,-11.840820,-15.258789
1493852636.692394,-0.692871,0.025391,-0.145996,25.573730,-10.681152,-19.531250
1493852636.695072,-0.504883,-0.008301,-0.156738,22.644043,-8.850098,-22.888184
1493852636.697760,-0.599121,-0.012695,-0.069336,20.935059,-8.483887,-24.536133
1493852636.700449,-0.574219,-0.043945,-0.033691,21.850586,-7.507324,-24.841309
1493852636.703130,-0.564453,-0.069336,-0.226562,23.132324,-4.943848,-24.353027
1493852636.705810,-0.573730,-0.073242,-0.134277,23.803711,-3.356934,-24.047852
1493852636.708609,-0.572266,-0.078125,-0.169434,23.010254,-0.549316,-23.376465
1493852636.711303,-0.567871,-0.062988,-0.077637,22.460938,1.831055,-23.315430
1493852636.713986,-0.550781,-0.077148,-0.089844,22.766113,3.540039,-23.498535
1493852636.716666,-0.578125,-0.115234,-0.111328,23.803711,4.211426,-23.498535
1493852636.719313,-0.562500,-0.058105,-0.145020,23.864746,6.225586,-23.681641
1493852636.721890,-0.597168,-0.114258,-0.074219,22.583008,6.774902,-23.681641
1493852636.724437,-0.595215,-0.096680,-0.174805,23.376465,6.652832,-24.169922
1493852636.726986,-0.569824,-0.089355,-0.087402,24.780273,7.019043,-23.559570
1493852636.729539,-0.565918,-0.109375,-0.123047,24.291992,8.239746,-24.169922
1493852636.732096,-0.610840,-0.076172,-0.170898,23.437500,8.483887,-24.780273
1493852636.734644,-0.597656,-0.112305,-0.099121,24.658203,9.399414,-24.475098
1493852636.737189,-0.583496,-0.086914,-0.193359,24.780273,11.535645,-25.634766
1493852636.739799,-0.511719,-0.101074,-0.118652,26.489258,12.756348,-26.245117
1493852636.742481,-0.574219,-0.110840,-0.211914,26.672363,14.099121,-26.245117
1493852636.745162,-0.626465,-0.092773,-0.168945,28.137207,13.000488,-25.817871
1493852636.747871,-0.585449,-0.108398,-0.169434,29.296875,12.573242,-25.573730
1493852636.750578,-0.636230,-0.102539,-0.152832,28.869629,10.864258,-25.207520
1493852636.753263,-0.726562,-0.087402,-0.181641,29.663086,11.169434,-25.329590
1493852636.755948,-0.615234,-0.116699,-0.136230,31.188965,11.047363,-25.878906
1493852636.758653,-0.614746,-0.063965,-0.170898,29.907227,11.352539,-27.343750
1493852636.761362,-0.606445,-0.066406,-0.150391,28.381348,11.291504,-28.747559
1493852636.764050,-0.615234,-0.086426,-0.121582,29.907227,12.390137,-46.325684
1493852636.766735,-0.517090,-0.089355,-0.118652,31.433105,11.840820,-32.592773
1493852636.769422,-0.710449,-0.077637,-0.128906,29.296875,13.916016,-34.301758
1493852636.772108,-0.614258,-0.086426,-0.091309,28.198242,13.122559,-35.522461
1493852636.774796,-0.643066,-0.050781,-0.048340,27.648926,13.061523,-35.888672
1493852636.777483,-0.594727,-0.043945,-0.029297,28.442383,11.840820,-36.315918
1493852636.780113,-0.530762,-0.044434,-0.103516,28.076172,10.986328,-36.621094
1493852636.782667,-0.639160,-0.032715,-0.012207,28.076172,10.192871,-37.658691
1493852636.785219,-0.634766,-0.036621,-0.120605,26.855469,9.887695,-38.879395
1493852636.787779,-0.648438,-0.011230,-0.042480,25.573730,9.704590,-40.405273
1493852636.790411,-0.704102,-0.021973,-0.082031,22.705078,9.399414,-40.161133
1493852636.793091,-0.687988,-0.055176,-0.097168,21.362305,8.605957,-37.414551
1493852636.795772,-0.714844,-0.072754,-0.098633,20.690918,5.676270,-31.799316
1493852636.798480,-0.783203,-0.041504,-0.019531,20.812988,1.708984,-27.893066
1493852636.801188,-0.756836,-0.019531,-0.168457,19.653320,-1.342773,-25.207520
1493852636.803875,-0.786133,-0.025879,-0.120605,19.348145,-5.798340,-26.733398
1493852636.806560,-0.804688,0.041016,-0.173828,20.690918,-8.972168,-33.081055
1493852636.809263,-0.839844,0.054199,-0.162598,19.165039,-10.559082,-43.212891
1493852636.811972,-0.798340,0.075684,-0.141113,18.066406,-8.422852,-54.870605
1493852636.814660,-0.854980,0.100586,-0.134766,15.747070,-5.737305,-76.782227
1493852636.817350,-0.837402,0.076172,-0.207031,11.230469,-2.014160,-89.660645
1493852636.820073,-0.850586,0.103516,-0.224609,9.582520,0.976562,-85.510254
1493852636.822786,-0.862793,0.105469,-0.130859,6.469727,2.624512,-95.336914
1493852636.825463,-0.878418,0.089844,-0.235840,5.065918,6.164551,-103.881836
1493852636.828135,-0.916992,0.038086,-0.231445,8.300781,11.352539,-111.328125
1493852636.830742,-0.917969,0.015137,-0.179199,10.009766,15.441895,-114.746094
1493852636.833301,-0.918945,-0.014648,-0.250488,6.958008,15.197754,-114.685059
1493852636.835853,-0.977051,-0.066406,-0.308105,5.676270,9.399414,-110.656738
1493852636.838405,-0.962402,-0.067871,-0.197754,4.943848,-11.962891,-104.309082
1493852636.840960,-1.022461,-0.033691,-0.272461,7.751465,-7.019043,-101.318359
1493852636.843502,-1.040527,0.033203,-0.252930,14.831543,-12.390137,-104.125977
1493852636.846048,-1.050781,0.057617,-0.338867,22.827148,-12.145996,-122.131348
1493852636.848754,-1.088867,0.062012,-0.386230,26.306152,-9.399414,-113.159180
1493852636.851422,-1.049805,0.071777,-0.319824,23.803711,-7.812500,-121.032715
1493852636.854107,-1.027344,0.028320,-0.378418,23.193359,-8.544922,-126.159668
1493852636.856790,-1.040527,-0.018555,-0.266113,27.221680,-11.962891,-110.900879
1493852636.859480,-1.056152,-0.037109,-0.329590,32.958984,-18.493652,-121.948242
1493852636.862168,-1.008789,-0.002930,-0.402344,41.687012,-26.550293,-116.455078
1493852636.864846,-1.071777,0.043457,-0.409668,49.499512,-31.005859,-117.614746
1493852636.867530,-1.095703,0.081543,-0.362793,52.490234,-26.855469,-125.000000
1493852636.870225,-1.062500,0.128418,-0.416992,49.438477,-18.005371,-138.549805
1493852636.872907,-1.068848,0.134766,-0.339844,46.936035,-9.338379,-154.296875
1493852636.875591,-1.092285,0.122559,-0.324707,42.785645,1.098633,-168.090820
1493852636.878264,-1.076172,0.120605,-0.296875,42.236328,8.911133,-176.330566
1493852636.880906,-1.123047,0.222168,-0.205078,44.006348,13.854980,-179.809570
1493852636.883497,-1.181152,0.125000,-0.288574,46.936035,13.854980,-180.114746
1493852636.886051,-1.232910,0.164062,-0.308105,48.339844,12.451172,-179.992676
1493852636.888634,-1.314941,0.162598,-0.262695,52.307129,9.704590,-180.725098
1493852636.891284,-1.384277,0.230469,-0.269531,56.152344,7.019043,-182.800293
1493852636.893960,-1.424805,0.304688,-0.486328,62.744141,2.014160,-186.401367
1493852636.896639,-1.481934,0.359375,-0.423828,73.181152,-2.746582,-191.833496
1493852636.899322,-1.553711,0.416016,-0.505859,82.092285,-6.713867,-195.800781
1493852636.902006,-1.558105,0.434082,-0.582031,86.364746,-8.911133,-200.744629
1493852636.904690,-1.552734,0.478027,-0.604004,89.111328,-13.061523,-205.322266
1493852636.907373,-1.532715,0.496582,-0.435059,97.534180,-24.047852,-206.909180
1493852636.910108,-1.533203,0.511230,-0.512695,104.125977,-30.395508,-212.951660
1493852636.912793,-1.460449,0.546875,-0.474609,113.159180,-33.752441,-234.069824
1493852636.915472,-1.498535,0.548828,-0.388672,118.835449,-34.790039,-223.693848
1493852636.918160,-1.439453,0.538574,-0.254883,121.215820,-34.606934,-230.102539
1493852636.920850,-1.458496,0.563965,-0.363281,122.924805,-32.836914,-238.464355
1493852636.923534,-1.478516,0.521484,-0.360840,121.826172,-31.311035,-249.877930
1493852636.926220,-1.431152,0.500000,-0.289551,123.840332,-28.930664,-263.183594
1493852636.928878,-1.467285,0.388184,-0.259766,123.962402,-25.756836,-278.320312
1493852636.931470,-1.526367,0.368652,-0.291016,121.032715,-23.437500,-293.640137
1493852636.934020,-1.540527,0.265137,-0.320312,119.995117,-23.193359,-309.387207
1493852636.936567,-1.591797,0.186523,-0.343262,116.149902,-22.644043,-324.768066
1493852636.939156,-1.631348,0.108398,-0.345703,112.854004,-23.559570,-337.768555
1493852636.941828,-1.635742,-0.046387,-0.406250,110.412598,-27.526855,-350.097656
1493852636.944520,-1.671875,-0.144043,-0.288574,109.924316,-33.935547,-361.206055
1493852636.947191,-1.599121,-0.122070,-0.401855,114.868164,-39.489746,-366.577148
1493852636.949881,-1.603516,-0.096680,-0.400391,126.464844,-41.137695,-366.577148
1493852636.952605,-1.554199,-0.015137,-0.407715,144.897461,-44.006348,-362.670898
1493852636.955311,-1.474609,0.042480,-0.324707,162.414551,-47.302246,-356.994629
1493852636.957987,-1.404297,0.128418,-0.429688,175.048828,-50.598145,-347.473145
1493852636.960654,-1.383789,0.232422,-0.502930,178.466797,-58.166504,-333.740234
1493852636.963328,-1.252441,0.308105,-0.475098,168.395996,-71.533203,-316.284180
1493852636.966024,-1.411621,0.266113,-0.603027,151.977539,-85.449219,-302.978516
1493852636.968688,-1.360840,0.212891,-0.539062,137.512207,-91.796875,-299.438477
1493852636.971279,-1.283691,0.122559,-0.550781,124.694824,-88.195801,-298.767090
1493852636.973830,-1.248047,0.054688,-0.656738,113.647461,-78.002930,-305.480957
1493852636.976380,-1.171387,-0.107422,-0.551270,94.238281,-64.270020,-314.697266
1493852636.978938,-1.103027,-0.008789,-0.583984,104.919434,-52.795410,-325.988770
1493852636.981502,-1.071777,0.010742,-0.441895,99.670410,-32.531738,-335.205078
1493852636.984175,-1.037598,0.047852,-0.309082,92.834473,-43.334961,-341.125488
1493852636.986728,-1.004883,0.094238,-0.394531,87.829590,-41.992188,-341.613770
1493852636.989293,-0.951660,0.154785,-0.499512,82.702637,-43.762207,-334.411621
1493852636.991852,-0.864258,0.192871,-0.442871,79.345703,-45.532227,-313.659668
1493852636.994401,-0.859375,0.214355,-0.501953,80.627441,-45.349121,-312.866211
1493852636.996951,-0.769531,0.231934,-0.468750,83.129883,-39.794922,-289.489746
1493852636.999558,-0.717773,0.250000,-0.453125,84.350586,-28.808594,-259.582520
1493852637.002241,-0.656250,0.270020,-0.369629,87.402344,-12.329102,-226.928711
1493852637.004928,-0.509277,0.272461,-0.351074,107.055664,8.056641,-195.739746
1493852637.007610,-0.313965,0.302734,-0.414062,120.361328,28.381348,-167.053223
1493852637.010345,-0.302734,0.307129,-0.372559,147.216797,46.813965,-145.629883
1493852637.013027,-0.175781,0.088867,-0.226562,161.132812,56.091309,-131.347656
1493852637.015710,-0.088867,-0.147949,-0.229004,177.307129,57.312012,-127.990723
1493852637.018397,-0.059570,-0.368164,-0.224121,177.062988,57.373047,-137.084961
1493852637.021080,-0.117188,-0.516602,-0.161621,178.649902,62.438965,-151.916504
1493852637.023767,-0.042480,-0.588867,-0.052734,187.194824,67.504883,-165.649414
1493852637.026450,-0.043945,-0.589844,-0.077637,194.213867,78.491211,-171.936035
1493852637.029137,-0.058105,-0.524414,0.064941,205.627441,95.825195,-163.940430
1493852637.031828,-0.164062,-0.349609,-0.211914,201.293945,112.243652,-135.742188
1493852637.034510,-0.297852,-0.123535,-0.424316,173.706055,106.567383,-84.045410
1493852637.037194,-0.418945,0.218262,-0.487305,118.591309,74.401855,-14.160156
1493852637.039822,-0.420898,0.298340,-0.365234,39.428711,19.470215,53.222656
1493852637.042380,-0.429688,0.308594,0.008789,-20.935059,-28.503418,96.557617
1493852637.044933,-0.370605,0.321777,0.089355,-30.883789,-49.804688,118.957520
1493852637.047488,-0.318359,0.395996,0.027344,-7.202148,-47.363281,135.681152
1493852637.050128,-0.346680,0.453125,0.097656,11.962891,-36.132812,138.305664
1493852637.052814,-0.344238,0.546387,-0.052246,9.460449,-25.451660,131.530762
1493852637.055489,-0.317383,0.621094,-0.013672,-14.770508,-15.502930,120.971680
1493852637.058176,-0.349121,0.673828,0.002930,-19.042969,-4.638672,110.351562
1493852637.060867,-0.206055,0.705566,0.073730,-30.639648,-8.117676,102.539062
1493852637.063547,-0.146484,0.737793,-0.040527,-20.568848,0.061035,99.792480
1493852637.066229,-0.097656,0.742188,-0.069824,-46.508789,24.047852,99.670410
1493852637.068916,-0.059570,0.728027,-0.036621,-39.550781,24.719238,98.510742
1493852637.071602,0.124023,0.710449,0.022461,-48.645020,26.733398,94.421387
1493852637.074289,0.015137,0.550293,-0.014648,-59.265137,28.137207,88.439941
1493852637.076972,0.054199,0.583984,0.000000,-66.162109,34.118652,80.810547
1493852637.079635,0.014648,0.547363,0.005371,-71.411133,37.231445,74.340820
1493852637.082230,0.050293,0.503906,0.080078,-76.354980,42.724609,69.763184
1493852637.084780,-0.012695,0.454590,0.070312,-82.885742,49.560547,68.969727
1493852637.087333,-0.020508,0.408203,0.032227,-88.439941,51.818848,68.481445
1493852637.089961,-0.037109,0.375000,0.048340,-89.965820,54.077148,70.068359
1493852637.092589,-0.088379,0.318848,0.030273,-91.796875,56.030273,72.937012
1493852637.095138,-0.099121,0.297363,-0.004883,-91.247559,57.312012,75.317383
1493852637.097681,-0.114258,0.262695,0.051758,-108.154297,59.997559,80.627441
1493852637.100368,-0.027344,0.225586,0.016602,-95.581055,60.058594,86.242676
1493852637.103055,-0.153320,0.190430,-0.046875,-98.327637,62.683105,93.444824
1493852637.105742,-0.140625,0.168945,-0.012207,-102.539062,62.927246,104.614258
1493852637.108453,-0.155762,0.134766,-0.116211,-104.614258,62.561035,115.417480
1493852637.111165,-0.237793,0.106934,0.003418,-107.177734,59.753418,126.525879
1493852637.113853,-0.002441,0.060547,0.000488,-105.712891,56.945801,136.840820
1493852637.116542,-0.112793,0.041504,-0.036133,-106.567383,54.687500,147.277832
1493852637.119251,-0.134277,0.062500,-0.124023,-106.018066,51.696777,159.973145
1493852637.122067,-0.094238,0.058594,0.021973,-103.881836,52.246094,172.668457
1493852637.124752,-0.024414,0.026855,0.036621,-104.675293,50.842285,185.485840
1493852637.127436,-0.140137,0.074219,-0.030762,-103.088379,51.757812,197.692871
1493852637.130069,-0.156250,0.078125,-0.098145,-101.257324,51.635742,208.374023
1493852637.132623,-0.132812,0.089844,0.026367,-100.280762,51.879883,217.712402
1493852637.135178,-0.177246,0.100586,0.000000,-96.008301,52.307129,226.318359
1493852637.137752,-0.147461,0.097656,0.074219,-90.820312,54.870605,229.370117
1493852637.140392,-0.184570,0.129883,0.010254,-87.097168,59.204102,236.145020
1493852637.143077,-0.186523,0.138672,0.069824,-83.129883,62.622070,242.187500
1493852637.145762,-0.200684,0.166504,0.077637,-78.002930,65.429688,247.314453
1493852637.148466,-0.218262,0.172852,0.022949,-70.922852,69.396973,252.868652
1493852637.151175,-0.265625,0.204590,-0.024414,-65.429688,72.814941,257.995605
1493852637.153859,-0.243164,0.208984,0.094727,-59.387207,76.416016,263.061523
1493852637.156543,-0.253906,0.179688,0.067871,-54.992676,78.918457,266.723633
1493852637.159230,-0.289062,0.232422,0.038086,-49.194336,80.444336,270.507812
1493852637.161915,-0.307617,0.221680,0.019531,-43.090820,83.190918,275.329590
1493852637.164599,-0.316406,0.241699,0.072754,-38.452148,87.341309,279.968262
1493852637.167286,-0.319824,0.261230,0.010254,-36.926270,89.172363,284.667969
1493852637.169973,-0.346191,0.252930,-0.013672,-16.357422,90.637207,287.109375
1493852637.172662,-0.257324,0.285156,0.038086,-26.550293,91.552734,290.039062
1493852637.175344,-0.378906,0.286621,0.044434,-22.338867,91.186523,292.175293
1493852637.178043,-0.399902,0.299316,0.068359,-17.578125,90.881348,294.799805
1493852637.180674,-0.413574,0.318848,0.018555,-14.648438,90.454102,299.499512
1493852637.183224,-0.471680,0.337891,0.030762,-11.352539,90.698242,302.917480
1493852637.185778,-0.482910,0.323242,0.016602,-10.437012,90.881348,306.640625
1493852637.188364,-0.532715,0.314941,0.013184,-9.216309,89.843750,309.875488
1493852637.191010,-0.531250,0.328125,-0.045898,-6.774902,88.745117,312.194824
1493852637.193691,-0.573242,0.330566,0.058105,-5.004883,86.608887,313.476562
1493852637.196376,-0.590820,0.296875,0.079102,-4.760742,86.547852,315.673828
1493852637.199098,-0.623047,0.331055,-0.005371,-3.784180,87.158203,318.908691
1493852637.201815,-0.653809,0.306641,0.026855,-4.455566,87.585449,324.096680
1493852637.204496,-0.659668,0.313965,0.072754,-4.943848,88.012695,329.345703
1493852637.207181,-0.638672,0.333008,0.075684,-4.638672,88.073730,334.228516
1493852637.209887,-0.662598,0.313965,0.104980,-1.770020,87.219238,340.576172
1493852637.212589,-0.673340,0.358887,0.039062,-0.366211,85.815430,345.642090
1493852637.215271,-0.678223,0.361328,0.118652,2.136230,85.021973,351.684570
1493852637.217951,-0.692383,0.399902,0.106445,3.784180,84.411621,357.543945
1493852637.220635,-0.709961,0.369629,0.123535,5.126953,86.730957,362.426758
1493852637.223316,-0.765137,0.391113,0.034668,7.751465,88.745117,366.577148
1493852637.225993,-0.792969,0.397461,0.110352,8.728027,88.806152,368.041992
1493852637.228657,-0.813965,0.437988,0.095215,10.314941,86.853027,365.722656
1493852637.231255,-0.868652,0.466309,0.013184,12.390137,82.946777,360.290527
1493852637.233807,-0.915527,0.488770,0.067383,16.113281,77.758789,354.003906
1493852637.236361,-0.960938,0.466309,0.024902,18.432617,75.988770,346.923828
1493852637.238957,-0.978027,0.496094,0.006836,20.263672,74.218750,341.308594
1493852637.241624,-1.015625,0.449219,0.019043,20.751953,75.622559,340.209961
1493852637.244310,-1.029297,0.427734,0.022461,23.437500,79.406738,341.918945
1493852637.246991,-1.101074,0.398438,0.030273,20.629883,83.190918,343.322754
1493852637.249683,-1.126953,0.427246,-0.029297,15.563965,79.223633,340.515137
1493852637.252375,-1.117676,0.413574,0.037109,14.343262,70.617676,331.542969
1493852637.255054,-1.167480,0.370605,-0.014160,15.014648,66.223145,321.777344
1493852637.257740,-1.142090,0.366211,0.073242,18.371582,69.763184,317.871094
1493852637.260546,-1.142578,0.347168,0.008301,16.723633,77.148438,312.561035
1493852637.263234,-1.148926,0.304199,0.024414,12.512207,84.289551,313.110352
1493852637.265919,-1.232910,0.315918,0.071289,7.263184,89.294434,313.598633
1493852637.268600,-1.281250,0.297363,-0.012695,3.784180,87.951660,314.514160
1493852637.271284,-1.354492,0.294434,-0.062012,1.403809,86.486816,314.025879
1493852637.273962,-1.386719,0.243652,-0.005859,-3.540039,83.984375,296.875000
1493852637.276639,-1.438965,0.218262,-0.099609,-7.690430,83.007812,312.377930
1493852637.279287,-1.505859,0.124512,-0.065430,-11.657715,85.510254,312.194824
1493852637.281866,-1.526367,0.067871,-0.086914,-13.854980,88.867188,314.453125
1493852637.284420,-1.494629,0.032715,-0.070312,-14.831543,90.270996,317.749023
1493852637.286977,-1.542969,-0.022461,-0.011719,-15.441895,90.759277,323.059082
1493852637.289582,-1.557617,-0.069336,-0.189453,-15.625000,91.247559,330.932617
1493852637.292262,-1.589355,-0.097168,-0.204590,-13.610840,89.233398,340.209961
1493852637.294948,-1.607422,-0.087402,-0.154785,-12.756348,86.730957,350.036621
1493852637.297626,-1.608887,-0.108887,-0.287109,-11.413574,84.777832,360.534668
1493852637.300372,-1.580078,-0.106934,-0.294434,-7.141113,83.190918,367.736816
1493852637.303055,-1.583984,-0.093262,-0.311035,-2.685547,83.190918,372.497559
1493852637.305736,-1.523438,-0.117188,-0.304199,-2.807617,85.144043,375.244141
1493852637.308419,-1.419434,-0.096191,-0.304199,-1.281738,87.402344,375.549316
1493852637.311101,-1.527344,-0.071777,-0.367188,-0.366211,91.613770,373.657227
1493852637.313784,-1.553711,-0.081055,-0.303711,-2.197266,96.984863,369.995117
1493852637.316464,-1.539551,-0.084961,-0.304688,-0.610352,101.440430,365.966797
1493852637.319152,-1.617188,-0.130371,-0.234375,0.122070,104.309082,359.680176
1493852637.321843,-1.637695,-0.149414,-0.354004,1.220703,105.651855,356.445312
1493852637.324523,-1.638672,-0.155762,-0.290527,4.211426,106.140137,350.341797
1493852637.327204,-1.680664,-0.230469,-0.296875,5.493164,106.933594,329.528809
1493852637.329849,-1.689453,-0.261230,-0.253906,10.253906,107.543945,340.515137
1493852637.332423,-1.675781,-0.334961,-0.371582,13.000488,107.666016,335.205078
1493852637.334976,-1.727051,-0.376465,-0.281250,30.334473,109.191895,330.139160
1493852637.337531,-1.667480,-0.421387,-0.451172,18.310547,110.900879,325.988770
1493852637.340062,-1.701172,-0.445801,-0.340820,19.897461,111.511230,320.861816
1493852637.342618,-1.685059,-0.490723,-0.257324,20.690918,113.952637,314.086914
1493852637.345171,-1.671387,-0.621094,-0.259277,22.705078,116.149902,305.419922
1493852637.347738,-1.662109,-0.548828,-0.269043,20.446777,116.882324,285.888672
1493852637.350372,-1.635742,-0.611328,-0.170898,17.150879,116.699219,291.381836
1493852637.353054,-1.665039,-0.646973,-0.113770,15.625000,116.271973,266.235352
1493852637.355738,-1.621582,-0.686523,-0.036621,11.230469,116.149902,274.230957
1493852637.358450,-1.750000,-0.743652,0.091309,8.666992,116.577148,252.380371
1493852637.361154,-1.622559,-0.750488,0.219727,7.141113,117.492676,261.047363
1493852637.363832,-1.578613,-0.721191,0.344727,5.126953,115.539551,252.197266
1493852637.366513,-1.543945,-0.690918,0.554688,3.295898,110.595703,240.173340
1493852637.369198,-1.569824,-0.710449,0.717773,-2.685547,103.088379,227.966309
1493852637.371886,-1.623047,-0.675781,0.630371,-4.882812,97.045898,211.914062
1493852637.374567,-1.414062,-0.633301,0.616699,-6.225586,94.909668,188.293457
1493852637.377248,-1.417480,-0.715820,0.445801,-19.897461,91.369629,153.991699
1493852637.379883,-1.409180,-0.913574,0.354004,-46.508789,84.533691,123.291016
1493852637.382445,-1.443359,-1.153809,0.201660,-55.114746,76.049805,100.708008
1493852637.384997,-1.451172,-1.445801,0.318359,-82.580566,72.082520,87.768555
1493852637.387552,-1.437500,-1.781250,0.141602,-103.820801,64.819336,81.237793
1493852637.390175,-1.485840,-2.054688,0.128906,-119.689941,57.312012,82.214355
1493852637.392859,-1.417480,-2.335938,0.211426,-128.295898,50.170898,91.552734
1493852637.395539,-1.320312,-2.510742,0.320312,-122.558594,44.189453,105.041504
1493852637.398335,-1.101562,-2.565918,0.337402,-104.736328,35.217285,113.159180
1493852637.401023,-0.976074,-2.320801,0.271484,-78.186035,22.033691,101.623535
1493852637.403701,-0.723633,-1.902344,0.069824,-64.697266,6.225586,53.588867
1493852637.406382,-0.586914,-1.647949,0.213379,-78.674316,-12.145996,-23.864746
1493852637.409082,-0.544922,-1.450684,0.147461,-101.562500,-32.287598,-94.787598
1493852637.411782,-0.656738,-1.513184,0.184570,-117.248535,-50.415039,-143.493652
1493852637.414464,-0.875977,-1.822754,0.208496,-113.342285,-62.744141,-182.128906
1493852637.417147,-1.083496,-2.033203,0.325195,-86.975098,-71.105957,-158.935547
1493852637.419775,-1.356934,-2.110840,0.269043,-41.748047,-72.814941,-151.855469
1493852637.422333,-1.354492,-1.889160,0.033691,-2.807617,-64.880371,-120.483398
1493852637.424880,-1.255371,-1.610840,-0.182617,6.286621,-54.992676,-108.154297
1493852637.427432,-1.148926,-1.487793,-0.004883,13.427734,-54.687500,-107.055664
1493852637.430069,-1.048340,-1.407227,0.018066,18.981934,-60.607910,-108.764648
1493852637.432773,-0.894531,-1.289062,-0.087402,31.860352,-61.096191,-112.915039
1493852637.435456,-0.842773,-1.190430,-0.061523,43.457031,-55.908203,-120.117188
1493852637.438145,-0.776855,-1.090820,-0.241211,39.916992,-43.762207,-127.990723
1493852637.440839,-0.770508,-1.022949,-0.175293,28.564453,-37.902832,-135.681152
1493852637.443527,-0.781250,-1.095215,-0.802246,33.203125,-0.183105,-149.047852
1493852637.446210,-0.942871,-0.705566,-0.438965,115.234375,32.592773,-174.560547
1493852637.448898,-0.918945,-0.289062,-0.707031,151.977539,114.807129,-173.583984
1493852637.451587,-0.890137,0.310059,-0.469238,167.480469,180.664062,-130.065918
1493852637.454274,-0.927246,0.814941,-1.009277,186.096191,208.923340,-59.509277
1493852637.456959,-1.115723,1.279297,-1.223145,225.219727,208.435059,20.385742
1493852637.459615,-1.109375,1.526855,-1.089844,283.264160,203.125000,92.651367
1493852637.462209,-1.210449,1.851074,-1.263672,312.255859,188.049316,135.375977
1493852637.464757,-1.722168,2.173828,-0.988281,311.035156,157.836914,145.324707
1493852637.467306,-2.781250,2.610352,-1.220703,280.761719,105.407715,109.191895
1493852637.469934,-2.927734,2.821777,-0.673828,297.851562,82.885742,26.855469
1493852637.472633,-1.916992,2.223145,-0.630859,330.322266,41.809082,-38.024902
1493852637.475317,-0.718262,1.448242,-0.976562,348.999023,-49.621582,-77.880859
1493852637.478004,0.138672,0.967285,-1.307617,345.275879,-172.607422,-123.291016
1493852637.480690,0.612305,0.807129,-1.060059,332.214355,-298.095703,-177.185059
1493852637.483375,0.304688,0.723633,-0.430176,314.086914,-394.958496,-251.281738
1493852637.486061,-0.129883,0.416504,0.507324,278.137207,-420.776367,-335.327148
1493852637.488750,-0.382324,0.140137,0.752930,268.798828,-370.605469,-415.344238
1493852637.491436,-0.560059,0.070801,0.560059,247.253418,-270.202637,-478.027344
1493852637.494119,-0.437012,-0.058105,0.375488,200.195312,-166.320801,-519.714355
1493852637.496805,-0.419922,-0.372070,0.138184,129.028320,-70.739746,-542.236328
1493852637.499496,-0.843262,-0.416992,0.119141,73.181152,-28.076172,-548.583984
1493852637.502184,-0.937500,-0.728027,-0.416992,37.841797,-12.390137,-540.588379
1493852637.504865,-1.312988,-0.854492,-0.430176,25.268555,-30.090332,-514.038086
1493852637.507549,-1.628418,-0.921387,-0.595703,28.076172,-34.118652,-475.524902
1493852637.510174,-1.898438,-1.116699,-0.678711,30.517578,-69.030762,-411.743164
1493852637.512728,-1.858887,-1.160156,-0.726074,30.273438,-111.877441,-343.750000
1493852637.515281,-1.851562,-1.039062,-0.425293,28.442383,-154.174805,-301.391602
1493852637.517838,-1.569824,-0.970215,-0.332520,22.277832,-199.890137,-212.646484
1493852637.520470,-1.149414,-0.555664,-0.031250,21.240234,-223.205566,-148.132324
1493852637.523160,-0.998047,-0.287598,-0.082031,20.141602,-238.037109,-96.801758
1493852637.525847,-0.708008,-0.116699,0.083984,24.780273,-236.938477,-56.823730
1493852637.528536,-0.483887,0.108887,-0.037109,33.813477,-219.970703,-33.325195
1493852637.531225,-0.330566,0.229004,-0.140137,42.236328,-194.763184,-27.038574
1493852637.534012,-0.267578,0.470215,-0.138672,42.358398,-161.010742,-40.771484
1493852637.536695,-0.167480,0.490234,-0.275391,19.409180,-126.159668,-64.636230
1493852637.539387,-0.204102,0.479492,-0.603027,-3.967285,-97.167969,-97.473145
1493852637.542077,-0.121094,0.520996,-0.423340,-34.790039,-78.674316,-138.427734
1493852637.544763,-0.322754,0.288574,-0.416016,-66.894531,-85.144043,-177.062988
1493852637.547448,-0.361328,0.054199,-0.367676,-73.364258,-82.824707,-214.538574
1493852637.550141,-0.692383,-0.186523,-0.234375,-68.298340,-95.458984,-231.140137
1493852637.552825,-0.716309,-0.285156,-0.169922,-71.166992,-83.435059,-231.323242
1493852637.555513,-0.848633,-0.359375,-0.180664,-74.523926,-67.565918,-210.510254
1493852637.558187,-0.739746,-0.392090,-0.200684,-73.669434,-61.584473,-170.837402
1493852637.560793,-0.748535,-0.350586,-0.279297,-65.979004,-33.691406,-127.441406
1493852637.563352,-0.666504,-0.359375,-0.425781,-58.044434,-45.715332,-88.317871
1493852637.565902,-0.648438,-0.373535,-0.230469,-55.480957,-49.621582,-75.866699
1493852637.568502,-0.643066,-0.179199,-0.112793,-53.833008,-58.654785,-71.289062
1493852637.571208,-0.653809,-0.169434,-0.116699,-63.476562,-78.308105,-74.218750
1493852637.573919,-0.784180,-0.267090,0.012695,-75.317383,-93.872070,-93.444824
1493852637.576588,-0.819824,-0.364258,-0.026367,-79.467773,-100.830078,-86.975098
1493852637.579288,-0.694824,-0.357422,0.135254,-65.307617,-92.468262,-94.177246
1493852637.582035,-0.610840,-0.309570,-0.058105,-45.898438,-74.768066,-62.988281
1493852637.584757,-0.618652,-0.196777,-0.357422,-37.231445,-51.696777,-49.682617
1493852637.587424,-0.568359,-0.055176,-0.216309,-42.358398,-29.052734,-22.460938
1493852637.590092,-0.548340,-0.009277,-0.134766,-53.710938,-24.414062,-4.516602
1493852637.592801,-0.607422,0.022949,-0.196777,-64.392090,-30.395508,-3.662109
1493852637.595522,-0.636719,0.069336,-0.246582,-59.020996,-39.794922,-18.554688
1493852637.598196,-0.667480,0.106934,-0.128906,-48.828125,-44.738770,-39.001465
1493852637.600835,-0.650391,0.155762,-0.220215,-43.640137,-43.334961,-51.391602
1493852637.603436,-0.674805,0.126953,-0.128418,-38.940430,-37.963867,-55.969238
1493852637.605994,-0.670898,0.106934,-0.107422,-38.940430,-31.616211,-56.274414
1493852637.608550,-0.604492,0.050293,-0.136719,-46.447754,-31.127930,-56.457520
1493852637.611122,-0.611816,-0.011230,-0.058594,-47.607422,-28.625488,-54.687500
1493852637.613690,-0.595215,-0.038086,-0.093750,-47.058105,-26.245117,-47.668457
1493852637.616240,-0.660645,-0.077148,-0.151855,-47.607422,-22.644043,-45.288086
1493852637.618824,-0.660645,-0.128418,-0.076172,-47.485352,-16.784668,-41.076660
1493852637.621481,-0.628906,-0.134277,-0.136719,-45.776367,-10.864258,-41.564941
1493852637.624164,-0.803711,-0.019043,-0.134766,-37.963867,-11.413574,-44.006348
1493852637.626841,-0.803711,-0.097656,-0.164551,-28.442383,-15.380859,-45.410156
1493852637.629527,-0.789062,-0.070312,-0.158691,-24.902344,-19.714355,-46.752930
1493852637.632217,-0.817383,-0.058105,-0.136719,-26.733398,-20.812988,-45.654297
1493852637.634900,-0.632812,-0.036133,-0.180664,-46.630859,-16.235352,-42.480469
1493852637.637581,-0.680176,-0.034180,-0.171875,-35.278320,-10.070801,-40.161133
1493852637.640316,-0.640137,-0.041992,-0.187500,-37.231445,-5.004883,-40.405273
1493852637.643001,-0.609863,-0.100586,-0.181641,-39.062500,-2.929688,-42.480469
1493852637.645684,-0.530762,-0.126465,-0.202148,-36.315918,-4.333496,-47.180176
1493852637.648372,-0.548828,-0.136719,-0.172852,-26.794434,-5.737305,-52.062988
1493852637.651056,-0.563477,-0.125488,-0.223633,-15.991211,-7.385254,-54.992676
1493852637.653736,-0.558594,-0.218262,-0.224121,-9.704590,-8.728027,-54.077148
1493852637.656416,-0.613281,-0.069824,-0.238770,-7.751465,-9.460449,-50.598145
1493852637.659063,-0.632324,-0.058105,-0.138672,-7.202148,-10.192871,-46.081543
1493852637.661643,-0.595703,-0.055664,-0.109375,-8.117676,-9.216309,-40.283203
1493852637.664194,-0.644043,-0.067383,-0.187988,-7.751465,-6.958008,-37.414551
1493852637.666741,-0.638184,-0.058594,-0.134277,-6.042480,-4.028320,-36.621094
1493852637.669503,-0.656738,-0.057617,-0.126465,-4.577637,-2.624512,-36.010742
1493852637.672215,-0.669434,-0.085449,-0.127930,-3.601074,-0.915527,-36.315918
1493852637.674892,-0.657715,-0.060059,-0.235840,-1.770020,1.525879,-37.719727
1493852637.677567,-0.668457,-0.101074,-0.130371,2.624512,1.831055,-38.208008
1493852637.680245,-0.658691,-0.082031,-0.169922,4.150391,3.295898,-39.062500
1493852637.682929,-0.630371,-0.073242,-0.218262,5.249023,1.708984,-37.048340
1493852637.685609,-0.558105,-0.078125,-0.181641,6.896973,0.915527,-34.179688
1493852637.688292,-0.638184,-0.075195,-0.218262,5.737305,0.183105,-30.883789
1493852637.690974,-0.650391,-0.097656,-0.194336,7.507324,-1.220703,-28.747559
1493852637.693650,-0.646973,-0.061523,-0.241699,7.690430,-1.892090,-26.367188
1493852637.696332,-0.611816,-0.075195,-0.116699,9.582520,-2.075195,-24.414062
1493852637.698981,-0.731445,-0.059570,-0.183594,8.605957,-0.610352,-22.094727
1493852637.701558,-0.517090,-0.074219,-0.161621,8.911133,-0.488281,-21.423340
1493852637.704107,-0.712891,-0.055176,-0.195801,9.765625,0.183105,-19.897461
1493852637.706654,-0.628418,-0.047363,-0.132324,7.324219,1.281738,-19.409180
1493852637.709243,-0.665039,-0.048340,-0.138672,9.155273,2.990723,-18.432617
1493852637.711905,-0.701172,-0.045898,-0.206543,9.094238,4.760742,-16.967773
1493852637.714580,-0.659668,-0.058105,-0.126953,10.253906,5.859375,-16.174316
1493852637.717261,-0.678223,-0.053711,-0.160645,9.399414,6.958008,-14.709473
1493852637.719943,-0.673340,-0.062988,-0.228516,7.629395,8.422852,-14.709473
1493852637.722624,-0.688965,-0.038086,-0.191406,8.605957,8.361816,-14.770508
1493852637.725305,-0.674805,-0.043945,-0.105469,8.728027,9.399414,-13.977051
1493852637.727990,-0.706543,-0.043457,-0.226074,8.972168,9.826660,-12.451172
1493852637.730677,-0.726074,-0.032715,-0.154785,12.939453,9.094238,-11.535645
1493852637.733358,-0.716797,-0.046387,-0.208496,12.939453,9.033203,-9.948730
1493852637.736032,-0.708496,-0.052246,-0.214844,8.483887,6.591797,-9.460449
1493852637.738714,-0.711426,-0.038574,-0.238281,5.554199,3.234863,-10.925293
1493852637.741399,-0.757812,-0.062988,-0.148438,6.958008,0.793457,-12.695312
1493852637.744076,-0.713379,-0.050781,-0.173340,7.873535,0.122070,-12.145996
1493852637.746757,-0.736328,-0.049805,-0.190918,9.582520,0.915527,-11.291504
1493852637.749413,-0.755371,-0.053711,-0.148926,11.840820,1.525879,-9.460449
1493852637.752000,-0.722168,-0.041504,-0.205078,12.573242,2.014160,-8.605957
1493852637.754548,-0.734375,-0.039062,-0.201172,13.610840,1.953125,-8.850098
1493852637.757093,-0.708496,-0.019531,-0.266113,14.587402,1.586914,-8.850098
1493852637.759722,-0.666504,-0.057129,-0.202148,15.319824,1.403809,-9.765625
1493852637.762424,-0.726074,-0.077637,-0.222168,15.441895,0.122070,-10.742188
1493852637.765105,-0.681152,-0.049805,-0.242188,14.038086,-0.244141,-11.352539
1493852637.767792,-0.664551,-0.055664,-0.151855,14.526367,-1.525879,-10.742188
1493852637.770476,-0.652344,-0.055176,-0.211914,14.282227,-2.685547,-9.521484
1493852637.773156,-0.654297,-0.061523,-0.190430,16.784668,-2.685547,-8.422852
1493852637.775836,-0.561523,-0.068359,-0.189453,17.639160,-2.746582,-8.178711
1493852637.778519,-0.637695,-0.043457,-0.236328,18.127441,-3.112793,-7.385254
1493852637.781206,-0.645508,-0.050781,-0.197266,18.127441,-2.441406,-5.737305
1493852637.783885,-0.611328,-0.047852,-0.176758,17.517090,-1.770020,-6.042480
1493852637.786564,-0.648438,-0.064941,-0.159668,18.249512,-1.464844,-7.507324
1493852637.789266,-0.625000,-0.027344,-0.280762,18.432617,-1.220703,-7.934570
1493852637.791962,-0.613281,-0.034180,-0.196777,20.751953,-0.549316,-7.568359
1493852637.794640,-0.634277,-0.022949,-0.201172,20.690918,-0.427246,-7.507324
1493852637.797319,-0.609375,-0.063477,-0.166504,20.141602,-0.671387,-7.812500
1493852637.799944,-0.657715,-0.060059,-0.251953,21.179199,-1.525879,-6.774902
1493852637.802503,-0.620605,-0.040527,-0.173828,21.728516,-1.281738,-7.019043
1493852637.805046,-0.611328,-0.050293,-0.224609,19.592285,-1.281738,-7.568359
1493852637.807589,-0.648926,-0.058105,-0.218750,20.202637,-1.525879,-7.995605
1493852637.810362,-0.736816,-0.071289,-0.242188,20.751953,-2.746582,-7.568359
1493852637.813040,-0.618652,-0.085449,-0.213867,21.484375,-2.319336,-7.629395
1493852637.815717,-0.609375,-0.090820,-0.241211,24.353027,-1.770020,-7.873535
1493852637.818450,-0.606934,-0.086426,-0.212891,26.916504,-1.037598,-7.995605
1493852637.821182,-0.710449,-0.065918,-0.246582,26.245117,-1.159668,-8.239746
1493852637.823858,-0.513672,-0.104492,-0.234863,27.648926,-3.234863,-6.958008
1493852637.826533,-0.606445,-0.142090,-0.252930,29.907227,-6.896973,-1.098633
1493852637.829211,-0.607422,-0.145996,-0.156250,35.949707,-12.573242,8.483887
1493852637.831895,-0.624512,-0.067383,-0.142578,43.945312,-17.578125,16.662598
1493852637.834580,-0.628418,-0.066406,-0.236328,48.889160,-19.348145,18.371582
1493852637.837267,-0.617676,0.054688,-0.304688,50.476074,-16.235352,15.686035
1493852637.839902,-0.642090,0.076172,-0.211914,40.893555,-14.221191,13.061523
1493852637.842463,-0.607422,0.043945,-0.227051,25.146484,-13.305664,6.408691
1493852637.845013,-0.555664,0.102051,-0.195801,20.996094,-10.070801,0.183105
1493852637.847564,-0.584961,-0.110352,-0.205566,21.545410,-5.310059,-6.286621
1493852637.850105,-0.535156,-0.000977,-0.152344,25.390625,-2.136230,-12.695312
1493852637.852657,-0.548828,-0.030273,-0.160645,28.320312,-1.708984,-16.845703
