1493852627.246968,-0.404785,0.137695,-0.100586,-81.420898,86.730957,226.745605
1493852627.249571,-0.394043,0.099121,0.015137,-85.693359,87.951660,231.079102
1493852627.252151,-0.386719,0.107422,-0.043945,-90.270996,88.500977,248.718262
1493852627.254726,-0.443848,0.097656,-0.011230,-94.299316,88.989258,236.877441
1493852627.257279,-0.401855,0.134766,-0.085938,-100.097656,90.576172,240.112305
1493852627.259848,-0.452637,0.126465,-0.043945,-102.294922,91.308594,242.492676
1493852627.262483,-0.453125,0.158691,-0.078613,-105.102539,91.735840,245.117188
1493852627.265099,-0.427246,0.152344,-0.078125,-109.863281,92.529297,246.765137
1493852627.267646,-0.475098,0.165527,0.007324,-112.854004,92.529297,249.084473
1493852627.270256,-0.478516,0.189453,-0.121582,-118.164062,92.834473,249.084473
1493852627.272865,-0.478027,0.157715,-0.103516,-120.910645,93.750000,250.793457
1493852627.275473,-0.504883,0.179688,-0.010742,-126.403809,95.275879,253.723145
1493852627.278100,-0.495605,0.168945,-0.011230,-129.882812,97.045898,255.249023
1493852627.280996,-0.478516,0.197266,-0.036133,-132.934570,97.961426,258.972168
1493852627.284026,-0.536621,0.216309,-0.022461,-134.094238,96.923828,261.962891
1493852627.286851,-0.502441,0.215820,-0.051758,-137.268066,94.604492,264.709473
1493852627.289934,-0.560547,0.233887,-0.053711,-135.986328,93.139648,266.418457
1493852627.292614,-0.563965,0.247559,-0.097656,-136.901855,91.064453,267.578125
1493852627.295306,-0.519043,0.367676,-0.054199,-134.765625,89.599609,268.432617
1493852627.297990,-0.634766,0.270020,-0.130859,-132.751465,88.134766,268.554688
1493852627.300891,-0.638184,0.245605,-0.118652,-130.920410,87.768555,267.456055
1493852627.303740,-0.649902,0.369141,-0.093750,-129.150391,87.768555,263.488770
1493852627.306301,-0.667480,0.142090,-0.178711,-128.112793,87.585449,258.056641
1493852627.308919,-0.695312,0.227051,-0.177734,-126.770020,88.989258,253.601074
1493852627.311610,-0.735840,0.193359,-0.126465,-109.924316,88.928223,248.779297
1493852627.314294,-0.735352,0.171387,-0.190918,-123.229980,89.538574,245.910645
1493852627.316978,-0.866211,0.164062,-0.201172,-122.070312,88.134766,241.210938
1493852627.319641,-0.755859,0.135254,-0.156250,-117.980957,87.585449,239.257812
1493852627.322236,-0.787109,0.113770,-0.197266,-114.868164,86.120605,236.572266
1493852627.324794,-0.794922,0.080566,-0.265625,-114.318848,85.632324,235.229492
1493852627.327348,-0.853027,0.075684,-0.244141,-111.022949,83.557129,234.313965
1493852627.329902,-0.875977,0.078125,-0.249512,-108.947754,81.237793,233.947754
1493852627.332459,-0.871094,0.031738,-0.202637,-106.323242,79.223633,234.313965
1493852627.335011,-0.903809,0.041016,-0.311035,-104.797363,75.866699,234.985352
1493852627.337559,-0.933594,0.023438,-0.241211,-103.576660,71.899414,236.877441
1493852627.340559,-0.951172,0.019043,-0.140625,-100.158691,68.664551,240.295410
1493852627.343445,-0.959961,-0.006836,-0.177246,-97.595215,66.223145,241.149902
1493852627.346001,-0.975098,-0.115234,-0.269043,-96.923828,63.598633,245.178223
1493852627.348586,-0.994141,0.109863,-0.181641,-94.848633,60.791016,247.863770
1493852627.351238,-0.961914,-0.006348,-0.169434,-92.712402,58.532715,251.281738
1493852627.353925,-0.972168,-0.002930,-0.285156,-91.735840,56.762695,254.516602
1493852627.356613,-0.897949,0.010742,-0.240234,-88.623047,55.664062,257.019043
1493852627.359303,-1.100098,0.015137,-0.279297,-88.256836,54.626465,259.338379
1493852627.361993,-1.007324,0.007324,-0.255371,-86.303711,54.626465,260.437012
1493852627.364676,-1.003418,0.000000,-0.371582,-84.472656,55.236816,262.329102
1493852627.367356,-1.020996,0.018555,-0.267578,-82.458496,55.725098,262.634277
1493852627.369994,-1.024902,0.007812,-0.287109,-82.580566,56.823730,263.122559
1493852627.372566,-1.013672,0.013672,-0.229004,-81.604004,57.128906,263.427734
1493852627.375116,-1.010254,0.014648,-0.267578,-79.162598,58.166504,264.587402
1493852627.377665,-1.047852,0.036133,-0.308105,-79.467773,58.776855,264.404297
1493852627.380276,-1.035156,0.040527,-0.239746,-79.040527,59.753418,264.099121
1493852627.382828,-1.037598,0.013184,-0.283691,-79.406738,59.082031,265.380859
1493852627.385520,-1.063965,0.022949,-0.272949,-79.589844,59.082031,265.686035
1493852627.388164,-1.193848,0.056641,-0.299316,-78.613281,59.204102,266.113281
1493852627.390810,-1.104492,0.027344,-0.238770,-79.772949,58.044434,266.052246
1493852627.393361,-1.106445,0.007812,-0.305176,-78.125000,56.640625,266.784668
1493852627.395912,-1.097168,0.048828,-0.306641,-77.148438,56.091309,267.089844
1493852627.398569,-1.117188,0.036133,-0.241699,-76.721191,54.870605,267.211914
1493852627.401297,-1.109863,0.052246,-0.253906,-74.829102,54.809570,266.784668
1493852627.403985,-1.100098,0.048828,-0.324219,-75.317383,54.260254,266.357422
1493852627.406667,-1.083496,0.052734,-0.306152,-74.768066,53.588867,265.869141
1493852627.409313,-1.091309,0.046875,-0.284668,-72.143555,54.748535,263.671875
1493852627.411891,-1.052246,0.043945,-0.348633,-70.617676,55.664062,260.864258
1493852627.414445,-1.066406,0.043457,-0.300293,-70.556641,57.434082,258.666992
1493852627.416997,-1.051758,0.091309,-0.330566,-71.960449,58.593750,252.380371
1493852627.419549,-1.044434,0.114746,-0.310059,-77.270508,61.401367,243.591309
1493852627.422101,-1.150879,0.118652,-0.332520,-79.589844,63.232422,237.426758
1493852627.424651,-1.157715,0.062988,-0.377930,-81.176758,64.575195,236.450195
1493852627.427201,-1.239746,-0.099609,-0.260254,-80.200195,65.429688,241.516113
1493852627.429811,-1.213867,-0.039062,-0.364746,-76.416016,66.467285,248.107910
1493852627.432490,-1.239746,-0.098633,-0.488281,-74.218750,65.368652,253.601074
1493852627.435172,-1.238281,-0.104980,-0.353516,-71.472168,61.340332,256.896973
1493852627.437876,-1.171875,-0.106934,-0.376953,-68.054199,58.715820,256.530762
1493852627.440580,-1.243652,-0.077148,-0.318359,-64.270020,56.579590,255.371094
1493852627.443268,-1.101074,-0.030273,-0.322266,-63.354492,57.617188,253.967285
1493852627.445951,-1.043945,-0.012695,-0.261719,-62.805176,58.288574,252.014160
1493852627.448657,-1.044922,0.026367,-0.402832,-62.133789,59.936523,248.718262
1493852627.451366,-1.061035,0.009766,-0.294434,-64.636230,62.255859,243.347168
1493852627.454108,-1.064453,-0.019043,-0.322266,-65.795898,64.147949,238.098145
1493852627.456853,-1.080078,-0.018555,-0.343750,-65.429688,66.467285,231.872559
1493852627.459539,-1.104492,-0.040039,-0.337402,-67.687988,68.542480,226.440430
1493852627.462222,-1.240234,-0.043457,-0.195801,-67.504883,69.458008,222.717285
1493852627.464902,-1.158691,-0.071777,-0.320312,-66.040039,70.556641,219.177246
1493852627.467588,-1.179199,-0.084961,-0.246582,-65.551758,70.190430,217.834473
1493852627.470253,-1.195801,-0.089844,-0.241211,-63.964844,69.458008,214.721680
1493852627.472808,-1.142578,-0.097168,-0.232422,-61.157227,67.260742,210.693359
1493852627.475364,-1.195312,-0.114746,-0.216797,-59.326172,67.138672,206.481934
1493852627.477940,-1.148926,-0.129883,-0.299805,-59.082031,64.453125,201.904297
1493852627.480586,-1.134766,-0.159180,-0.223633,-57.189941,62.805176,196.533203
1493852627.483268,-1.188477,-0.197754,-0.185547,-55.969238,61.767578,190.246582
1493852627.485950,-1.144531,-0.204102,-0.296875,-54.626465,59.936523,185.058594
1493852627.488630,-1.013672,-0.243652,-0.218262,-54.443359,58.288574,181.457520
1493852627.491240,-1.125977,-0.268555,-0.202637,-53.161621,58.044434,176.086426
1493852627.493791,-1.096680,-0.281250,-0.303711,-50.415039,56.823730,171.020508
1493852627.496344,-1.107910,-0.321777,-0.191406,-49.865723,55.969238,165.832520
1493852627.498972,-1.067871,-0.339844,-0.238281,-45.898438,54.504395,159.851074
1493852627.501602,-1.055664,-0.385254,-0.229004,-44.311523,51.879883,140.869141
1493852627.504152,-1.078613,-0.429199,-0.133301,-37.780762,49.621582,150.146484
1493852627.506702,-1.041504,-0.432617,-0.203125,-31.799316,46.997070,143.310547
1493852627.509370,-1.055664,-0.448730,-0.245605,-29.785156,44.677734,136.047363
1493852627.512107,-1.028809,-0.462402,-0.168945,-28.930664,43.029785,130.920410
1493852627.514789,-0.996094,-0.506836,-0.187500,-28.381348,42.663574,125.305176
1493852627.517471,-0.880371,-0.384277,-0.181641,-24.597168,42.114258,119.567871
1493852627.520247,-0.960449,-0.527344,-0.160645,-22.949219,41.259766,112.243652
1493852627.522799,-0.894531,-0.510742,-0.236816,-20.385742,39.855957,105.041504
1493852627.525347,-0.926758,-0.527344,-0.026855,-17.700195,38.818359,97.045898
1493852627.527933,-0.902344,-0.539062,-0.105469,-16.113281,35.156250,87.524414
1493852627.530593,-0.868652,-0.491699,-0.097656,-16.967773,33.325195,78.002930
1493852627.533281,-0.902344,-0.513184,-0.055664,-15.502930,31.433105,69.335938
1493852627.535966,-0.983398,-0.480469,-0.095703,-14.343262,29.846191,61.096191
1493852627.538650,-0.859375,-0.484375,-0.020508,-15.441895,27.893066,54.321289
1493852627.541268,-0.865234,-0.477051,-0.072266,-15.319824,26.489258,50.415039
1493852627.543820,-0.854004,-0.474609,-0.056152,-14.038086,23.315430,43.640137
1493852627.546370,-0.800781,-0.423340,-0.090820,-13.305664,18.737793,35.888672
1493852627.548927,-0.776855,-0.379883,-0.078613,-16.357422,10.803223,23.681641
1493852627.551482,-0.791992,-0.395996,-0.036621,-16.662598,7.751465,10.314941
1493852627.554027,-0.776367,-0.404785,-0.050781,-15.625000,9.338379,3.662109
1493852627.556571,-0.775391,-0.404785,-0.052734,-18.066406,12.207031,2.563477
1493852627.559168,-0.786133,-0.421875,-0.083496,-19.836426,11.901855,3.662109
1493852627.561838,-0.836426,-0.370117,-0.061523,-19.592285,5.065918,-0.732422
1493852627.564513,-0.773438,-0.349121,-0.016602,-16.296387,-6.591797,-6.896973
1493852627.567185,-0.787109,-0.309570,-0.089355,-14.892578,-16.174316,-11.901855
1493852627.569831,-0.721680,-0.255859,0.024414,-18.310547,-18.371582,-13.916016
1493852627.572407,-0.690918,-0.235840,-0.047852,-22.888184,-9.582520,-16.174316
1493852627.574956,-0.644531,-0.214844,0.016113,-26.550293,2.624512,-15.991211
1493852627.577506,-0.721680,-0.252930,-0.043945,-29.113770,10.986328,-16.174316
1493852627.580126,-0.701172,-0.221191,-0.052734,-32.104492,14.892578,-18.920898
1493852627.582808,-0.592285,-0.215820,0.006348,-33.508301,13.488770,-25.329590
1493852627.585492,-0.628906,-0.215820,0.088379,-36.926270,10.986328,-32.470703
1493852627.588184,-0.654297,-0.229980,-0.002441,-39.489746,9.155273,-39.550781
1493852627.590877,-0.698242,-0.226562,-0.012207,-42.480469,11.291504,-43.273926
1493852627.593564,-0.690430,-0.211426,0.005371,-46.752930,12.634277,-46.264648
1493852627.596247,-0.680176,-0.235840,0.014648,-49.621582,12.878418,-49.743652
1493852627.598936,-0.719727,-0.241699,0.104004,-53.771973,12.817383,-52.795410
1493852627.601625,-0.708496,-0.265137,-0.110840,-56.579590,12.573242,-56.396484
1493852627.604311,-0.673340,-0.170410,0.193359,-60.180664,14.709473,-60.180664
1493852627.606997,-1.103027,0.415527,-0.628906,-95.642090,-1.037598,-68.176270
1493852627.609632,-0.897461,0.005859,-0.133301,-102.905273,-6.835938,-86.242676
1493852627.612203,-0.665039,-0.171387,0.317871,-60.241699,64.941406,-112.548828
1493852627.614758,-0.595703,-0.411133,-0.147461,-58.959961,135.253906,-145.263672
1493852627.617308,-0.617676,-0.711914,-0.376953,-47.485352,165.344238,-166.687012
1493852627.619925,-0.739746,-0.764648,-0.231445,-26.245117,187.377930,-198.608398
1493852627.622606,-0.784180,-0.642578,-0.136230,-3.723145,224.182129,-217.529297
1493852627.625275,-1.084961,-0.095215,-0.301270,11.352539,248.596191,-219.299316
1493852627.627954,-1.394531,0.494629,-0.143066,19.653320,240.844727,-197.937012
1493852627.630628,-2.157227,1.392090,-0.233887,51.330566,207.275391,-153.259277
1493852627.633297,-3.239258,2.160645,-0.125000,86.059570,189.270020,-104.858398
1493852627.635968,-3.068359,1.994629,-0.365234,112.365723,169.372559,-71.472168
1493852627.638660,-2.012695,1.220215,-0.541504,126.647949,136.047363,-78.796387
1493852627.641353,-0.705078,0.577637,-0.708496,105.895996,71.960449,-112.487793
1493852627.644021,-0.013184,0.269531,-0.608887,76.232910,-12.207031,-152.099609
1493852627.646692,0.065430,0.155762,-0.345703,63.110352,-84.655762,-210.693359
1493852627.649365,-0.300293,0.141113,0.073242,76.354980,-110.595703,-285.888672
1493852627.652040,-0.676758,0.126465,0.180176,93.139648,-100.952148,-354.064941
1493852627.654713,-0.914551,-0.022461,0.104004,97.290039,-60.241699,-395.996094
1493852627.657495,-1.033203,-0.224609,-0.106934,89.233398,-6.469727,-410.888672
1493852627.660114,-1.192383,-0.388184,-0.277832,81.665039,13.854980,-405.212402
1493852627.662663,-1.240723,-0.474609,-0.320312,78.552246,21.240234,-384.521484
1493852627.665215,-1.320312,-0.518555,-0.463379,83.435059,2.746582,-354.553223
1493852627.667778,-1.366699,-0.505371,-0.413574,87.341309,-31.677246,-338.378906
1493852627.670342,-1.328125,-0.546875,-0.363281,86.791992,-67.016602,-303.344727
1493852627.672885,-1.068848,-0.505859,-0.187012,85.083008,-89.477539,-268.310547
1493852627.675437,-0.982910,-0.418945,-0.154785,79.589844,-89.721680,-234.619141
1493852627.678074,-0.845215,-0.251465,-0.222656,74.279785,-67.077637,-206.176758
1493852627.680769,-0.826172,-0.178711,-0.095703,65.002441,-48.706055,-179.260254
1493852627.683438,-0.837402,-0.104980,-0.215820,59.753418,-46.630859,-154.785156
1493852627.686104,-0.823730,-0.011230,-0.281738,56.701660,-35.156250,-132.568359
1493852627.688775,-0.806152,0.076172,-0.318848,57.373047,-33.264160,-110.473633
1493852627.691444,-0.787109,0.160645,-0.375488,57.739258,-36.499023,-90.270996
1493852627.694106,-0.630859,0.284668,-0.479492,55.419922,-45.288086,-77.026367
1493852627.696773,-0.671387,0.374512,-0.373047,49.438477,-56.274414,-66.040039
1493852627.699474,-0.572266,0.447266,-0.264648,48.461914,-67.749023,-60.424805
1493852627.702173,-0.449219,0.566895,-0.419434,50.170898,-77.453613,-65.124512
1493852627.704842,-0.368652,0.562012,-0.395020,49.438477,-81.115723,-78.674316
1493852627.707515,-0.272949,0.585938,-0.331055,46.020508,-80.078125,-104.003906
1493852627.710194,-0.235840,0.601074,-0.414062,41.198730,-74.401855,-128.906250
1493852627.712862,-0.150391,0.509766,-0.291016,35.522461,-64.697266,-140.930176
1493852627.715527,-0.182129,0.394531,-0.268066,29.174805,-52.368164,-169.494629
1493852627.718196,-0.255371,0.293945,-0.312988,23.376465,-39.916992,-195.739746
1493852627.720864,-0.341309,0.205566,-0.287598,18.981934,-31.616211,-215.393066
1493852627.723529,-0.529785,0.092773,-0.275879,18.737793,-27.954102,-229.736328
1493852627.726196,-0.738281,-0.076660,-0.359863,19.470215,-30.944824,-236.877441
1493852627.728888,-0.741699,-0.027344,-0.238281,22.888184,-38.208008,-236.572266
1493852627.731582,-0.801758,-0.107422,-0.188965,25.634766,-47.790527,-230.834961
1493852627.734251,-0.818359,-0.096191,-0.217773,45.410156,-57.128906,-219.177246
1493852627.736917,-0.806152,-0.154297,-0.149902,34.057617,-63.781738,-202.880859
1493852627.739592,-0.784180,-0.178711,-0.113770,38.391113,-66.894531,-187.866211
1493852627.742267,-0.795898,-0.160156,-0.120605,39.794922,-65.429688,-174.255371
1493852627.744933,-0.752930,-0.134277,-0.138184,41.015625,-59.997559,-161.193848
1493852627.747601,-0.779785,-0.116699,-0.237793,41.381836,-58.166504,-148.010254
1493852627.750318,-0.713867,-0.083496,-0.101562,40.039062,-54.199219,-136.901855
1493852627.752985,-0.716309,-0.034668,-0.144531,41.748047,-49.499512,-128.112793
1493852627.755650,-0.720215,-0.019531,-0.136230,40.405273,-45.959473,-119.262695
1493852627.758309,-0.698730,-0.102539,-0.170898,40.283203,-40.527344,-112.365723
1493852627.760963,-0.661621,0.021484,-0.239746,38.391113,-36.193848,-109.008789
1493852627.763607,-0.632812,0.047852,-0.188965,36.071777,-30.273438,-109.863281
1493852627.766249,-0.596680,0.069824,-0.166992,35.278320,-25.573730,-113.037109
1493852627.768904,-0.589844,0.076172,-0.203125,33.020020,-19.653320,-117.919922
1493852627.771512,-0.609375,0.100586,-0.220703,28.991699,-13.488770,-119.812012
1493852627.774066,-0.713867,0.062500,-0.225586,23.376465,-9.155273,-122.436523
1493852627.776617,-0.678223,0.016602,-0.216797,21.789551,-7.263184,-122.985840
1493852627.779169,-0.699219,0.020508,-0.277832,20.507812,-7.202148,-119.750977
1493852627.781722,-0.663574,-0.028320,-0.274902,17.395020,-7.812500,-114.807129
1493852627.784273,-0.749512,-0.075195,-0.222656,15.441895,-8.728027,-107.116699
1493852627.786820,-0.711426,-0.057129,-0.326660,12.573242,-11.230469,-97.595215
1493852627.789422,-0.702148,-0.074219,-0.208496,11.474609,-12.939453,-87.402344
1493852627.792209,-0.680176,-0.047852,-0.202148,10.498047,-15.075684,-80.078125
1493852627.794893,-0.626465,-0.043945,-0.291504,7.019043,-16.479492,-76.782227
1493852627.797574,-0.644531,0.008789,-0.187988,7.629395,-16.967773,-75.195312
1493852627.800294,-0.652832,0.022461,-0.198730,6.347656,-15.930176,-74.890137
1493852627.802977,-0.635742,0.050781,-0.288574,2.929688,-16.174316,-73.852539
1493852627.805660,-0.645508,0.039062,-0.246094,2.014160,-15.380859,-71.289062
1493852627.808347,-0.647949,0.034180,-0.231934,2.990723,-16.052246,-71.350098
1493852627.811035,-0.641113,0.017090,-0.259766,1.831055,-18.310547,-70.983887
1493852627.813715,-0.670898,0.026367,-0.241699,-0.366211,-22.155762,-69.641113
1493852627.816397,-0.729492,0.002930,-0.216309,-1.098633,-24.353027,-68.298340
1493852627.819083,-0.666992,0.017578,-0.257324,-1.403809,-26.794434,-63.110352
1493852627.821766,-0.673340,0.019043,-0.231445,-1.464844,-27.038574,-57.128906
1493852627.824445,-0.667480,-0.001465,-0.177734,-3.356934,-28.137207,-51.086426
1493852627.827127,-0.679199,0.065918,-0.274902,-7.751465,-29.907227,-47.180176
1493852627.829751,-0.653809,0.087891,-0.298340,-8.239746,-32.836914,-42.297363
1493852627.832310,-0.664551,0.057617,-0.214844,-9.521484,-35.156250,-41.137695
1493852627.834859,-0.508301,0.054199,-0.279297,-12.329102,-36.010742,-42.907715
1493852627.837412,-0.506348,0.083496,-0.253418,-14.831543,-36.743164,-42.480469
1493852627.840030,-0.729492,0.052246,-0.281250,-19.409180,-36.437988,-39.489746
1493852627.842718,-0.511719,0.038574,-0.156738,-23.559570,-37.048340,-37.536621
1493852627.845399,-0.624512,0.002441,-0.158203,-28.198242,-38.269043,-38.818359
1493852627.848086,-0.696289,-0.027344,-0.031738,-29.968262,-40.344238,-38.024902
1493852627.850770,-0.629883,-0.024414,-0.231445,-30.395508,-40.771484,-31.433105
1493852627.853455,-0.680664,-0.050293,-0.116211,-33.447266,-40.405273,-20.507812
1493852627.856143,-0.664551,-0.073242,-0.111328,-32.714844,-36.132812,-15.380859
1493852627.858850,-0.683105,-0.050293,-0.128418,-30.883789,-32.226562,-10.620117
1493852627.861559,-0.678711,0.007324,-0.171875,-24.719238,-29.052734,-11.840820
1493852627.864239,-0.654785,0.034668,-0.146484,-18.371582,-29.113770,-10.559082
1493852627.866919,-0.671387,0.058594,-0.226074,-18.676758,-33.203125,-5.920410
1493852627.869601,-0.675293,0.056641,-0.132324,-23.742676,-38.940430,-2.136230
1493852627.872282,-0.680176,0.074219,-0.143066,-26.428223,-43.151855,-0.305176
1493852627.874966,-0.667480,0.075195,-0.009766,-26.550293,-44.555664,-1.342773
1493852627.877667,-0.655762,0.062012,-0.220703,-26.306152,-40.649414,-2.624512
1493852627.880302,-0.632324,0.071777,-0.126465,-24.841309,-35.217285,-1.403809
1493852627.882854,-0.648438,0.045898,-0.214355,-23.864746,-28.869629,0.427246
1493852627.885401,-0.644043,0.038086,-0.148926,-24.169922,-24.902344,0.610352
1493852627.887967,-0.640625,0.070312,-0.216797,-27.648926,-23.925781,-0.549316
1493852627.890606,-0.652832,0.049805,-0.200195,-28.747559,-24.658203,-2.563477
1493852627.893286,-0.656250,0.058105,-0.137695,-26.123047,-26.000977,-5.004883
1493852627.895971,-0.664062,0.030273,-0.204590,-25.085449,-28.564453,-7.507324
1493852627.898686,-0.702637,0.024414,-0.158203,-22.338867,-29.663086,-9.216309
1493852627.901400,-0.716309,0.002930,-0.168945,-19.348145,-31.066895,-7.324219
1493852627.904081,-0.704590,-0.010742,-0.177246,-18.066406,-33.264160,-3.356934
1493852627.906784,-0.714355,0.005371,-0.195312,-16.540527,-34.606934,1.403809
1493852627.909446,-0.731445,0.011230,-0.113770,-13.916016,-35.339355,4.028320
1493852627.912020,-0.720215,0.038086,-0.224121,-12.023926,-36.621094,4.028320
1493852627.914567,-0.747070,0.016602,-0.112793,-10.742188,-36.682129,3.662109
1493852627.917115,-0.714844,0.037109,-0.173828,-9.338379,-36.804199,1.892090
1493852627.919744,-0.713379,0.035156,-0.159668,-7.507324,-37.963867,-0.732422
1493852627.922373,-0.680664,0.028809,-0.238770,-6.286621,-38.330078,-2.868652
1493852627.924973,-0.708008,0.014648,-0.205566,-3.906250,-38.757324,-5.859375
1493852627.927614,-0.704590,0.070312,-0.130859,-1.403809,-38.330078,-9.338379
1493852627.930468,-0.682129,0.057617,-0.109863,1.220703,-37.048340,-13.305664
1493852627.933096,-0.695312,0.061523,-0.128418,4.638672,-33.691406,-17.700195
1493852627.935649,-0.650391,0.050781,-0.177734,6.042480,-15.686035,-21.118164
1493852627.938220,-0.670898,0.067871,-0.163574,8.483887,-27.282715,-24.230957
1493852627.940862,-0.644043,0.059570,-0.128906,8.911133,-23.986816,-26.428223
1493852627.943550,-0.614746,0.062012,-0.145996,8.911133,-21.850586,-29.296875
1493852627.946233,-0.641113,0.028809,-0.091309,8.300781,-18.676758,-31.921387
1493852627.948920,-0.671387,0.055664,-0.160156,7.080078,-18.066406,-34.057617
1493852627.951610,-0.664551,0.039551,-0.118652,5.126953,-17.517090,-35.949707
1493852627.954293,-0.665039,0.046387,-0.109375,5.737305,-16.601562,-36.193848
1493852627.956975,-0.622559,0.026367,-0.226562,8.728027,-15.197754,-36.193848
1493852627.959627,-0.674316,0.010742,-0.124512,8.789062,-13.977051,-36.682129
1493852627.962206,-0.656250,0.026367,-0.158203,8.911133,-13.183594,-35.888672
1493852627.964759,-0.656738,0.018555,-0.140625,9.338379,-13.244629,-35.522461
1493852627.967311,-0.647949,0.008789,-0.226562,9.765625,-13.366699,-34.729004
1493852627.969873,-0.648438,0.017090,-0.147461,9.216309,-15.625000,-33.447266
1493852627.972440,-0.682617,0.034668,-0.155762,8.056641,-16.357422,-32.104492
1493852627.974993,-0.662598,-0.001465,-0.105469,8.789062,-17.456055,-31.066895
1493852627.977548,-0.647949,0.005371,-0.228027,9.643555,-16.967773,-30.456543
1493852627.980219,-0.645996,-0.001465,-0.130371,12.634277,-16.540527,-30.151367
1493852627.982780,-0.668945,0.011230,-0.195312,13.000488,-15.502930,-29.846191
1493852627.985337,-0.739258,0.004883,-0.190918,12.145996,-14.587402,-29.602051
1493852627.988012,-0.648438,-0.004395,-0.140137,12.207031,-14.160156,-28.564453
1493852627.990757,-0.650879,-0.109863,-0.269531,14.221191,-13.244629,-27.709961
1493852627.993441,-0.664062,-0.000977,-0.181152,16.540527,-11.718750,-26.367188
1493852627.996123,-0.663574,-0.002930,-0.195312,19.592285,-12.145996,-26.123047
1493852627.998808,-0.613281,0.019043,-0.231934,19.042969,-11.718750,-25.878906
1493852628.001493,-0.639160,-0.024902,-0.152344,21.606445,-11.474609,-24.414062
1493852628.004177,-0.645996,0.120117,-0.183594,22.583008,-11.413574,-23.925781
1493852628.006863,-0.708496,0.024902,-0.173340,21.057129,-15.075684,-23.559570
1493852628.009554,-0.682129,0.087891,-0.098633,17.700195,-20.935059,-23.132324
1493852628.012244,-0.755859,0.061523,-0.024414,14.648438,-26.672363,-22.399902
1493852628.014928,-0.625977,0.053711,-0.138184,15.563965,-29.357910,-20.812988
1493852628.017613,-0.738281,0.062500,-0.135254,19.470215,-28.503418,-20.935059
1493852628.020279,-0.733398,0.041504,-0.166504,22.338867,-28.198242,-21.972656
1493852628.022833,-0.699219,0.046387,-0.026855,24.475098,-25.695801,-24.230957
1493852628.025385,-0.716309,0.048340,-0.072754,20.874023,-23.498535,-26.672363
1493852628.027973,-0.690430,0.024902,-0.081543,18.493652,-22.277832,-27.404785
1493852628.030629,-0.644531,0.039551,-0.081543,18.981934,-21.606445,-28.442383
1493852628.033310,-0.692383,0.022949,-0.067383,18.066406,-22.155762,-29.052734
1493852628.035994,-0.668945,0.036621,-0.110840,20.019531,-21.728516,-28.503418
1493852628.038692,-0.748047,0.045898,-0.030273,20.935059,-21.728516,-28.564453
1493852628.041384,-0.640137,0.060059,-0.040527,19.287109,-21.179199,-28.747559
1493852628.044107,-0.685547,0.027344,-0.015625,17.700195,-19.042969,-29.174805
1493852628.046830,-0.650879,0.044922,-0.156250,15.808105,-17.089844,-30.151367
1493852628.049508,-0.666992,0.028320,-0.062500,13.732910,-14.160156,-31.616211
1493852628.052181,-0.661621,0.038574,-0.101562,14.282227,-12.207031,-32.592773
1493852628.054849,-0.624512,0.021484,-0.066406,11.962891,-9.765625,-34.057617
1493852628.057520,-0.646484,0.010742,-0.007324,13.977051,-8.178711,-35.278320
1493852628.060196,-0.659668,0.005859,-0.126465,13.732910,-7.690430,-35.827637
1493852628.062865,-0.626465,0.007324,-0.172852,14.465332,-8.239746,-36.804199
1493852628.065531,-0.510742,-0.008789,-0.080078,14.343262,-8.300781,-36.560059
1493852628.068320,-0.656738,-0.022461,-0.065918,13.549805,-7.934570,-36.254883
1493852628.070994,-0.656738,-0.023926,-0.144043,14.282227,-9.765625,-35.034180
1493852628.073660,-0.628906,-0.000977,-0.125488,15.136719,-10.253906,-33.508301
1493852628.076330,-0.744629,-0.022461,-0.085449,31.188965,-10.803223,-31.799316
1493852628.078971,-0.652832,-0.022949,-0.197754,16.479492,-10.253906,-31.555176
1493852628.081550,-0.650879,-0.125000,-0.138672,15.991211,-9.704590,-30.822754
1493852628.084099,-0.734863,-0.015137,-0.171875,16.784668,-10.498047,-31.311035
1493852628.086647,-0.544434,-0.004395,-0.155762,17.272949,-9.826660,-30.456543
1493852628.089314,-0.636230,-0.122070,-0.025391,16.235352,-9.094238,-30.456543
1493852628.091989,-0.630859,0.008789,-0.238770,17.761230,-9.460449,-30.944824
1493852628.094543,-0.609863,-0.015137,-0.001465,17.517090,-9.704590,-31.555176
1493852628.097094,-0.644531,-0.016113,-0.135254,17.333984,-9.338379,-31.372070
1493852628.099769,-0.628906,-0.013184,-0.232422,18.798828,-8.850098,-31.616211
1493852628.102512,-0.642090,-0.010254,-0.072754,18.066406,-8.239746,-32.043457
1493852628.105185,-0.510742,-0.018066,-0.120605,19.287109,-8.361816,-31.982422
1493852628.107876,-0.646484,-0.024902,-0.111816,19.470215,-8.117676,-31.433105
1493852628.110565,-0.580078,-0.034668,-0.236816,19.042969,-6.713867,-30.761719
1493852628.113230,-0.628906,-0.043945,-0.041016,18.432617,-5.920410,-31.677246
1493852628.115895,-0.608887,-0.000488,-0.155762,19.348145,-6.958008,-31.066895
1493852628.118567,-0.587402,-0.045410,-0.109863,20.141602,-6.896973,-31.494141
1493852628.121239,-0.611816,-0.018066,-0.138672,19.287109,-5.554199,-32.287598
1493852628.123904,-0.629883,-0.016602,-0.134766,18.005371,-5.554199,-32.714844
1493852628.126573,-0.589355,-0.014160,-0.093750,17.395020,-6.408691,-32.958984
1493852628.129263,-0.615723,-0.029297,-0.029297,17.395020,-6.286621,-33.874512
1493852628.131952,-0.563477,0.018555,-0.106445,15.625000,-5.065918,-34.667969
1493852628.134620,-0.567871,-0.034180,-0.061523,14.526367,-5.493164,-34.362793
1493852628.137289,-0.613281,-0.000977,-0.143066,14.892578,-5.493164,-36.071777
1493852628.139961,-0.576660,-0.022949,-0.072754,14.892578,-4.760742,-37.536621
1493852628.142634,-0.565918,-0.020508,-0.000488,11.962891,-4.272461,-37.963867
1493852628.145301,-0.628906,-0.016602,-0.009766,10.192871,-4.211426,-38.635254
1493852628.147979,-0.582031,-0.006348,-0.130859,11.535645,-4.028320,-38.757324
1493852628.150663,-0.517090,-0.042480,-0.082520,10.375977,-4.760742,-39.672852
1493852628.153343,-0.626953,-0.027344,-0.134277,8.178711,-4.821777,-40.039062
1493852628.156019,-0.583496,-0.013184,-0.150879,6.591797,-4.699707,-40.283203
1493852628.158705,-0.613281,-0.032715,-0.203613,6.408691,-4.211426,-40.283203
1493852628.161390,-0.599121,-0.034180,-0.100586,8.483887,-5.187988,-41.015625
1493852628.164071,-0.585449,-0.050781,-0.111816,6.713867,-5.737305,-41.442871
1493852628.166748,-0.613281,-0.061523,-0.144043,5.493164,-5.310059,-41.259766
1493852628.169426,-0.618652,-0.042480,-0.066406,6.469727,-5.004883,-40.954590
1493852628.172098,-0.573242,-0.064941,-0.019043,5.859375,-5.432129,-40.222168
1493852628.174765,-0.586914,-0.084473,-0.205078,6.103516,-5.981445,-39.550781
1493852628.177428,-0.565430,-0.072754,-0.089355,4.211426,-5.554199,-38.635254
1493852628.180046,-0.552734,-0.091309,-0.164062,3.723145,-6.286621,-38.085938
1493852628.182593,-0.550781,-0.086426,-0.075195,4.882812,-6.164551,-37.597656
1493852628.185137,-0.552246,-0.132324,-0.062988,5.554199,-6.164551,-35.827637
1493852628.187723,-0.541504,-0.111328,-0.125488,5.981445,-5.432129,-35.034180
1493852628.190392,-0.500488,-0.136230,-0.087402,6.958008,-5.249023,-34.057617
1493852628.193068,-0.484863,-0.140625,-0.125488,7.446289,-5.371094,-32.226562
1493852628.195733,-0.490234,-0.145508,-0.117676,6.103516,-5.187988,-30.944824
1493852628.198399,-0.465820,-0.138184,-0.181152,5.981445,-6.713867,-29.357910
1493852628.201065,-0.439453,-0.145996,-0.066406,5.859375,-6.469727,-28.564453
1493852628.203730,-0.428711,-0.170410,-0.186523,6.958008,-6.225586,-26.794434
1493852628.206503,-0.433105,-0.164062,-0.121094,6.591797,-5.676270,-25.512695
1493852628.209176,-0.425781,-0.155762,-0.157715,7.690430,-6.286621,-24.230957
1493852628.211845,-0.378418,-0.146484,-0.146484,5.859375,-7.019043,-22.521973
1493852628.214509,-0.429688,-0.130859,-0.147461,6.164551,-8.300781,-21.362305
1493852628.217174,-0.410156,-0.120117,-0.153809,4.760742,-8.728027,-19.348145
1493852628.219869,-0.404785,-0.121094,-0.150879,3.845215,-9.338379,-18.676758
1493852628.222559,-0.416992,-0.111328,-0.205078,2.746582,-8.789062,-18.188477
1493852628.225224,-0.440430,-0.121094,-0.193359,3.051758,-7.873535,-19.592285
1493852628.227893,-0.408203,-0.099609,-0.155762,2.319336,-6.591797,-22.277832
1493852628.230562,-0.492188,-0.080078,-0.171387,-14.831543,-5.371094,-25.085449
1493852628.233229,-0.462891,-0.030273,-0.129883,-2.868652,-5.187988,-28.259277
1493852628.235893,-0.381836,-0.036621,-0.173340,-3.845215,-4.333496,-30.029297
1493852628.238568,-0.524414,-0.017090,-0.131836,-5.126953,-3.173828,-31.677246
1493852628.241251,-0.560059,-0.046387,-0.113770,-6.958008,-1.037598,-34.484863
1493852628.243927,-0.531250,-0.058105,-0.121094,-7.934570,2.136230,-37.353516
1493852628.246597,-0.618652,-0.097168,-0.177246,-5.981445,4.638672,-40.344238
1493852628.249272,-0.714844,-0.143555,-0.077148,-5.432129,6.103516,-42.602539
1493852628.251952,-0.649902,-0.144531,-0.124512,-4.638672,9.582520,-42.236328
1493852628.254627,-0.625977,-0.174316,-0.073730,-2.136230,11.413574,-40.344238
1493852628.257303,-0.680176,-0.178223,-0.112793,0.183105,10.925293,-35.827637
1493852628.259987,-0.658203,-0.150391,-0.076172,2.807617,10.192871,-30.456543
1493852628.262673,-0.696777,-0.125488,-0.080078,6.286621,8.911133,-24.414062
1493852628.265351,-0.687012,-0.110352,0.064941,11.108398,5.859375,-18.859863
1493852628.268052,-0.706055,-0.234375,-0.148926,9.643555,1.281738,-14.404297
1493852628.270749,-0.714844,-0.100586,-0.017090,16.357422,0.366211,-11.657715
1493852628.273427,-0.711914,-0.097656,0.073730,18.554688,0.854492,-9.948730
1493852628.276102,-0.724609,-0.094238,-0.063965,16.967773,1.647949,-9.765625
1493852628.278759,-0.680176,-0.047852,-0.017090,17.395020,2.868652,-10.437012
1493852628.281346,-0.705078,0.002441,0.003418,14.709473,3.173828,-9.765625
1493852628.283893,-0.674805,0.022949,-0.034180,11.535645,3.417969,-9.216309
1493852628.286440,-0.703125,0.034668,-0.015625,10.437012,3.845215,-9.521484
1493852628.289005,-0.686523,0.031738,0.021973,10.131836,4.150391,-11.291504
1493852628.291574,-0.715820,0.024414,-0.072754,8.911133,4.882812,-15.441895
1493852628.294121,-0.696289,0.041016,0.005371,5.249023,7.019043,-19.470215
1493852628.296664,-0.702148,0.057617,-0.077637,1.892090,9.094238,-25.878906
1493852628.299255,-0.716797,0.028809,-0.017090,-0.427246,11.901855,-27.648926
1493852628.301924,-0.777344,0.058594,-0.020996,-2.685547,13.916016,-31.982422
1493852628.304607,-0.760742,-0.006836,-0.079590,-6.530762,16.479492,-35.156250
1493852628.307291,-0.808105,-0.012207,-0.058105,-8.300781,17.578125,-37.780762
1493852628.309980,-0.822266,-0.002930,-0.099609,-9.765625,17.700195,-39.062500
1493852628.312669,-0.829590,-0.022461,-0.133301,-9.704590,16.906738,-40.405273
1493852628.315348,-0.975586,-0.005371,-0.138184,-9.948730,16.113281,-41.076660
1493852628.318059,-0.906250,-0.018555,-0.104980,-9.460449,14.526367,-40.710449
1493852628.320776,-0.916504,-0.019531,-0.052734,-8.178711,12.207031,-40.893555
1493852628.323454,-0.948242,-0.037109,-0.191406,-6.103516,10.437012,-41.381836
1493852628.326135,-0.962402,-0.014648,-0.176758,-6.530762,8.544922,-41.992188
1493852628.328816,-0.944824,-0.029297,-0.126953,-4.455566,7.385254,-42.663574
1493852628.331496,-0.958984,-0.028809,-0.242188,-1.831055,5.554199,-43.090820
1493852628.334169,-0.978027,-0.014160,-0.160156,15.502930,4.211426,-43.823242
1493852628.336849,-0.998047,-0.028320,-0.151855,2.136230,2.807617,-44.799805
1493852628.339486,-0.975098,-0.028809,-0.203613,1.403809,1.098633,-46.630859
1493852628.342052,-0.985840,-0.002441,-0.166992,2.868652,-0.305176,-48.217773
1493852628.344703,-1.100098,-0.014160,-0.132324,6.408691,-0.793457,-50.659180
1493852628.347248,-0.877441,-0.011230,-0.218750,5.798340,-2.258301,-52.673340
1493852628.349873,-1.099121,0.122559,-0.134277,6.958008,-3.662109,-54.931641
1493852628.352568,-0.993652,-0.112793,-0.179199,8.972168,-4.516602,-58.410645
1493852628.355248,-0.999512,0.013672,-0.244629,9.216309,-4.882812,-61.950684
1493852628.357933,-1.022461,0.002930,-0.062500,10.070801,-4.943848,-64.758301
1493852628.360619,-1.022949,-0.001465,-0.192871,9.887695,-4.577637,-67.810059
1493852628.363296,-1.042480,0.009277,-0.181152,10.253906,-5.676270,-69.763184
1493852628.365976,-1.025391,0.023438,-0.148926,10.681152,-5.676270,-72.021484
1493852628.368677,-1.017578,0.023438,-0.068359,9.521484,-7.141113,-74.462891
1493852628.371374,-1.044922,0.034668,-0.138672,11.108398,-8.911133,-78.430176
1493852628.374057,-1.043945,0.035156,-0.143066,12.145996,-9.948730,-80.871582
1493852628.376735,-1.048828,0.031738,-0.156250,10.742188,-11.352539,-83.068848
1493852628.379370,-1.045898,0.031738,-0.241211,12.084961,-12.634277,-85.937500
1493852628.381939,-1.049805,0.032715,-0.105469,13.305664,-12.451172,-88.806152
1493852628.384493,-1.042480,0.050293,-0.211914,12.390137,-13.793945,-91.186523
1493852628.387044,-1.050781,0.059570,-0.145996,11.413574,-16.052246,-94.482422
1493852628.389671,-1.032227,0.066406,-0.245605,12.939453,-16.662598,-96.740723
1493852628.392369,-1.070801,0.050781,-0.369629,15.258789,-18.310547,-98.999023
1493852628.395053,-1.047852,0.046387,-0.291504,17.150879,-19.104004,-101.867676
1493852628.397738,-1.024902,0.044434,-0.206543,17.639160,-19.775391,-104.125977
1493852628.400450,-1.052246,0.056152,-0.298340,20.996094,-21.362305,-106.689453
1493852628.403134,-1.024414,0.045898,-0.291504,22.216797,-22.216797,-108.093262
1493852628.405816,-1.042969,0.060059,-0.267090,23.681641,-23.071289,-109.619141
1493852628.408503,-1.029297,0.077148,-0.308105,26.062012,-26.000977,-109.558105
1493852628.411191,-1.039551,0.089355,-0.354004,28.442383,-29.663086,-109.680176
1493852628.413872,-1.041504,0.111816,-0.302246,31.127930,-33.996582,-110.595703
1493852628.416553,-1.043945,0.114746,-0.296387,36.254883,-37.292480,-111.694336
1493852628.419225,-1.003418,0.248047,-0.279785,37.048340,-38.818359,-113.708496
1493852628.421829,-1.063477,0.138184,-0.302246,37.292480,-41.076660,-115.905762
1493852628.424382,-1.010254,0.216309,-0.331543,39.123535,-43.823242,-120.361328
1493852628.426936,-1.063477,0.216797,-0.144531,39.428711,-45.715332,-124.511719
1493852628.429492,-1.068848,0.279297,-0.148926,38.696289,-48.828125,-129.516602
1493852628.432047,-1.095215,0.318359,-0.310059,36.926270,-52.551270,-134.155273
1493852628.434596,-1.109863,0.302734,-0.373535,34.484863,-54.260254,-139.038086
1493852628.437144,-1.115723,0.305176,-0.345703,33.325195,-55.725098,-145.690918
1493852628.439757,-1.132324,0.288574,-0.331055,33.386230,-55.419922,-150.634766
1493852628.442435,-1.141113,0.265625,-0.259277,32.775879,-53.649902,-155.090332
1493852628.445113,-1.070312,0.241211,-0.379883,35.705566,-50.964355,-157.043457
1493852628.447795,-1.076660,0.202148,-0.322266,39.794922,-49.133301,-160.034180
1493852628.450479,-1.037109,0.218750,-0.401855,45.288086,-47.302246,-163.574219
1493852628.453158,-1.025391,0.224121,-0.367676,52.551270,-46.569824,-165.954590
1493852628.455838,-1.003906,0.238770,-0.290527,57.006836,-45.654297,-186.096191
1493852628.458526,-1.043945,0.236328,-0.258301,63.415527,-46.264648,-175.109863
1493852628.461213,-1.070312,0.261719,-0.342773,67.504883,-47.851562,-179.687500
1493852628.463895,-1.096680,0.263672,-0.343262,70.495605,-50.354004,-185.241699
1493852628.466577,-1.159668,0.275879,-0.365234,75.805664,-54.321289,-188.781738
1493852628.469276,-1.152832,0.279785,-0.475586,81.787109,-57.189941,-191.833496
1493852628.471976,-1.164551,0.273438,-0.347656,86.486816,-60.974121,-194.213867
1493852628.474658,-1.225098,0.239746,-0.404785,86.853027,-65.124512,-196.228027
1493852628.477342,-1.232422,0.238770,-0.468262,85.815430,-69.091797,-201.110840
1493852628.479968,-1.251465,0.177734,-0.398926,83.801270,-68.481445,-207.458496
1493852628.482631,-1.226562,0.129883,-0.439453,64.636230,-65.490723,-217.285156
1493852628.485184,-1.208008,0.084961,-0.262695,74.584961,-48.034668,-229.614258
1493852628.487761,-1.275879,0.005859,-0.293945,66.894531,-62.194824,-242.919922
1493852628.490405,-1.285156,-0.018555,-0.387695,62.133789,-62.072754,-258.422852
1493852628.493086,-1.267090,-0.034180,-0.380371,60.058594,-63.293457,-273.071289
1493852628.495763,-1.300293,-0.074219,-0.319824,65.490723,-64.819336,-284.301758
1493852628.498465,-1.283691,-0.036621,-0.460449,75.561523,-66.772461,-293.457031
1493852628.501170,-1.270508,-0.015137,-0.296387,93.750000,-67.199707,-298.217773
1493852628.503852,-1.263184,0.071777,-0.351562,112.182617,-66.772461,-297.851562
1493852628.506536,-1.180664,0.185059,-0.392090,127.990723,-67.199707,-293.701172
1493852628.509221,-1.056641,0.273926,-0.337402,142.456055,-68.908691,-286.315918
1493852628.511908,-1.009277,0.347168,-0.328613,151.428223,-70.800781,-266.296387
1493852628.514589,-1.106934,0.369141,-0.347168,152.954102,-70.861816,-273.376465
1493852628.517271,-1.074219,0.383301,-0.473633,145.935059,-70.861816,-250.854492
1493852628.519963,-1.064453,0.345215,-0.289551,138.305664,-69.824219,-263.732910
1493852628.522653,-1.016602,0.287598,-0.320312,126.525879,-65.856934,-280.578613
1493852628.525336,-0.996582,0.199219,-0.230469,110.839844,-60.729980,-270.629883
1493852628.528023,-0.974121,0.111328,-0.277344,97.961426,-55.419922,-280.883789
1493852628.530647,-0.943359,0.013672,-0.341309,89.843750,-53.039551,-291.625977
1493852628.533203,-0.895508,-0.025879,-0.366211,87.890625,-51.635742,-301.818848
1493852628.535757,-0.905762,-0.116699,-0.209961,87.768555,-51.391602,-309.143066
1493852628.538327,-0.903809,-0.138184,-0.306641,92.346191,-50.842285,-310.485840
1493852628.540894,-0.917969,-0.128906,-0.346680,98.327637,-49.804688,-308.288574
1493852628.543441,-0.876465,-0.054199,-0.349121,103.271484,-49.255371,-300.231934
1493852628.545987,-0.870605,0.004395,-0.253418,111.328125,-48.339844,-293.579102
1493852628.548563,-0.870605,0.051758,-0.274902,117.797852,-44.311523,-275.512695
1493852628.551214,-0.801758,0.160645,-0.361816,127.075195,-37.719727,-252.868652
1493852628.553898,-0.772949,0.243652,-0.251465,134.887695,-28.015137,-228.088379
1493852628.556579,-0.644043,0.293945,-0.324707,145.263672,-18.676758,-203.552246
1493852628.559284,-0.731445,0.361816,-0.356445,154.296875,-8.300781,-181.945801
1493852628.561989,-0.698730,0.421387,-0.266113,165.588379,1.464844,-166.137695
1493852628.564666,-0.640625,0.512695,-0.329590,179.382324,10.314941,-154.113770
1493852628.567346,-0.596680,0.582031,-0.259277,193.481445,17.150879,-145.812988
1493852628.570025,-0.607910,0.673340,-0.221680,216.308594,21.484375,-140.625000
1493852628.572707,-0.554199,0.759766,-0.193359,230.834961,28.015137,-139.770508
1493852628.575389,-0.556641,0.821777,-0.098633,252.868652,36.865234,-141.479492
1493852628.578064,-0.580078,0.897461,-0.109375,289.428711,48.278809,-145.568848
1493852628.580680,-0.602051,0.827637,0.076172,313.659668,59.509277,-154.968262
1493852628.583235,-0.643066,0.675781,0.049316,337.402344,63.171387,-175.903320
1493852628.585785,-1.068359,0.674805,0.182617,327.941895,69.641113,-216.735840
1493852628.588364,-1.223633,0.582031,0.323242,294.067383,71.411133,-272.033691
1493852628.591014,-0.694336,0.231445,-0.004883,228.271484,47.058105,-309.631348
1493852628.593698,-0.024414,-0.017090,-0.106934,141.662598,-14.343262,-298.828125
1493852628.596381,0.301758,-0.172363,0.083008,76.843262,-78.796387,-266.479492
1493852628.599084,0.470703,-0.394531,0.269043,33.447266,-125.488281,-224.609375
1493852628.601788,0.568359,-0.680664,0.284180,1.770020,-136.291504,-175.048828
1493852628.604468,0.585938,-0.787598,0.286133,-33.325195,-108.825684,-145.629883
1493852628.607151,0.455566,-0.757812,0.064941,-75.866699,-58.044434,-125.122070
1493852628.609855,0.330078,-0.511230,-0.045898,-116.943359,-5.676270,-88.623047
1493852628.612556,0.097656,-0.453125,-0.349121,-154.296875,31.921387,-42.602539
1493852628.615242,-0.118164,-0.270508,-0.589844,-190.856934,45.104980,10.131836
1493852628.618057,-0.290527,-0.145996,-0.508301,-224.243164,38.085938,73.913574
1493852628.620762,-0.488281,-0.035156,-0.469238,-250.061035,23.132324,92.834473
1493852628.623441,-0.479492,0.029297,-0.534668,-264.526367,10.314941,112.365723
1493852628.626120,-0.611816,0.091309,-0.500000,-276.123047,3.479004,119.873047
1493852628.628773,-0.546387,0.108398,-0.402344,-270.019531,1.525879,122.802734
1493852628.631355,-0.550781,0.119629,-0.344238,-251.586914,-0.732422,123.168945
1493852628.633902,-0.567871,0.088867,-0.181152,-261.413574,-2.136230,123.779297
1493852628.636451,-0.501465,0.109863,-0.351074,-249.938965,-4.028320,124.938965
1493852628.639035,-0.399902,0.058594,-0.165527,-233.886719,-5.615234,126.586914
1493852628.641680,-0.338379,0.002930,-0.112793,-210.510254,-4.516602,126.831055
1493852628.644401,-0.364258,-0.024902,-0.090820,-184.631348,3.479004,125.488281
1493852628.647058,-0.187012,-0.070312,-0.089844,-156.311035,4.760742,122.924805
1493852628.649741,-0.169434,-0.123047,-0.107422,-130.004883,9.277344,117.858887
1493852628.652477,-0.097656,-0.135742,-0.161133,-111.267090,14.709473,113.647461
1493852628.655173,-0.060547,-0.166992,-0.041504,-96.374512,19.287109,109.191895
1493852628.658325,-0.056152,-0.165527,-0.116699,-86.547852,21.606445,106.689453
1493852628.661380,0.004883,-0.167480,-0.109863,-78.063965,21.667480,106.384277
1493852628.663931,0.003418,-0.168945,-0.062500,-70.861816,22.399902,110.900879
1493852628.666482,-0.012207,-0.174805,-0.099121,-61.096191,24.108887,117.370605
1493852628.669086,-0.053711,-0.175293,-0.090820,-50.781250,44.677734,124.755859
1493852628.671689,-0.017090,-0.159180,-0.113281,-37.780762,35.095215,131.103516
1493852628.674239,-0.109375,-0.161621,-0.069336,-24.414062,40.649414,135.925293
1493852628.676785,-0.116699,-0.122559,-0.223633,-14.099121,43.945312,137.756348
1493852628.679389,-0.134277,-0.104492,-0.128906,-3.295898,43.579102,139.465332
1493852628.681993,-0.215820,-0.096680,-0.128418,5.126953,41.198730,141.784668
1493852628.684541,-0.213867,-0.060059,-0.148438,8.850098,36.682129,145.812988
1493852628.687089,-0.253906,-0.077148,-0.047852,15.136719,33.813477,152.465820
1493852628.689663,-0.260254,-0.037109,-0.136719,21.789551,32.714844,162.780762
1493852628.692241,-0.346191,-0.028320,-0.099121,24.047852,32.287598,176.574707
1493852628.694792,-0.288574,-0.018066,-0.098633,22.644043,31.494141,191.284180
1493852628.697340,-0.268555,0.017090,-0.164551,20.568848,29.602051,213.745117
1493852628.699892,-0.275391,0.049805,-0.075195,17.700195,28.198242,212.341309
1493852628.702445,-0.267578,0.062012,-0.042480,17.578125,25.878906,225.524902
1493852628.704994,-0.284180,0.083496,-0.114746,17.517090,24.597168,238.952637
1493852628.707546,-0.275391,0.142090,-0.034668,15.258789,25.085449,253.784180
1493852628.710197,-0.259277,0.179199,-0.061523,14.221191,26.550293,266.723633
1493852628.712748,-0.159180,0.193359,-0.063965,12.817383,28.564453,279.052734
1493852628.715297,-0.237793,0.226562,-0.026367,12.145996,32.104492,288.696289
1493852628.717900,-0.253418,0.286621,-0.069824,12.634277,35.278320,292.785645
1493852628.720531,-0.137695,0.307129,0.007324,13.977051,36.987305,293.090820
1493852628.723088,-0.208496,0.343750,-0.039062,16.601562,38.391113,290.039062
1493852628.725641,-0.235352,0.340820,0.016602,18.249512,39.978027,285.766602
1493852628.728194,-0.196289,0.380371,-0.027344,18.249512,42.114258,281.799316
1493852628.730746,-0.195312,0.356934,-0.007324,18.493652,46.813965,277.893066
1493852628.733297,-0.237305,0.359863,-0.008789,16.357422,48.522949,274.414062
1493852628.735847,-0.214844,0.382324,-0.012695,12.084961,54.382324,271.240234
1493852628.738397,-0.238281,0.345215,-0.052734,8.178711,58.715820,268.493652
1493852628.740947,-0.358887,0.353516,-0.028320,6.042480,62.683105,251.281738
1493852628.743493,-0.277344,0.328613,-0.018555,2.868652,66.284180,263.488770
1493852628.746036,-0.272949,0.343262,-0.080566,7.995605,59.631348,261.779785
1493852628.748590,-0.327637,0.329590,-0.065430,3.662109,68.298340,260.009766
1493852628.751148,-0.393555,0.306641,-0.008789,-2.685547,72.448730,259.460449
1493852628.753828,-0.394531,0.318848,-0.095703,-6.347656,73.547363,261.413574
1493852628.756381,-0.434570,0.332031,-0.119141,-8.666992,73.486328,264.892578
1493852628.758975,-0.443359,0.296387,-0.033203,-11.901855,72.143555,270.507812
1493852628.761578,-0.471680,0.281250,-0.110840,-13.488770,72.021484,275.634766
1493852628.764136,-0.401367,0.281738,-0.095703,-16.540527,72.021484,294.189453
1493852628.766693,-0.611328,0.286621,-0.089844,-18.188477,71.228027,283.996582
1493852628.769381,-0.546875,0.287598,-0.186523,-19.226074,71.044922,288.574219
1493852628.772112,-0.525391,0.308105,-0.113770,-21.240234,70.434570,292.785645
1493852628.774846,-0.561035,0.308594,-0.004883,-22.399902,70.800781,297.607422
1493852628.777605,-0.505371,0.351562,-0.160156,-23.925781,70.922852,301.086426
1493852628.780280,-0.555664,0.340820,-0.072754,-23.559570,72.082520,303.771973
1493852628.782834,-0.560059,0.361816,-0.150391,-23.803711,73.974609,305.541992
1493852628.785386,-0.562012,0.382324,-0.186523,-23.437500,73.913574,306.762695
1493852628.787972,-0.610840,0.410156,-0.171875,-22.888184,75.866699,305.908203
1493852628.790633,-0.625000,0.443359,-0.244629,-23.681641,76.599121,304.138184
1493852628.793320,-0.634277,0.423340,-0.033691,-22.766113,79.711914,299.682617
1493852628.796005,-0.681152,0.428711,-0.128418,-24.169922,81.909180,293.151855
1493852628.798689,-0.709473,0.434082,-0.170898,-25.817871,87.219238,284.973145
1493852628.801373,-0.724609,0.412598,-0.119141,-26.000977,91.796875,276.428223
1493852628.804058,-0.781250,0.277832,-0.050293,-27.770996,95.886230,268.615723
1493852628.806741,-0.838867,0.382812,-0.134277,-32.226562,98.754883,262.084961
1493852628.809379,-0.835449,0.347656,-0.125488,-35.339355,100.524902,258.117676
1493852628.811948,-0.892578,0.296875,-0.069824,-39.428711,102.966309,255.065918
1493852628.814499,-0.905762,0.292969,-0.160645,-44.433594,105.163574,254.272461
1493852628.817050,-0.997559,0.239746,-0.070801,-47.424316,106.689453,253.417969
1493852628.819682,-0.989746,0.231934,-0.070312,-54.199219,108.154297,252.807617
1493852628.822309,-1.057617,0.217773,-0.055664,-56.152344,107.116699,252.685547
1493852628.824860,-1.085449,0.236816,-0.131836,-59.020996,106.567383,253.967285
1493852628.827410,-1.198730,0.232422,-0.148438,-63.049316,105.224609,255.737305
1493852628.829972,-1.019043,0.209961,-0.019531,-67.199707,104.003906,257.629395
1493852628.832534,-1.151855,0.219238,-0.124512,-72.875977,101.745605,259.033203
1493852628.835082,-1.166504,0.223633,-0.064453,-76.416016,99.853516,260.437012
1493852628.837632,-1.168945,0.218750,-0.051758,-82.763672,98.510742,262.329102
1493852628.840253,-1.220703,0.238770,-0.154297,-85.998535,98.266602,265.319824
1493852628.842935,-1.125977,0.263672,-0.130859,-92.102051,97.045898,268.432617
1493852628.845618,-1.295410,0.142578,-0.181641,-95.886230,95.947266,270.324707
1493852628.848304,-1.279297,0.265137,-0.242676,-98.449707,93.688965,270.690918
1493852628.850992,-1.312500,0.226074,-0.174805,-101.196289,93.078613,269.470215
1493852628.853673,-1.299316,0.223633,-0.207520,-101.989746,94.177246,268.676758
1493852628.856354,-1.301758,0.206543,-0.197266,-102.539062,95.947266,265.808105
1493852628.859058,-1.333008,0.188965,-0.218262,-104.064941,97.045898,261.474609
1493852628.861763,-1.296387,0.133301,-0.368652,-103.454590,98.266602,257.446289
1493852628.864447,-1.313965,0.126465,-0.337402,-104.125977,100.341797,254.211426
1493852628.867125,-1.330078,0.116699,-0.273438,-104.187012,100.402832,251.037598
1493852628.869750,-1.312500,0.050293,-0.287109,-104.919434,102.783203,247.192383
1493852628.872309,-1.354980,0.044434,-0.294922,-104.797363,104.125977,241.821289
1493852628.874863,-1.325684,0.007324,-0.358887,-103.576660,106.079102,235.168457
1493852628.877419,-1.328125,0.006836,-0.360840,-102.416992,108.947754,227.722168
1493852628.880033,-1.250488,-0.017090,-0.396484,-106.445312,109.680176,218.566895
1493852628.882717,-1.394043,-0.069336,-0.443359,-112.426758,107.482910,214.050293
1493852628.885398,-1.404785,-0.087402,-0.382324,-119.262695,105.468750,206.054688
1493852628.888193,-1.399902,-0.172363,-0.337891,-122.253418,103.393555,202.453613
1493852628.890877,-1.416992,-0.165527,-0.361816,-120.117188,102.905273,201.110840
1493852628.893562,-1.412109,-0.128418,-0.351074,-117.431641,105.102539,203.918457
1493852628.896243,-1.454590,-0.357422,-0.288574,-112.426758,106.384277,208.801270
1493852628.898925,-1.438477,-0.252930,-0.377930,-108.825684,103.271484,230.895996
1493852628.901608,-1.443359,-0.231445,-0.398438,-105.285645,95.642090,223.815918
1493852628.904289,-1.450195,-0.226074,-0.296875,-101.257324,86.303711,232.543945
1493852628.906969,-1.401855,-0.198730,-0.363770,-93.505859,79.223633,239.990234
1493852628.909673,-1.352539,-0.187012,-0.433594,-85.937500,75.866699,244.567871
1493852628.912380,-1.330078,-0.134277,-0.372559,-82.336426,73.974609,244.567871
1493852628.915061,-1.328613,-0.132812,-0.345215,-82.092285,72.692871,241.760254
1493852628.917747,-1.312012,-0.096680,-0.368652,-80.505371,72.082520,238.464355
1493852628.920366,-1.251465,-0.007812,-0.306152,-63.781738,73.730469,232.971191
1493852628.922916,-1.131348,-0.125977,-0.371094,-76.293945,74.096680,230.773926
1493852628.925467,-1.140625,-0.170410,-0.262695,-74.157715,74.462891,230.041504
1493852628.928021,-1.232422,-0.190430,-0.380371,-70.678711,75.866699,229.492188
1493852628.930575,-1.371094,-0.192871,-0.345703,-69.946289,75.561523,231.018066
1493852628.933125,-1.251953,-0.253906,-0.259277,-70.312500,72.875977,232.116699
1493852628.935672,-1.220215,-0.252930,-0.320801,-64.147949,71.777344,233.276367
1493852628.938236,-1.126465,-0.223633,-0.266113,-57.983398,70.556641,234.191895
1493852628.940870,-1.210449,-0.255859,-0.284668,-57.983398,69.091797,234.375000
1493852628.943551,-1.200684,-0.261230,-0.270996,-57.250977,66.284180,236.267090
1493852628.946229,-1.213867,-0.255371,-0.277832,-53.955078,64.819336,238.403320
1493852628.948915,-1.204590,-0.252930,-0.246582,-33.508301,63.171387,241.210938
1493852628.951602,-1.154297,-0.243652,-0.212402,-44.372559,60.791016,242.797852
1493852628.954283,-1.026855,-0.248535,-0.194824,-40.649414,59.448242,241.333008
1493852628.956965,-1.137695,-0.227539,-0.226562,-39.306641,57.800293,237.609863
1493852628.959676,-1.083496,-0.228027,-0.138184,-33.996582,57.617188,232.971191
1493852628.962385,-1.052734,-0.265625,-0.142578,-30.151367,57.312012,229.064941
1493852628.965069,-1.042480,-0.257324,-0.114746,-25.939941,55.664062,226.135254
1493852628.967757,-0.928711,-0.230469,-0.205078,-24.108887,55.358887,222.778320
1493852628.970443,-0.976562,-0.214355,-0.178711,-22.949219,54.565430,216.918945
1493852628.973125,-0.978027,-0.227539,-0.178711,-24.291992,52.307129,208.923340
1493852628.975805,-0.941406,-0.196289,-0.213867,-24.108887,50.842285,198.364258
1493852628.978467,-0.917969,-0.224609,-0.088867,-23.986816,50.109863,187.622070
1493852628.981063,-0.911621,-0.277344,-0.166992,-22.216797,50.048828,177.124023
1493852628.983615,-0.783203,-0.260254,-0.155762,-21.606445,50.415039,157.165527
1493852628.986166,-0.896484,-0.313477,-0.099609,-23.132324,50.109863,164.733887
1493852628.988755,-0.903320,-0.302246,-0.179199,-23.559570,50.109863,157.043457
1493852628.991418,-0.914062,-0.357422,-0.089355,-23.803711,49.316406,151.489258
1493852628.994100,-0.899902,-0.389648,-0.099609,-23.559570,48.583984,146.484375
1493852628.996778,-0.875977,-0.422852,-0.121582,-22.033691,47.058105,141.174316
1493852628.999484,-0.878906,-0.437012,-0.137695,-20.263672,45.593262,136.230469
1493852629.002188,-0.989258,-0.450684,-0.003418,-20.629883,44.128418,130.493164
1493852629.004870,-0.870605,-0.460938,-0.088867,-19.775391,42.724609,125.427246
1493852629.007555,-0.783203,-0.364746,-0.128418,-17.089844,36.315918,116.088867
1493852629.010238,-0.798828,-0.258789,-0.106934,-40.771484,21.606445,91.552734
1493852629.012925,-0.742188,-0.336914,-0.015625,-39.001465,16.418457,64.025879
1493852629.015610,-0.796875,-0.458008,0.050781,-42.541504,19.775391,49.316406
1493852629.018302,-0.834961,-0.566406,0.017090,-39.184570,27.343750,52.368164
1493852629.020996,-0.866699,-0.648438,0.024902,-30.212402,34.423828,67.993164
1493852629.023683,-0.831543,-0.664062,0.004883,-22.338867,36.254883,84.655762
1493852629.026474,-0.875488,-0.634766,0.052246,-18.493652,33.874512,90.270996
1493852629.029131,-0.825684,-0.546875,-0.012207,-15.136719,30.334473,85.327148
1493852629.031715,-0.820801,-0.452637,0.018555,-13.793945,4.577637,73.913574
1493852629.034264,-0.793945,-0.450684,0.037109,-14.770508,9.460449,62.805176
1493852629.036813,-0.761230,-0.425293,-0.003418,-13.244629,2.624512,59.509277
1493852629.039363,-0.662598,-0.436035,0.071777,-12.756348,3.356934,55.480957
1493852629.041915,-0.860840,-0.448730,-0.033203,-16.296387,8.728027,54.687500
1493852629.044461,-0.737305,-0.447266,0.026367,-19.531250,12.756348,51.635742
1493852629.047008,-0.728027,-0.458496,0.031738,-23.559570,13.183594,45.227051
1493852629.049610,-0.729004,-0.443359,-0.034180,-27.282715,11.657715,36.376953
1493852629.052281,-0.684570,-0.451172,0.067383,-28.137207,10.742188,27.770996
1493852629.054961,-0.687988,-0.411621,0.006348,-29.174805,10.009766,19.531250
1493852629.057662,-0.729004,-0.395508,-0.033203,-33.996582,9.338379,12.573242
1493852629.060363,-0.752441,-0.395996,-0.048828,-37.597656,7.568359,5.310059
1493852629.063037,-0.840820,-0.412598,-0.026855,-39.550781,7.324219,-1.831055
1493852629.065713,-0.733398,-0.416504,-0.009766,-42.968750,7.995605,-8.850098
1493852629.068393,-0.729492,-0.412598,-0.008789,-41.931152,9.399414,-17.761230
1493852629.071077,-0.767090,-0.425293,0.053223,-44.189453,8.361816,-24.047852
1493852629.073756,-0.748047,-0.420898,-0.117676,-44.494629,8.911133,-29.296875
1493852629.076435,-0.784668,-0.429199,-0.020508,-45.227051,9.155273,-35.156250
1493852629.079119,-0.753418,-0.410156,-0.041016,-46.081543,9.155273,-40.771484
1493852629.081807,-0.785156,-0.433594,-0.007812,-46.142578,7.019043,-46.203613
1493852629.084486,-0.782715,-0.459961,0.011230,-46.081543,5.187988,-48.400879
1493852629.087166,-0.807617,-0.442871,0.059570,-46.081543,4.760742,-52.917480
1493852629.089811,-0.673340,-0.404297,-0.071777,-46.264648,4.211426,-56.518555
1493852629.092388,-0.783203,-0.439453,0.009277,-47.485352,3.295898,-59.448242
1493852629.094935,-0.752930,-0.414062,-0.011230,-47.973633,2.990723,-62.377930
1493852629.097482,-0.796387,-0.418945,0.022949,-49.011230,2.990723,-65.124512
1493852629.100123,-0.771484,-0.413574,-0.049805,-49.804688,2.685547,-70.129395
1493852629.102803,-0.819336,-0.394043,0.000977,-50.537109,2.929688,-75.744629
1493852629.105487,-0.738281,-0.405762,0.038574,-54.687500,2.929688,-82.824707
1493852629.108176,-0.750977,-0.401367,0.122070,-56.579590,2.868652,-87.707520
1493852629.110861,-0.746094,-0.426758,-0.013184,-58.227539,3.112793,-92.102051
1493852629.113539,-0.762695,-0.433105,0.013184,-58.532715,3.295898,-94.421387
1493852629.116215,-0.860840,-0.436035,-0.001465,-60.424805,3.051758,-96.618652
1493852629.118901,-0.759277,-0.321777,0.110352,-61.218262,2.319336,-99.548340
1493852629.121587,-1.052734,0.122559,-0.411621,-85.876465,-12.207031,-105.712891
1493852629.124268,-0.947266,-0.153809,-0.054688,-84.594727,-10.314941,-125.244141
1493852629.126950,-0.804688,-0.378906,-0.095215,-30.822754,69.458008,-156.555176
1493852629.129606,-0.590820,-0.568359,-0.212891,-25.695801,141.967773,-192.871094
1493852629.132190,-0.532715,-0.611328,-0.534668,-16.601562,172.546387,-223.571777
1493852629.134742,-0.503906,-0.636719,-0.437988,6.652832,191.101074,-225.341797
1493852629.137290,-0.752930,-0.419434,-0.237793,30.761719,216.064453,-223.632812
1493852629.139916,-1.146484,0.005371,-0.522461,37.902832,219.909668,-205.932617
1493852629.142617,-1.513672,0.638184,-0.294922,66.101074,202.880859,-177.429199
1493852629.145295,-2.356934,1.596191,-0.226074,118.103027,183.288574,-141.296387
1493852629.147990,-3.180664,2.041504,-0.164551,164.978027,169.128418,-102.111816
1493852629.150686,-3.067871,1.735840,-0.367676,201.538086,159.240723,-78.125000
1493852629.153370,-1.632812,0.996582,-0.795898,188.232422,117.675781,-89.843750
1493852629.156053,-0.595703,0.383301,-0.903809,187.438965,43.884277,-117.187500
1493852629.158741,-0.044434,0.151855,-0.730469,161.376953,-44.799805,-151.672363
1493852629.161532,-0.050293,0.195801,-0.484375,147.277832,-119.934082,-208.007812
1493852629.164219,-0.385254,0.217773,-0.242676,149.841309,-156.188965,-287.902832
1493852629.166905,-0.716797,0.031250,-0.009766,156.433105,-144.653320,-370.422363
1493852629.169550,-0.809570,-0.044434,-0.162109,153.808594,-95.336914,-427.246094
1493852629.172122,-0.791992,-0.272949,-0.260254,133.117676,-85.449219,-452.087402
1493852629.174670,-0.943359,-0.427734,-0.331055,102.661133,-48.828125,-451.232910
1493852629.177223,-1.052246,-0.388184,-0.287109,79.101562,-29.113770,-427.551270
1493852629.179780,-1.306641,-0.526855,-0.345215,67.138672,-26.977539,-415.283203
1493852629.182333,-1.382324,-0.568359,-0.429199,66.101074,-42.114258,-372.863770
1493852629.184883,-1.365234,-0.665039,-0.428711,67.687988,-69.091797,-319.641113
1493852629.187431,-1.330078,-0.701172,-0.373535,68.237305,-93.261719,-259.460449
1493852629.190000,-1.227051,-0.597168,-0.263672,66.284180,-101.196289,-198.913574
1493852629.192569,-1.094727,-0.481934,-0.257812,59.082031,-105.407715,-143.432617
1493852629.195116,-0.957031,-0.296875,-0.225586,49.011230,-99.731445,-96.069336
1493852629.197663,-0.837402,-0.032227,-0.156250,40.893555,-91.003418,-60.852051
1493852629.200342,-0.725586,0.017578,-0.225586,37.048340,-85.571289,-32.958984
1493852629.203022,-0.669434,0.246094,-0.189453,37.841797,-85.815430,-17.761230
1493852629.206003,-0.548340,0.408203,-0.190430,44.433594,-89.111328,-35.400391
1493852629.208939,-0.434570,0.585938,-0.087402,49.865723,-79.345703,-49.865723
1493852629.211511,-0.250488,0.724121,-0.340820,46.508789,-95.947266,-74.829102
1493852629.214062,-0.260254,0.791504,-0.311035,56.518555,-108.703613,-105.712891
1493852629.216609,-0.198730,0.765625,-0.206543,64.208984,-114.990234,-127.990723
1493852629.219166,-0.190918,0.738770,-0.287598,71.777344,-115.478516,-170.410156
1493852629.221722,-0.175293,0.625488,-0.171875,81.359863,-110.717773,-212.158203
1493852629.224271,-0.161621,0.554199,-0.274902,85.815430,-101.440430,-246.704102
1493852629.226821,-0.216797,0.398438,-0.207520,93.139648,-79.711914,-273.132324
1493852629.229373,-0.317383,0.242676,-0.242676,99.243164,-81.481934,-295.776367
1493852629.231926,-0.451660,0.129883,-0.330078,100.769043,-65.612793,-320.800781
1493852629.234475,-0.605469,0.075195,-0.515137,96.557617,-54.077148,-348.937988
1493852629.237022,-0.674316,0.069824,-0.680664,93.322754,-43.029785,-354.736328
1493852629.239629,-0.706055,-0.015137,-0.775391,89.904785,-37.231445,-358.215332
1493852629.242308,-0.700684,-0.088867,-0.886719,78.369141,-34.973145,-347.412109
1493852629.244999,-0.714355,-0.162109,-0.973145,52.001953,-41.625977,-330.932617
1493852629.247689,-0.765137,-0.300293,-1.031250,8.361816,-59.814453,-311.523438
1493852629.250371,-0.700684,-0.478027,-0.564453,-39.855957,-88.073730,-297.790527
1493852629.253057,-0.758789,-0.603516,-0.356445,-79.223633,-138.427734,-279.602051
1493852629.255743,-0.910156,-0.757812,0.091309,-115.600586,-190.185547,-254.699707
1493852629.258454,-1.101074,-0.926758,0.554688,-140.563965,-230.041504,-226.562500
1493852629.261165,-0.972656,-1.028320,0.876465,-134.643555,-238.891602,-188.354492
1493852629.263849,-0.964844,-1.198242,1.104492,-82.458496,-205.261230,-131.042480
1493852629.266531,-0.898438,-1.130859,0.729980,-34.118652,-133.483887,-71.533203
1493852629.269217,-0.661133,-0.921875,0.256836,-16.418457,-48.278809,-10.864258
1493852629.271905,-0.614746,-0.444824,-0.129883,21.118164,18.310547,45.593262
1493852629.274591,-0.554199,-0.190918,-0.427246,30.029297,50.781250,88.256836
1493852629.277275,-0.587891,0.173828,-0.681152,10.253906,36.376953,107.482910
1493852629.279907,-0.638184,0.381836,-0.433105,-22.521973,15.014648,98.937988
1493852629.282478,-0.665039,0.430176,-0.214844,-44.921875,-11.291504,63.537598
1493852629.285034,-0.668945,0.466309,0.093262,-48.461914,-57.189941,17.761230
1493852629.287588,-0.572266,0.422363,0.123047,-20.812988,-99.304199,-19.226074
1493852629.290137,-0.502930,0.142090,0.326172,1.037598,-120.605469,-33.874512
1493852629.292686,-0.419922,0.151855,-0.012695,7.934570,-75.134277,-50.476074
1493852629.295355,-0.320312,0.037109,-0.181641,-6.896973,-18.798828,-57.067871
1493852629.297935,-0.339844,0.003418,-0.185547,-37.902832,16.540527,-57.556152
1493852629.300589,-0.438965,-0.032227,-0.183105,-38.696289,24.658203,-56.335449
1493852629.303277,-0.626465,-0.071289,-0.085449,-62.255859,24.963379,-58.776855
1493852629.305962,-0.683594,-0.063477,-0.040527,-63.659668,17.761230,-67.565918
1493852629.308671,-0.851562,-0.074219,0.047852,-49.987793,10.070801,-73.730469
1493852629.311385,-0.967773,-0.075195,-0.106934,-31.921387,6.713867,-72.814941
1493852629.314064,-0.828125,-0.099609,-0.063965,-21.606445,8.422852,-59.387207
1493852629.316746,-0.777344,-0.130859,-0.099121,-19.104004,11.596680,-40.649414
1493852629.319458,-0.704590,-0.116699,-0.181641,-19.287109,14.465332,-23.620605
1493852629.322164,-0.693359,-0.101074,-0.112793,-20.690918,14.709473,-11.291504
1493852629.324847,-0.719238,0.029297,-0.178711,-18.493652,12.207031,-8.666992
1493852629.327528,-0.656738,0.140625,-0.165527,-13.183594,-13.732910,-16.113281
1493852629.330164,-0.672852,0.166504,-0.035156,-9.033203,-7.629395,-28.381348
1493852629.332721,-0.688477,0.002930,-0.097656,-7.934570,-5.676270,-36.193848
1493852629.335270,-0.635742,0.072754,-0.121582,-10.803223,3.356934,-37.292480
1493852629.337832,-0.692383,0.032715,-0.173340,-17.150879,15.808105,-32.592773
1493852629.340466,-0.685059,-0.009277,-0.195801,-24.780273,23.498535,-24.414062
1493852629.343148,-0.636230,-0.050293,-0.170898,-30.334473,26.428223,-19.104004
1493852629.345833,-0.667480,-0.116211,-0.129883,-32.226562,26.428223,-15.991211
1493852629.348522,-0.658691,-0.084473,-0.200684,-30.334473,24.230957,-15.441895
1493852629.351210,-0.681152,-0.101562,-0.180664,-26.855469,24.780273,-13.183594
1493852629.353895,-0.683105,-0.093262,-0.159668,-20.874023,22.644043,-9.826660
1493852629.356575,-0.692871,-0.081543,-0.197754,-0.610352,21.667480,-4.455566
1493852629.359273,-0.711426,-0.057617,-0.171875,-14.160156,18.981934,3.601074
1493852629.361975,-0.713379,-0.044434,-0.109863,-10.742188,15.747070,9.948730
1493852629.364658,-0.739746,-0.034180,-0.212891,-9.521484,12.634277,14.404297
1493852629.367343,-0.766602,0.002441,-0.171387,-9.460449,8.544922,15.747070
1493852629.370026,-0.761719,0.009766,-0.037598,-5.310059,6.225586,15.258789
1493852629.372706,-0.760254,0.021484,-0.168457,-1.037598,5.065918,12.390137
1493852629.375386,-0.741699,0.024414,-0.142578,0.976562,3.356934,8.483887
1493852629.378073,-0.637695,0.022949,-0.137695,3.051758,2.441406,4.333496
1493852629.380693,-0.744141,0.012695,-0.147461,6.530762,3.845215,1.098633
1493852629.383241,-0.682129,0.107910,-0.137695,6.408691,5.126953,-0.610352
1493852629.385788,-0.690918,0.007324,-0.208496,7.751465,6.225586,-1.281738
1493852629.388362,-0.695312,-0.016113,-0.134277,9.155273,8.483887,-0.854492
1493852629.391006,-0.654297,-0.026367,-0.158203,10.192871,10.131836,-0.488281
1493852629.393693,-0.693359,-0.003418,-0.166016,12.573242,13.122559,0.061035
1493852629.396382,-0.650879,0.002930,-0.142090,14.404297,14.709473,1.281738
1493852629.399095,-0.657715,-0.022461,-0.153809,14.648438,15.930176,2.014160
1493852629.401807,-0.663574,-0.008301,-0.218262,16.723633,17.150879,3.173828
1493852629.404490,-0.686523,0.026367,-0.214844,20.385742,16.540527,4.089355
1493852629.407168,-0.642090,0.039551,-0.229004,21.667480,17.150879,5.432129
1493852629.409879,-0.679199,0.020508,-0.197754,21.789551,16.540527,5.371094
1493852629.412590,-0.657715,0.038574,-0.261719,21.545410,14.892578,5.554199
1493852629.415272,-0.678223,0.007812,-0.214844,23.742676,12.390137,4.699707
1493852629.417959,-0.651855,0.005859,-0.294922,22.277832,8.789062,4.150391
1493852629.420640,-0.662598,0.008789,-0.147461,22.766113,5.249023,4.150391
1493852629.423319,-0.704102,0.020996,-0.360840,22.766113,1.403809,3.356934
1493852629.426000,-0.682617,-0.010742,-0.226562,22.155762,-1.953125,3.051758
1493852629.428660,-0.707031,-0.025879,-0.302246,23.986816,-6.286621,2.868652
1493852629.431252,-0.702637,-0.010742,-0.280762,23.498535,-7.812500,1.831055
1493852629.433800,-0.698730,-0.009277,-0.241211,21.972656,-11.413574,1.708984
1493852629.436460,-0.668945,-0.025879,-0.353516,23.376465,-15.625000,1.647949
1493852629.439054,-0.709473,-0.010742,-0.210449,23.498535,-18.859863,1.342773
1493852629.441710,-0.707031,0.004883,-0.146484,23.498535,-23.498535,1.831055
1493852629.444391,-0.698242,0.043945,-0.210449,23.742676,-28.320312,3.295898
1493852629.447073,-0.731445,0.077148,-0.221680,25.878906,-30.761719,5.859375
1493852629.449760,-0.671387,0.074219,-0.221680,28.076172,-30.822754,6.103516
1493852629.452451,-0.692871,0.060059,-0.154785,31.738281,-29.724121,6.286621
1493852629.455132,-0.626953,0.062012,-0.177734,32.470703,-28.320312,3.234863
1493852629.457813,-0.661621,0.026367,-0.207031,32.104492,-26.428223,-0.854492
1493852629.460496,-0.636719,0.037109,-0.197266,30.334473,-25.573730,-5.126953
1493852629.463175,-0.628418,0.030273,-0.104004,29.052734,-24.475098,-8.972168
1493852629.465858,-0.606445,0.044434,-0.113281,29.296875,-23.437500,-9.765625
1493852629.468545,-0.601074,0.041016,-0.134766,28.381348,-22.644043,-9.643555
1493852629.471231,-0.621094,0.046875,-0.201172,29.113770,-22.277832,-9.643555
1493852629.473914,-0.606445,0.024414,-0.061523,29.785156,-19.592285,-8.789062
1493852629.476597,-0.604980,0.019531,-0.166016,30.639648,-16.845703,-8.422852
1493852629.479247,-0.570801,0.024414,-0.110840,28.503418,-14.953613,-7.995605
1493852629.481825,-0.576172,0.020508,-0.114746,28.198242,-13.000488,-9.033203
1493852629.484373,-0.592285,0.002930,-0.165527,28.015137,-11.413574,-9.338379
1493852629.486928,-0.583984,0.007812,-0.065430,26.000977,-9.887695,-10.253906
1493852629.489540,-0.598633,0.013184,-0.195312,24.841309,-7.873535,-11.596680
1493852629.492215,-0.604492,0.014648,-0.108887,26.245117,-8.544922,-13.366699
1493852629.494896,-0.594727,0.008789,-0.047852,26.855469,-6.652832,-12.939453
1493852629.497581,-0.591797,0.013184,-0.150879,26.855469,-5.249023,-13.305664
1493852629.500319,-0.511719,0.015137,-0.161621,25.329590,-5.126953,-12.695312
1493852629.502998,-0.614746,-0.032227,-0.141113,24.047852,-6.103516,-12.207031
1493852629.505676,-0.630859,-0.001465,-0.207031,25.512695,-5.798340,-11.962891
1493852629.508362,-0.576660,-0.011230,-0.126465,25.634766,-6.347656,-11.169434
1493852629.511050,-0.632812,-0.041504,-0.200684,24.902344,-6.103516,-11.535645
1493852629.513731,-0.603516,-0.013184,-0.218262,25.512695,-5.798340,-10.925293
1493852629.516410,-0.583984,-0.031738,-0.160156,26.977539,-6.164551,-10.620117
1493852629.519094,-0.571777,-0.019531,-0.192383,27.160645,-5.615234,-8.911133
1493852629.521775,-0.603027,-0.020508,-0.169434,26.184082,-5.920410,-7.080078
1493852629.524456,-0.539551,-0.029297,-0.134766,28.015137,-5.432129,-5.615234
1493852629.527131,-0.583008,-0.046387,-0.136230,30.517578,-4.150391,-4.394531
1493852629.529754,-0.566406,-0.058594,-0.238281,30.517578,-2.868652,-2.197266
1493852629.532313,-0.565430,-0.092773,-0.148926,30.761719,-4.333496,3.967285
1493852629.534861,-0.589844,-0.138672,-0.175781,35.034180,-5.065918,17.578125
1493852629.537414,-0.543945,-0.081055,-0.219238,41.259766,-8.056641,31.250000
1493852629.540031,-0.567871,-0.033691,-0.152344,43.273926,-12.634277,38.757324
1493852629.542717,-0.562012,0.062012,-0.208496,45.166016,-17.639160,37.109375
1493852629.545399,-0.579590,0.082031,-0.131836,44.921875,-21.362305,28.137207
1493852629.548081,-0.570801,0.105469,-0.156738,41.687012,-20.935059,15.014648
1493852629.550766,-0.598633,0.114746,-0.153809,36.193848,-17.761230,7.995605
1493852629.553446,-0.573730,0.130371,-0.198730,30.883789,-10.559082,-5.432129
1493852629.556123,-0.625000,0.095215,-0.128906,21.972656,-3.906250,-17.272949
1493852629.558812,-0.608887,0.067383,-0.179688,18.859863,2.807617,-25.695801
1493852629.561506,-0.591309,0.005859,-0.231445,17.517090,6.774902,-27.648926
1493852629.564191,-0.580078,0.006836,-0.128418,15.869141,7.202148,-26.367188
1493852629.566874,-0.576172,-0.018066,-0.186523,14.099121,5.310059,-25.756836
1493852629.569562,-0.581543,-0.032227,-0.223633,14.831543,3.173828,-25.634766
1493852629.572252,-0.549805,-0.047363,-0.134766,16.845703,1.281738,-23.864746
1493852629.574934,-0.572266,-0.066406,-0.054199,18.676758,-0.793457,-20.141602
1493852629.577730,-0.613281,-0.037109,-0.195801,18.859863,-1.098633,-15.869141
1493852629.580352,-0.583008,-0.050781,-0.104004,19.348145,-1.647949,-12.573242
1493852629.582909,-0.637695,-0.023926,-0.123047,19.470215,-1.525879,-10.681152
1493852629.585464,-0.615234,-0.016113,-0.182617,18.798828,-1.220703,-10.253906
1493852629.588032,-0.501465,-0.007324,-0.108398,19.287109,14.892578,-10.437012
1493852629.590671,-0.563965,0.004883,-0.152832,19.470215,0.732422,-10.803223
1493852629.593355,-0.608887,-0.119629,-0.163574,20.080566,-0.244141,-11.840820
1493852629.596040,-0.593750,0.121582,-0.246582,17.700195,0.244141,-13.000488
1493852629.598728,-0.626953,-0.019043,-0.064453,16.662598,0.244141,-13.000488
1493852629.601417,-0.577637,-0.004395,-0.203613,18.310547,0.915527,-12.207031
1493852629.604099,-0.570801,-0.028809,-0.124512,17.700195,1.647949,-10.375977
1493852629.606782,-0.597168,-0.052246,-0.174805,17.822266,2.136230,-8.911133
1493852629.609481,-0.601562,-0.057129,-0.161621,17.761230,2.868652,-8.117676
1493852629.612180,-0.583008,-0.051758,-0.124512,16.479492,3.601074,-5.798340
1493852629.614855,-0.602051,-0.069336,-0.106934,16.723633,5.554199,-5.249023
1493852629.617533,-0.567871,-0.094238,-0.165527,17.822266,6.530762,-3.845215
1493852629.620220,-0.544922,-0.086914,-0.132324,17.333984,6.774902,-2.319336
1493852629.622903,-0.503906,-0.088379,-0.155762,16.784668,7.385254,-0.610352
1493852629.625587,-0.541992,-0.041504,-0.186523,17.211914,7.568359,0.610352
1493852629.628260,-0.534668,-0.041504,-0.210449,17.211914,6.103516,1.647949
1493852629.630862,-0.541992,-0.024902,-0.189453,16.723633,4.699707,2.136230
1493852629.633408,-0.544434,-0.002441,-0.255371,17.272949,2.807617,1.586914
1493852629.635957,-0.534180,0.029297,-0.207031,15.380859,1.586914,-0.061035
1493852629.638551,-0.578613,0.046387,-0.251465,14.282227,1.281738,-1.892090
1493852629.641208,-0.535156,0.028320,-0.276855,14.343262,1.098633,-3.112793
1493852629.643885,-0.601074,-0.013184,-0.283203,13.671875,2.075195,-5.798340
1493852629.646563,-0.596680,-0.008301,-0.214355,14.465332,1.892090,-7.629395
1493852629.649267,-0.598633,-0.038574,-0.204590,13.610840,2.136230,-9.399414
1493852629.651976,-0.621582,-0.033691,-0.318359,13.854980,1.708984,-11.718750
1493852629.654662,-0.627930,-0.042480,-0.257812,14.587402,1.708984,-13.610840
1493852629.657347,-0.736816,-0.040527,-0.328613,17.883301,0.610352,-14.953613
1493852629.660033,-0.655762,-0.016113,-0.251953,19.470215,0.305176,-16.357422
1493852629.662719,-0.649902,0.005371,-0.236816,20.874023,-1.281738,-16.967773
1493852629.665404,-0.694336,0.014648,-0.238770,21.667480,-2.624512,-16.113281
1493852629.668089,-0.659668,0.017578,-0.246582,24.658203,-2.990723,-16.540527
1493852629.670773,-0.709961,0.050293,-0.195312,25.390625,-4.150391,-17.822266
1493852629.673451,-0.695312,0.074219,-0.154297,25.634766,-5.432129,-18.493652
1493852629.676127,-0.672852,0.063965,-0.158203,25.390625,-6.469727,-20.202637
1493852629.678791,-0.662598,0.067383,-0.219238,24.597168,-6.896973,-22.949219
1493852629.681392,-0.708008,0.090820,-0.159668,23.742676,-6.408691,-26.611328
1493852629.683948,-0.680176,0.089355,-0.132812,22.460938,-5.615234,-28.442383
1493852629.686503,-0.745605,0.081543,-0.194824,22.155762,-4.333496,-31.616211
1493852629.689114,-0.714355,0.072266,-0.063965,20.751953,-3.601074,-34.301758
1493852629.691796,-0.738281,0.058594,-0.213867,19.042969,-3.723145,-36.437988
1493852629.694482,-0.841797,0.054688,-0.156250,17.333984,-2.502441,-38.940430
1493852629.697163,-0.726562,0.069336,-0.181152,17.639160,-3.112793,-41.076660
1493852629.699865,-0.761230,0.067383,-0.196777,18.859863,-3.601074,-43.579102
1493852629.702570,-0.766602,0.068359,-0.240234,18.676758,-4.089355,-46.508789
1493852629.705250,-0.767090,0.066406,-0.152344,17.456055,-5.493164,-48.583984
1493852629.707935,-0.815430,0.061523,-0.236816,18.310547,-6.286621,-50.048828
1493852629.710619,-0.806641,0.063965,-0.145020,16.906738,-6.591797,-53.161621
1493852629.713300,-0.803711,0.085449,-0.162598,17.272949,-8.483887,-55.053711
1493852629.716085,-0.782227,0.098633,-0.200684,18.493652,-9.399414,-58.166504
1493852629.718770,-0.817871,0.077637,-0.142578,17.333984,-9.521484,-61.035156
1493852629.721459,-0.847168,0.083496,-0.207031,18.310547,-10.131836,-64.025879
1493852629.724148,-0.804199,0.069824,-0.162598,18.676758,-10.864258,-66.772461
1493852629.726830,-0.809570,0.052246,-0.127930,18.249512,-10.803223,-69.824219
1493852629.729474,-0.817383,0.065430,-0.130859,16.723633,-11.047363,-71.777344
1493852629.732049,-0.837402,0.070801,-0.202148,16.174316,-10.864258,-73.303223
1493852629.734605,-0.833496,0.077637,-0.187012,15.502930,-11.169434,-75.256348
1493852629.737163,-0.865234,0.081543,-0.173340,15.686035,-10.803223,-77.392578
1493852629.739777,-0.860840,0.060059,-0.181152,16.174316,-11.657715,-79.833984
1493852629.742461,-0.774902,0.031738,-0.187988,16.601562,-12.329102,-81.909180
1493852629.745152,-0.930664,0.033203,-0.181641,17.028809,-15.563965,-78.491211
1493852629.747854,-0.925293,0.008789,-0.244141,20.019531,-18.859863,-73.913574
1493852629.750558,-0.957031,0.029297,-0.302246,20.324707,-22.644043,-69.702148
1493852629.753244,-0.950684,0.055664,-0.153809,22.277832,-25.573730,-68.664551
1493852629.755930,-0.955078,0.059570,-0.244141,21.606445,-28.747559,-71.166992
1493852629.758617,-0.964844,0.095703,-0.174805,21.606445,-31.066895,-75.622559
1493852629.761300,-0.968262,0.122559,-0.224121,23.559570,-32.043457,-82.336426
1493852629.763982,-0.927246,0.118652,-0.187500,24.291992,-31.860352,-90.454102
1493852629.766668,-0.909180,0.175293,-0.183594,22.338867,-31.188965,-98.571777
1493852629.769355,-0.811035,0.141113,-0.151855,21.362305,-28.442383,-106.140137
1493852629.772045,-0.926758,0.009277,-0.224609,19.958496,-25.634766,-111.694336
1493852629.774728,-0.919922,0.095215,-0.163574,19.958496,-23.803711,-116.577148
1493852629.777413,-0.970215,0.085938,-0.231934,21.057129,-22.766113,-118.347168
1493852629.780050,-0.979492,0.089355,-0.203613,21.789551,-23.559570,-119.018555
1493852629.782608,-0.969727,0.065918,-0.206543,22.888184,-25.329590,-121.398926
1493852629.785164,-0.989258,0.097656,-0.187012,25.146484,-23.132324,-122.680664
1493852629.787738,-0.953613,0.086914,-0.192383,27.709961,-20.263672,-125.610352
1493852629.790307,-1.023438,0.080566,-0.198730,25.939941,-18.310547,-127.319336
1493852629.792859,-0.952637,0.111816,-0.218750,26.611328,-17.272949,-129.455566
1493852629.795410,-0.965820,0.080078,-0.177734,30.456543,-16.601562,-129.211426
1493852629.797990,-0.970703,0.079590,-0.181641,32.836914,-16.052246,-129.516602
1493852629.800642,-0.948730,0.125488,-0.207031,33.264160,-16.723633,-129.760742
1493852629.803324,-0.970215,0.114746,-0.205566,32.348633,-17.883301,-129.943848
1493852629.806009,-0.970703,0.225586,-0.204590,32.592773,-20.263672,-131.225586
1493852629.808696,-0.918945,0.107422,-0.126953,35.583496,-22.583008,-132.873535
1493852629.811378,-0.957031,0.084961,-0.147949,40.710449,-23.986816,-134.094238
1493852629.814064,-0.917480,0.117188,-0.175781,41.931152,-24.536133,-135.498047
1493852629.816750,-0.917480,0.126465,-0.180664,46.325684,-25.207520,-136.657715
1493852629.819465,-0.899414,0.130859,-0.109863,50.354004,-27.099609,-137.451172
1493852629.822184,-0.894043,0.143066,-0.089355,53.161621,-30.578613,-137.878418
1493852629.824868,-0.928711,0.200195,-0.086914,55.664062,-33.691406,-138.916016
1493852629.827555,-0.935059,0.282715,-0.106934,55.725098,-38.940430,-139.160156
1493852629.830171,-0.878418,0.312988,0.034180,51.757812,-45.776367,-156.066895
1493852629.832723,-1.124512,0.335449,-0.116211,46.752930,-51.025391,-143.920898
1493852629.835278,-1.041504,0.362793,-0.021484,40.710449,-53.833008,-149.841309
1493852629.837838,-0.897949,0.357422,-0.168945,38.391113,-56.701660,-154.724121
1493852629.840471,-1.119141,0.316406,-0.164551,40.405273,-57.983398,-159.606934
1493852629.843158,-0.953613,0.138672,-0.213867,37.536621,-55.664062,-163.818359
1493852629.845837,-0.942383,0.203613,-0.238281,35.522461,-52.246094,-169.006348
1493852629.848525,-0.872070,0.174805,-0.147949,35.827637,-49.865723,-173.400879
1493852629.851215,-0.854004,0.113281,-0.154785,36.437988,-48.583984,-177.856445
1493852629.854006,-0.805664,0.137695,-0.144531,41.137695,-45.227051,-182.189941
1493852629.856693,-0.802246,0.148926,-0.062500,45.410156,-45.043945,-186.584473
1493852629.859380,-0.796387,0.195801,-0.033203,49.255371,-45.227051,-190.795898
1493852629.862064,-0.835449,0.251953,-0.002441,52.185059,-44.433594,-196.289062
1493852629.864748,-0.875977,0.326660,-0.009277,53.649902,-44.433594,-204.895020
1493852629.867429,-0.967773,0.293945,0.016602,58.288574,-43.518066,-213.073730
1493852629.870121,-0.863281,0.311035,0.047852,62.133789,-40.954590,-221.862793
1493852629.872807,-0.906250,0.286621,-0.082520,60.485840,-42.053223,-229.980469
1493852629.875489,-0.910156,0.283691,-0.129883,55.664062,-47.241211,-238.403320
1493852629.878168,-0.960938,0.234863,-0.100586,49.865723,-55.603027,-246.459961
1493852629.880782,-0.878906,0.140625,-0.231934,43.701172,-62.683105,-252.502441
1493852629.883338,-0.947266,0.066406,-0.256836,38.513184,-66.589355,-254.028320
1493852629.885894,-0.886230,-0.026367,-0.306152,35.766602,-63.598633,-254.577637
1493852629.888493,-1.087402,-0.057617,-0.417969,34.606934,-56.701660,-252.990723
1493852629.891161,-0.976562,-0.081543,-0.402832,31.677246,-45.471191,-249.328613
1493852629.893847,-1.037598,-0.071777,-0.476562,46.813965,-32.165527,-244.262695
