1493852621.961667,-0.734375,0.046387,-0.175293,16.540527,-19.775391,-26.794434
1493852621.964259,-0.500977,0.034180,-0.157715,17.211914,-19.348145,-28.381348
1493852621.966800,-0.744141,0.044434,-0.110840,15.502930,-18.127441,-29.235840
1493852621.969391,-0.537598,0.020508,-0.150391,13.671875,-18.005371,-29.846191
1493852621.971984,-0.659668,0.048340,-0.125488,11.596680,-18.737793,-30.395508
1493852621.974536,-0.646484,0.065430,-0.115234,8.300781,-20.141602,-29.724121
1493852621.977562,-0.694336,0.015137,-0.090820,7.324219,-22.827148,-28.198242
1493852621.980590,-0.680176,0.044434,-0.010742,6.530762,-24.353027,-27.038574
1493852621.983143,-0.707031,0.019531,-0.120605,7.995605,-25.268555,-24.536133
1493852621.985697,-0.685547,0.010742,-0.016113,10.314941,-24.963379,-23.376465
1493852621.988339,-0.713379,-0.102051,-0.077148,12.268066,-25.634766,-22.583008
1493852621.990983,-0.664062,0.026855,-0.181641,10.498047,-24.902344,-22.888184
1493852621.993534,-0.668945,0.028809,-0.186523,9.704590,-26.245117,-24.108887
1493852621.996580,-0.673340,0.024902,-0.148926,7.995605,-27.038574,-25.085449
1493852621.999734,-0.659668,0.018555,-0.104980,8.361816,-28.259277,-25.390625
1493852622.002388,-0.670410,0.033203,-0.119629,8.056641,-28.625488,-26.672363
1493852622.004992,-0.644531,0.053711,-0.187500,8.422852,-28.381348,-26.611328
1493852622.007874,-0.660156,0.056152,-0.006836,7.995605,-27.770996,-28.198242
1493852622.010708,-0.664062,0.030762,-0.135254,7.080078,-25.146484,-29.724121
1493852622.013261,-0.580078,0.039062,-0.211914,6.530762,-23.437500,-31.799316
1493852622.015805,-0.638184,0.027344,-0.025391,4.943848,-21.362305,-33.996582
1493852622.018359,-0.644531,0.024414,-0.233398,6.713867,-18.859863,-34.179688
1493852622.020912,-0.606934,0.015625,-0.038574,7.141113,-16.723633,-35.461426
1493852622.023455,-0.617188,0.015625,-0.173340,6.652832,-14.282227,-37.475586
1493852622.026001,-0.593262,0.123535,-0.116211,6.042480,-12.390137,-40.161133
1493852622.028850,-0.609375,0.015137,-0.200195,5.798340,-11.169434,-41.748047
1493852622.031704,-0.646484,0.123535,-0.190918,5.981445,-10.314941,-42.724609
1493852622.034259,-0.636230,-0.001465,-0.228516,7.873535,-9.338379,-44.189453
1493852622.036809,-0.683105,-0.001465,-0.162109,7.507324,-9.094238,-44.128418
1493852622.039364,-0.660156,-0.114258,-0.142090,7.873535,-9.338379,-43.395996
1493852622.041919,-0.640625,0.123535,-0.183594,8.422852,-9.582520,-42.480469
1493852622.044472,-0.694824,-0.120605,-0.198730,8.239746,-12.329102,-41.198730
1493852622.047026,-0.686523,-0.024414,-0.117188,9.338379,-13.244629,-40.588379
1493852622.049632,-0.666504,-0.034668,-0.148438,9.094238,-14.038086,-40.283203
1493852622.052309,-0.687988,-0.006836,-0.047852,11.962891,-15.258789,-40.161133
1493852622.054997,-0.698242,-0.014648,-0.145020,11.962891,-15.991211,-40.100098
1493852622.057688,-0.685547,-0.004883,-0.161621,13.488770,-17.272949,-39.245605
1493852622.060379,-0.655762,-0.010742,-0.164551,13.244629,-18.127441,-38.818359
1493852622.063061,-0.669434,0.002930,-0.135254,14.770508,-19.775391,-38.024902
1493852622.065747,-0.683105,-0.019531,-0.056152,15.563965,-20.263672,-37.597656
1493852622.068436,-0.651855,0.005371,-0.100586,16.845703,-20.507812,-36.865234
1493852622.071053,-0.702637,-0.019043,-0.165527,15.625000,-21.301270,-36.376953
1493852622.073607,-0.694824,-0.006348,-0.150391,16.113281,-21.484375,-36.010742
1493852622.076164,-0.678223,-0.007324,-0.147461,17.517090,-22.277832,-35.766602
1493852622.078794,-0.711426,0.007812,-0.081543,16.601562,-22.521973,-36.010742
1493852622.081430,-0.674805,0.001465,-0.144043,16.052246,-23.071289,-36.682129
1493852622.083987,-0.713867,0.004395,-0.155762,16.479492,-23.010254,-37.963867
1493852622.086540,-0.661621,0.033203,-0.141113,15.991211,-21.911621,-38.757324
1493852622.089281,-0.671387,0.020996,-0.194336,17.761230,-20.019531,-40.893555
1493852622.092022,-0.678223,0.020508,-0.194336,16.113281,-18.920898,-42.236328
1493852622.094578,-0.717773,0.008789,-0.013672,16.235352,-18.432617,-42.419434
1493852622.097131,-0.689941,0.001465,-0.102051,16.174316,-20.080566,-44.006348
1493852622.099797,-0.742188,0.006836,-0.094238,15.991211,-19.592285,-44.799805
1493852622.102726,-0.715820,0.016602,-0.150391,16.723633,-19.287109,-62.133789
1493852622.105512,-0.717773,0.021484,-0.097168,17.333984,-17.089844,-47.424316
1493852622.108248,-0.728027,0.018555,-0.120605,19.653320,-16.174316,-48.950195
1493852622.110881,-0.719727,0.020508,-0.011230,18.005371,-16.174316,-49.499512
1493852622.113432,-0.736328,0.034180,-0.118652,15.563965,-16.113281,-51.025391
1493852622.115984,-0.708496,0.025391,-0.036133,15.930176,-15.563965,-52.734375
1493852622.118578,-0.729492,0.026855,-0.048828,18.066406,-15.075684,-55.725098
1493852622.121173,-0.626465,0.023438,-0.045898,16.601562,-13.732910,-58.471680
1493852622.123725,-0.751465,0.045898,-0.059570,16.357422,-13.732910,-60.913086
1493852622.126536,-0.750977,0.039551,-0.027344,14.343262,-12.756348,-62.194824
1493852622.129195,-0.725586,0.057617,-0.046875,13.000488,-12.329102,-64.697266
1493852622.131746,-0.772949,0.035156,-0.048828,13.122559,-10.314941,-69.824219
1493852622.134293,-0.733887,0.065918,-0.038086,13.061523,-7.446289,-74.340820
1493852622.136837,-0.779785,0.015625,0.082520,13.854980,-5.615234,-75.805664
1493852622.139387,-0.785156,0.030273,-0.078613,11.657715,-5.310059,-76.293945
1493852622.141935,-0.804688,0.043457,-0.031738,10.498047,-6.530762,-77.209473
1493852622.144747,-0.776367,0.043945,-0.096680,10.620117,-8.850098,-78.918457
1493852622.147925,-0.833008,0.048828,-0.068359,9.460449,-10.314941,-83.312988
1493852622.151075,-0.866699,0.058594,-0.118652,9.887695,-10.253906,-86.242676
1493852622.153870,-0.815918,0.048828,-0.145996,10.437012,-11.108398,-89.843750
1493852622.156421,-0.854492,0.026367,-0.062988,10.742188,-11.108398,-93.261719
1493852622.158971,-0.846680,0.022949,-0.109375,9.582520,-10.559082,-95.520020
1493852622.161521,-0.872559,0.025391,-0.104980,9.765625,-11.596680,-96.557617
1493852622.164068,-0.756836,0.036133,-0.152832,8.605957,-13.610840,-98.510742
1493852622.166612,-0.831543,0.047852,-0.163574,8.911133,-15.930176,-99.426270
1493852622.169160,-0.848633,0.044434,-0.090820,10.986328,-19.714355,-100.585938
1493852622.171715,-0.830566,0.035156,-0.140625,11.230469,-21.545410,-101.257324
1493852622.174263,-0.783203,0.028809,-0.139648,11.779785,-22.521973,-103.637695
1493852622.176810,-0.881836,0.062012,-0.193359,11.108398,-23.498535,-105.590820
1493852622.179364,-0.883789,0.072754,-0.171387,12.145996,-23.620605,-109.619141
1493852622.181917,-0.989258,0.050293,-0.216309,11.657715,-23.986816,-111.022949
1493852622.184467,-0.881836,0.067871,-0.177246,11.718750,-23.559570,-115.173340
1493852622.187019,-0.936035,0.044922,-0.194824,12.756348,-23.071289,-119.445801
1493852622.189578,-0.917969,0.034180,-0.303711,12.939453,-21.789551,-123.229980
1493852622.192133,-0.948242,0.031250,-0.291992,14.282227,-22.827148,-125.549316
1493852622.194680,-0.913574,0.026367,-0.280762,16.235352,-22.155762,-128.173828
1493852622.197227,-0.925781,0.007812,-0.242188,17.639160,-19.348145,-130.310059
1493852622.199804,-1.070312,-0.001465,-0.210449,19.287109,-16.540527,-131.958008
1493852622.202384,-0.966797,-0.008789,-0.202148,21.423340,-15.258789,-132.751465
1493852622.204936,-1.039062,0.009277,-0.159668,21.728516,-11.962891,-134.033203
1493852622.207485,-1.068848,0.020996,-0.272461,24.353027,-7.690430,-138.122559
1493852622.210176,-1.017090,0.036133,-0.256836,25.024414,-2.441406,-143.554688
1493852622.212728,-1.185059,0.078613,-0.321777,25.939941,1.708984,-148.010254
1493852622.215272,-1.353027,0.065918,-0.296387,29.113770,4.760742,-151.306152
1493852622.217822,-1.308594,0.093750,-0.295898,37.231445,5.920410,-155.639648
1493852622.220372,-1.261719,0.141113,-0.439453,44.982910,10.253906,-161.560059
1493852622.222920,-1.419922,0.190918,-0.445801,54.199219,11.413574,-166.076660
1493852622.225470,-1.432617,0.228027,-0.507812,63.476562,12.390137,-167.968750
1493852622.228021,-1.482422,0.257812,-0.385254,74.401855,8.361816,-171.813965
1493852622.230694,-1.375977,0.301270,-0.447754,81.542969,1.342773,-173.706055
1493852622.233325,-1.514648,0.402832,-0.422363,90.576172,-7.934570,-176.208496
1493852622.235992,-1.498535,0.476074,-0.291992,99.914551,-17.211914,-179.382324
1493852622.238648,-1.466797,0.535156,-0.320312,121.337891,-25.634766,-181.457520
1493852622.241305,-1.394043,0.643555,-0.284668,113.586426,-31.921387,-183.654785
1493852622.243854,-1.401855,0.712891,-0.142090,116.821289,-34.667969,-187.194824
1493852622.246404,-1.360352,0.772461,-0.156738,117.614746,-34.118652,-193.115234
1493852622.248981,-1.314453,0.865234,-0.009766,116.699219,-32.287598,-200.195312
1493852622.251561,-1.293945,0.894043,-0.082031,115.356445,-29.846191,-209.838867
1493852622.254109,-1.315918,0.955078,-0.043457,115.295410,-27.465820,-230.957031
1493852622.256658,-1.298340,0.949707,-0.093262,114.868164,-29.663086,-225.952148
1493852622.259234,-1.255371,0.941406,-0.141113,112.670898,-32.348633,-237.365723
1493852622.261809,-1.235840,0.854980,-0.059570,93.872070,-32.043457,-249.511719
1493852622.264412,-1.216309,0.776855,-0.109375,97.045898,-28.198242,-262.756348
1493852622.267016,-1.294434,0.569824,-0.056152,80.444336,-21.362305,-275.573730
1493852622.269568,-1.315918,0.376465,-0.097656,59.692383,-19.897461,-286.865234
1493852622.272121,-1.347656,0.194336,-0.111816,38.269043,-18.432617,-298.217773
1493852622.274671,-1.265137,-0.006836,-0.157715,22.460938,-15.869141,-304.870605
1493852622.277218,-1.440918,-0.196289,-0.268066,17.883301,-10.620117,-315.551758
1493852622.279823,-1.476074,-0.332031,-0.218262,25.756836,-9.033203,-323.425293
1493852622.282501,-1.495605,-0.364258,-0.291016,36.071777,-10.681152,-328.369141
1493852622.285184,-1.484375,-0.314453,-0.328613,51.757812,-17.028809,-330.627441
1493852622.287874,-1.498047,-0.229492,-0.426270,75.378418,-29.357910,-329.528809
1493852622.290560,-1.438477,-0.092773,-0.419922,97.656250,-45.959473,-324.707031
1493852622.293242,-1.366699,0.030762,-0.556152,111.877441,-61.584473,-315.979004
1493852622.295925,-1.366699,0.069824,-0.494141,113.464355,-72.326660,-306.823730
1493852622.298585,-1.295410,0.132324,-0.537109,94.848633,-78.308105,-297.729492
1493852622.301175,-1.182617,0.002930,-0.513672,95.703125,-79.772949,-290.710449
1493852622.303724,-1.138672,0.069824,-0.640625,76.477051,-79.589844,-286.804199
1493852622.306275,-1.083008,-0.098145,-0.628418,60.302734,-79.345703,-288.513184
1493852622.308910,-1.000488,-0.071777,-0.470703,49.560547,-79.467773,-293.579102
1493852622.311545,-0.876465,-0.121094,-0.541504,44.738770,-79.284668,-299.133301
1493852622.314099,-0.804688,-0.168945,-0.518066,46.752930,-76.843262,-301.452637
1493852622.316651,-0.775391,-0.209473,-0.459961,57.312012,-73.791504,-305.297852
1493852622.319262,-0.736328,-0.124512,-0.549316,64.880371,-71.960449,-306.335449
1493852622.321935,-0.722656,-0.070312,-0.589355,73.120117,-70.556641,-303.588867
1493852622.324611,-0.667480,0.012207,-0.498535,73.852539,-71.533203,-295.654297
1493852622.327286,-0.667480,0.116211,-0.523438,73.974609,-72.814941,-281.555176
1493852622.329967,-0.650879,0.350586,-0.513672,73.852539,-71.228027,-264.953613
1493852622.332644,-0.661621,0.329590,-0.460938,71.533203,-66.406250,-245.361328
1493852622.335312,-0.590820,0.443848,-0.483398,72.326660,-57.373047,-224.609375
1493852622.337985,-0.553711,0.506836,-0.324219,71.472168,-45.166016,-203.857422
1493852622.340657,-0.451660,0.532715,-0.328613,77.209473,-28.320312,-184.204102
1493852622.343321,-0.286621,0.567871,-0.326172,85.083008,-4.394531,-168.395996
1493852622.345988,-0.269531,0.618652,-0.376953,99.548340,13.427734,-156.799316
1493852622.348675,-0.202148,0.607422,-0.253418,120.422363,17.822266,-148.010254
1493852622.351348,-0.139648,0.463379,-0.327637,140.502930,35.461426,-143.005371
1493852622.354026,-0.114746,0.241211,-0.377930,150.939941,46.203613,-142.944336
1493852622.356720,-0.075195,0.017090,-0.361328,142.150879,51.696777,-151.306152
1493852622.359407,-0.075195,-0.272461,-0.242676,127.197266,48.522949,-164.489746
1493852622.362043,-0.015137,-0.618652,-0.201172,113.525391,37.658691,-179.626465
1493852622.364593,0.023438,-0.742676,-0.202637,113.769531,24.291992,-201.843262
1493852622.367143,-0.006836,-0.658691,-0.059570,126.037598,10.925293,-195.678711
1493852622.369986,-0.012207,-0.702637,-0.089355,144.042969,0.427246,-190.612793
1493852622.372710,-0.100098,-0.709961,0.022949,161.071777,5.615234,-182.800293
1493852622.375257,-0.008789,-0.701172,0.143555,173.583984,21.240234,-159.057617
1493852622.377868,-0.053223,-0.576172,0.014648,173.156738,42.236328,-125.915527
1493852622.380510,-0.199219,-0.255371,-0.084961,163.269043,51.147461,-86.853027
1493852622.383084,-0.294922,-0.197754,-0.246582,116.577148,32.287598,-42.236328
1493852622.385720,-0.299805,-0.008789,-0.426270,95.947266,-7.446289,2.136230
1493852622.388545,-0.265625,-0.013184,-0.070801,38.208008,-52.001953,43.212891
1493852622.391370,-0.212402,-0.060059,0.192383,-12.512207,-82.702637,80.139160
1493852622.393919,-0.216309,-0.041504,0.160156,-2.258301,-96.008301,108.032227
1493852622.396467,-0.247070,-0.073242,0.178223,13.732910,-96.862793,126.892090
1493852622.399089,-0.207031,-0.027344,0.076172,29.052734,-88.500977,141.723633
1493852622.401998,-0.174805,-0.016602,0.044434,34.057617,-61.218262,157.592773
1493852622.404893,-0.127930,0.024902,0.084473,37.963867,-40.527344,175.415039
1493852622.407565,-0.037109,0.136719,0.057617,36.560059,-22.521973,194.396973
1493852622.410274,-0.008789,0.257324,0.043457,36.254883,-9.338379,211.364746
1493852622.412993,0.114258,0.349609,-0.077637,31.372070,-3.784180,228.454590
1493852622.415665,0.024902,0.444824,-0.070312,28.991699,-4.638672,241.333008
1493852622.418324,0.051758,0.511719,-0.039062,24.963379,-6.958008,247.863770
1493852622.420937,0.081543,0.732422,-0.128906,15.930176,-8.728027,243.957520
1493852622.423502,0.061523,0.697266,-0.076172,9.765625,-10.009766,229.858398
1493852622.426054,0.048340,0.726074,-0.090820,2.502441,-9.887695,207.092285
1493852622.428607,0.076172,0.861328,0.007324,-2.685547,-7.446289,177.978516
1493852622.431158,0.054688,0.626953,-0.045898,-6.469727,-4.943848,163.330078
1493852622.433705,0.041504,0.725586,-0.060547,-9.216309,0.488281,135.742188
1493852622.436257,-0.027344,0.673340,-0.105469,-10.925293,6.225586,112.731934
1493852622.438814,-0.028320,0.619629,-0.084961,-13.671875,12.695312,96.557617
1493852622.441371,-0.083496,0.381836,-0.007812,-18.676758,30.639648,87.219238
1493852622.443922,-0.112305,0.405762,-0.044922,-23.559570,19.836426,85.815430
1493852622.446475,-0.118652,0.330566,-0.030273,-24.230957,23.071289,88.317871
1493852622.449116,-0.137695,0.134766,-0.039551,-29.418945,23.925781,93.505859
1493852622.451752,-0.140625,0.238281,-0.035156,-32.470703,25.329590,96.130371
1493852622.454304,-0.174316,0.187012,-0.069336,-35.461426,25.268555,100.463867
1493852622.456856,-0.203125,0.145020,-0.085449,-43.945312,30.395508,102.600098
1493852622.459527,-0.207031,0.168945,-0.101562,-42.724609,25.451660,107.849121
1493852622.462264,-0.185547,0.159668,-0.002441,-41.870117,21.423340,114.746094
1493852622.464933,-0.191406,0.181152,-0.087402,-59.753418,21.118164,122.558594
1493852622.467602,-0.168945,0.183594,-0.103027,-49.499512,20.202637,128.601074
1493852622.470325,-0.177246,0.150391,-0.011230,-54.565430,20.141602,134.887695
1493852622.472996,-0.172852,0.179688,-0.024414,-58.776855,20.935059,141.784668
1493852622.475666,-0.176758,0.171387,-0.039551,-65.979004,21.606445,147.216797
1493852622.478330,-0.166504,0.145996,-0.024414,-72.326660,20.996094,152.832031
1493852622.481045,-0.205078,0.160156,-0.044434,-77.392578,20.751953,157.409668
1493852622.483716,-0.194336,0.154785,-0.077148,-81.848145,20.324707,162.841797
1493852622.486268,-0.250977,0.173828,-0.109375,-87.097168,19.592285,168.701172
1493852622.488883,-0.255859,0.144531,-0.017578,-91.979980,19.775391,175.354004
1493852622.491494,-0.250488,0.156250,-0.054199,-96.069336,21.423340,183.837891
1493852622.494038,-0.250977,0.182617,-0.102051,-99.243164,24.414062,203.063965
1493852622.496590,-0.291504,0.192383,-0.027344,-103.576660,26.977539,192.871094
1493852622.499217,-0.263184,0.181152,-0.019531,-107.727051,28.686523,197.448730
1493852622.501840,-0.243164,0.175293,-0.069336,-110.229492,31.677246,201.965332
1493852622.504389,-0.292969,0.160156,0.004883,-109.741211,33.447266,206.542969
1493852622.507046,-0.257324,0.142578,-0.085449,-110.107422,36.315918,213.134766
1493852622.509634,-0.325684,0.130371,-0.043457,-109.375000,38.757324,221.496582
1493852622.512221,-0.323242,0.177734,-0.104980,-109.741211,39.855957,228.454590
1493852622.514817,-0.363281,0.149902,-0.101074,-109.619141,42.175293,234.436035
1493852622.517416,-0.440430,0.169922,-0.098633,-107.910156,43.823242,240.051270
1493852622.520034,-0.438965,0.160156,-0.077637,-105.346680,46.142578,241.638184
1493852622.522721,-0.372559,0.149902,-0.044922,-103.881836,47.485352,245.849609
1493852622.525404,-0.366211,0.176758,-0.240234,-100.463867,49.987793,248.657227
1493852622.528084,-0.340820,0.182617,-0.159668,-98.754883,51.757812,250.732422
1493852622.530700,-0.401855,0.177246,-0.083984,-97.839355,53.222656,252.380371
1493852622.533258,-0.377441,0.203613,-0.171875,-97.595215,54.809570,252.685547
1493852622.535810,-0.450195,0.173340,-0.197266,-96.313477,56.518555,253.173828
1493852622.538389,-0.418945,0.217773,-0.132324,-94.665527,57.983398,251.892090
1493852622.541038,-0.433594,0.168945,-0.144043,-92.102051,58.959961,250.488281
1493852622.543723,-0.375977,0.170898,-0.130371,-90.576172,59.143066,250.976562
1493852622.546413,-0.476074,0.141113,-0.217773,-88.439941,62.500000,252.563477
1493852622.549429,-0.505371,0.120605,-0.148438,-87.402344,64.086914,254.089355
1493852622.552381,-0.489258,0.144531,-0.231934,-85.632324,66.467285,256.896973
1493852622.554933,-0.537598,0.081543,-0.197266,-85.510254,66.650391,260.253906
1493852622.557484,-0.556152,0.093750,-0.216309,-83.618164,67.321777,263.671875
1493852622.560125,-0.602051,0.070312,-0.160645,-80.932617,65.368652,268.493652
1493852622.562807,-0.643066,0.097168,-0.208984,-78.491211,65.063477,273.498535
1493852622.565495,-0.534668,0.111816,-0.234863,-76.538086,65.246582,277.160645
1493852622.568190,-0.658203,0.097168,-0.150879,-73.669434,65.673828,281.311035
1493852622.570880,-0.698242,0.104980,-0.160156,-72.387695,65.246582,283.874512
1493852622.573567,-0.672852,0.102051,-0.155762,-69.824219,65.795898,286.682129
1493852622.576252,-0.685059,0.119629,-0.117676,-68.359375,65.979004,288.574219
1493852622.578913,-0.717773,0.126953,-0.161621,-67.382812,66.467285,290.649414
1493852622.581508,-0.722168,0.110840,-0.164551,-65.246582,66.528320,293.640137
1493852622.584063,-0.780762,0.249512,-0.112793,-63.659668,65.795898,294.555664
1493852622.586617,-0.755859,0.134277,-0.195312,-63.476562,65.734863,296.386719
1493852622.589171,-0.744141,0.135254,-0.125488,-62.438965,64.392090,298.217773
1493852622.591727,-0.832031,0.162109,-0.133301,-61.706543,62.866211,300.292969
1493852622.594283,-0.790527,0.187500,-0.145996,-58.227539,62.438965,302.795410
1493852622.596833,-0.880859,0.230469,-0.190430,-59.020996,61.645508,304.748535
1493852622.599410,-0.866699,0.125000,-0.147949,-58.044434,58.166504,304.382324
1493852622.601989,-0.899414,0.371094,-0.134277,-59.509277,55.358887,302.062988
1493852622.604542,-0.996094,0.147461,-0.263672,-59.570312,52.551270,284.118652
1493852622.607114,-1.018555,0.265625,-0.181641,-57.556152,51.208496,293.579102
1493852622.609789,-1.048340,0.245605,-0.227051,-53.771973,51.696777,287.841797
1493852622.612514,-1.072266,0.234375,-0.349121,-52.185059,53.222656,282.958984
1493852622.615195,-1.091797,0.218262,-0.277344,-51.330566,55.175781,280.212402
1493852622.617877,-1.127930,0.169922,-0.255371,-48.522949,57.678223,278.747559
1493852622.620566,-1.154297,0.140625,-0.330566,-46.752930,59.448242,278.320312
1493852622.623250,-1.167969,0.142578,-0.301270,-43.457031,60.913086,277.954102
1493852622.625930,-1.228027,0.130371,-0.317871,-41.931152,63.537598,276.794434
1493852622.628598,-1.214844,0.128906,-0.375000,-40.588379,65.368652,274.291992
1493852622.631198,-1.241699,0.113281,-0.336914,-39.672852,69.396973,271.850586
1493852622.633749,-1.240723,0.085938,-0.312500,-37.292480,74.584961,268.493652
1493852622.636302,-1.282715,0.026367,-0.371582,-38.085938,93.017578,264.587402
1493852622.638881,-1.312988,0.001465,-0.367676,-40.832520,82.214355,262.145996
1493852622.641521,-1.300781,-0.046387,-0.435547,-42.907715,87.280273,259.521484
1493852622.644252,-1.358398,-0.154785,-0.322266,-46.081543,92.468262,260.253906
1493852622.646800,-1.364258,-0.204590,-0.419922,-48.339844,96.008301,261.962891
1493852622.649352,-1.268066,-0.307617,-0.449707,-49.316406,99.243164,267.700195
1493852622.651905,-1.270996,-0.344238,-0.386719,-47.058105,103.698730,275.085449
1493852622.654451,-1.354492,-0.246094,-0.458984,-44.250488,111.816406,284.973145
1493852622.656996,-1.476074,-0.079102,-0.463379,-46.386719,114.868164,281.982422
1493852622.659675,-1.465820,-0.119629,-0.427734,-60.363770,114.746094,261.108398
1493852622.662408,-1.519531,-0.040527,-0.406738,-74.401855,117.370605,234.252930
1493852622.665281,-1.618652,-0.108887,-0.491699,-82.458496,121.093750,214.782715
1493852622.668163,-1.661621,-0.182129,-0.260254,-83.679199,122.009277,206.054688
1493852622.670767,-1.705078,-0.278320,-0.366211,-90.087891,122.009277,209.777832
1493852622.673316,-1.761719,-0.385254,-0.324219,-91.247559,125.305176,224.243164
1493852622.675867,-1.800293,-0.433105,-0.269043,-88.867188,126.892090,244.201660
1493852622.678421,-1.755371,-0.490723,-0.351562,-82.641602,129.150391,265.319824
1493852622.680974,-1.770508,-0.550293,-0.187012,-77.209473,126.525879,285.949707
1493852622.683522,-1.751953,-0.563477,-0.270996,-71.044922,116.699219,311.767578
1493852622.686069,-1.756348,-0.550781,-0.233887,-64.331055,103.210449,313.903809
1493852622.688619,-1.664551,-0.477051,-0.177734,-53.100586,92.468262,327.697754
1493852622.691169,-1.568359,-0.380371,-0.226562,-32.531738,86.303711,330.749512
1493852622.693714,-1.536621,-0.338867,-0.174316,-40.832520,84.594727,318.420410
1493852622.696259,-1.511719,-0.313965,-0.308594,-43.090820,84.167480,302.001953
1493852622.698807,-1.497559,-0.363281,-0.220703,-46.203613,84.411621,290.283203
1493852622.701360,-1.433594,-0.368652,-0.333496,-46.936035,85.510254,270.141602
1493852622.703908,-1.425781,-0.448730,-0.238770,-49.926758,88.134766,274.536133
1493852622.706457,-1.430664,-0.604980,-0.251953,-54.870605,90.759277,264.892578
1493852622.709028,-1.440918,-0.559570,-0.138672,-57.434082,91.674805,259.277344
1493852622.711604,-1.427246,-0.587402,-0.192871,-59.509277,91.125488,251.098633
1493852622.714158,-1.425293,-0.669434,-0.105469,-63.171387,89.538574,241.882324
1493852622.716708,-1.462402,-0.723633,0.038086,-66.101074,87.036133,234.375000
1493852622.719382,-1.440430,-0.856445,0.120605,-63.476562,83.618164,227.539062
1493852622.722126,-1.443848,-0.779785,0.027344,-60.913086,82.275391,220.458984
1493852622.724805,-1.394043,-0.791992,0.004395,-57.189941,80.688477,213.562012
1493852622.727489,-1.385254,-0.828613,-0.015625,-55.358887,77.331543,204.406738
1493852622.730120,-1.318848,-0.892578,0.047363,-59.814453,72.998047,193.847656
1493852622.732671,-1.211914,-1.085449,-0.019043,-64.758301,67.993164,172.485352
1493852622.735222,-1.165039,-1.073242,0.022461,-71.533203,64.941406,174.377441
1493852622.737781,-1.140137,-1.161621,-0.020996,-75.500488,64.880371,158.996582
1493852622.740411,-1.046875,-1.311035,0.036133,-79.162598,67.016602,144.226074
1493852622.743093,-1.008789,-1.468750,0.075195,-81.115723,68.542480,127.868652
1493852622.745780,-0.907715,-1.551758,0.016113,-84.167480,69.396973,110.900879
1493852622.748476,-0.963867,-1.608887,0.068359,-84.533691,67.260742,94.360352
1493852622.751165,-0.841309,-1.671875,0.153809,-82.092285,61.279297,79.589844
1493852622.753848,-0.839844,-1.648438,0.198242,-63.354492,53.344727,67.016602
1493852622.756529,-0.882324,-1.596680,0.095215,-71.777344,44.372559,52.917480
1493852622.759218,-0.896484,-1.395508,0.028320,-65.673828,35.339355,36.132812
1493852622.761901,-0.958008,-1.174805,-0.030762,-64.392090,23.864746,10.314941
1493852622.764570,-0.821777,-1.033203,0.020508,-69.885254,19.958496,-23.376465
1493852622.767236,-0.804688,-0.992188,-0.039062,-68.847656,11.840820,-60.119629
1493852622.769998,-0.789062,-0.943359,-0.212402,-66.467285,-12.634277,-96.069336
1493852622.772748,-0.959961,-1.061035,-0.132324,-78.247070,-22.094727,-118.835449
1493852622.775427,-0.994141,-1.177246,0.000977,-99.121094,-16.418457,-124.328613
1493852622.778261,-0.981445,-1.165039,0.098633,-91.979980,-12.023926,-118.164062
1493852622.780931,-0.912598,-1.137695,-0.169434,-67.749023,0.366211,-108.886719
1493852622.783482,-0.903320,-1.077637,-0.160156,-40.832520,12.634277,-104.064941
1493852622.786029,-0.850586,-1.046387,-0.142578,-27.954102,2.258301,-106.323242
1493852622.788579,-0.949219,-0.690430,-0.468262,-37.719727,-21.362305,-109.497070
1493852622.791132,-1.085449,-0.483887,-0.510742,-54.687500,-51.879883,-121.398926
1493852622.793681,-1.021484,-0.451660,-0.078613,-42.602539,-50.354004,-143.310547
1493852622.796229,-0.925781,-0.484863,-0.045898,-39.184570,-21.240234,-168.762207
1493852622.798812,-0.694336,-0.430664,-0.061523,-33.081055,20.690918,-189.331055
1493852622.801471,-0.502441,-0.360352,0.099609,-31.616211,62.255859,-193.054199
1493852622.804152,-0.421875,-0.182129,0.148438,-38.085938,94.787598,-171.203613
1493852622.806833,-0.416504,0.156738,-0.002930,-33.508301,103.942871,-132.507324
1493852622.809477,-0.588867,0.582031,-0.023438,-14.831543,106.811523,-94.055176
1493852622.812052,-0.724609,0.767578,-0.099609,11.169434,101.257324,-61.279297
1493852622.814608,-0.883789,1.170898,-0.120605,28.991699,91.552734,-33.630371
1493852622.817165,-1.042480,1.334961,-0.208984,36.865234,76.599121,-5.798340
1493852622.819816,-1.084961,1.615723,-0.322266,38.085938,60.302734,-4.150391
1493852622.822470,-1.066406,1.723145,-0.472656,30.517578,38.513184,-5.065918
1493852622.825022,-1.022461,1.736816,-0.357910,8.544922,13.366699,-32.775879
1493852622.827562,-0.925781,1.611328,-0.317871,-20.568848,-16.601562,-88.562012
1493852622.830255,-0.844727,1.318848,-0.171875,-27.465820,-40.954590,-162.719727
1493852622.832947,-0.721680,0.964355,-0.062500,-30.761719,-54.809570,-239.318848
1493852622.835629,-0.690430,0.442871,0.005371,-27.832031,-52.673340,-305.541992
1493852622.838303,-0.606445,0.035645,0.010254,-19.287109,-31.738281,-357.116699
1493852622.840903,-0.618652,-0.303711,0.096680,-11.535645,-3.112793,-390.075684
1493852622.843454,-0.597168,-0.618652,0.030273,-8.789062,5.676270,-402.770996
1493852622.846001,-0.601074,-0.865234,0.022949,-9.094238,19.104004,-397.521973
1493852622.848571,-0.664551,-0.916992,-0.074219,-5.859375,22.399902,-390.136719
1493852622.851214,-0.788574,-0.971680,-0.030273,-5.004883,15.686035,-374.450684
1493852622.853898,-0.932617,-0.962402,0.028320,-0.305176,9.643555,-338.989258
1493852622.856581,-1.206543,-0.885254,-0.009277,10.803223,3.723145,-329.833984
1493852622.859285,-1.312500,-0.735352,0.000000,30.151367,4.760742,-302.673340
1493852622.861985,-1.551758,-0.534668,-0.088867,47.241211,5.187988,-274.536133
1493852622.864669,-1.534180,-0.337402,-0.210938,58.227539,-2.746582,-244.689941
1493852622.867352,-1.492188,-0.290527,-0.093262,70.495605,-19.775391,-212.585449
1493852622.870060,-1.323730,-0.239258,-0.136719,82.519531,-38.574219,-178.894043
1493852622.872771,-1.123047,-0.174316,-0.171387,100.952148,-58.105469,-145.874023
1493852622.875454,-0.928711,-0.072754,-0.216309,113.830566,-71.594238,-116.455078
1493852622.878144,-0.802734,0.046387,-0.173340,121.093750,-73.669434,-91.796875
1493852622.880835,-0.728027,0.119629,-0.208984,125.244141,-65.429688,-75.134277
1493852622.883518,-0.672363,0.227051,-0.385254,111.206055,-51.818848,-69.091797
1493852622.886207,-0.544434,0.312500,-0.495117,119.750977,-33.935547,-74.462891
1493852622.888868,-0.416992,0.384766,-0.627441,86.608887,-19.531250,-86.608887
1493852622.891456,-0.368652,0.427734,-0.775879,77.026367,-7.568359,-104.675293
1493852622.894005,-0.329590,0.421875,-0.883301,47.302246,-4.821777,-124.145508
1493852622.896554,-0.399414,0.349121,-0.939453,11.779785,-4.516602,-139.831543
1493852622.899112,-0.454590,0.125488,-0.978027,-31.188965,-17.456055,-151.550293
1493852622.901676,-0.545898,0.119629,-0.711914,-76.965332,-36.926270,-152.526855
1493852622.904226,-0.650391,-0.168945,-0.521484,-111.083984,-61.889648,-146.423340
1493852622.906776,-0.757324,-0.205078,-0.308105,-125.122070,-87.219238,-141.845703
1493852622.909382,-0.884277,-0.360840,-0.197754,-128.051758,-109.558105,-139.709473
1493852622.912056,-0.875488,-0.296875,-0.102539,-121.093750,-122.436523,-135.742188
1493852622.914851,-0.776367,-0.286133,0.025879,-82.580566,-126.342773,-130.615234
1493852622.917536,-0.827637,-0.283203,0.020508,-53.649902,-119.689941,-118.896484
1493852622.920163,-0.770508,-0.276367,0.004395,-44.921875,-106.384277,-102.172852
1493852622.922714,-0.726562,-0.134277,-0.093262,-33.325195,-83.679199,-84.899902
1493852622.925263,-0.630859,-0.256836,-0.223633,-32.287598,-84.655762,-70.800781
1493852622.927924,-0.593750,-0.237305,-0.141113,-36.010742,-77.636719,-60.668945
1493852622.930589,-0.550781,-0.133789,-0.077148,-40.100098,-77.880859,-53.527832
1493852622.933144,-0.500977,-0.049316,-0.043457,-42.602539,-82.763672,-34.118652
1493852622.935699,-0.585938,-0.015137,0.010254,-38.940430,-87.524414,-39.794922
1493852622.938294,-0.590820,0.020996,0.107422,-35.217285,-88.378906,-31.982422
1493852622.940941,-0.580078,0.054688,0.074219,-28.198242,-82.702637,-29.541016
1493852622.943648,-0.568848,0.052734,0.107422,-23.254395,-69.213867,-35.400391
1493852622.946359,-0.546387,0.060547,0.028320,-20.751953,-50.048828,-47.973633
1493852622.949414,-0.537598,0.092773,-0.058105,-20.935059,-28.259277,-76.416016
1493852622.952011,-0.552246,0.111816,0.012695,-24.841309,-10.925293,-70.922852
1493852622.954567,-0.551758,0.136719,-0.040527,-31.127930,0.610352,-75.439453
1493852622.957122,-0.501465,0.107422,0.013184,-33.630371,4.028320,-77.270508
1493852622.960019,-0.630371,0.111328,-0.036621,-36.865234,4.516602,-75.866699
1493852622.962990,-0.663574,0.043945,-0.050781,-34.179688,5.798340,-75.561523
1493852622.965678,-0.645508,0.012207,-0.075684,-29.968262,8.483887,-76.599121
1493852622.968369,-0.696289,-0.022949,-0.126953,-28.015137,12.634277,-77.392578
1493852622.971059,-0.742188,-0.047363,-0.084961,-27.099609,14.831543,-77.087402
1493852622.973743,-0.864258,-0.002930,-0.114746,-25.512695,14.526367,-74.096680
1493852622.976429,-0.651855,-0.032715,-0.080566,-26.245117,11.169434,-68.481445
1493852622.979085,-0.778320,0.124023,-0.158691,-24.536133,6.652832,-61.218262
1493852622.981668,-0.767090,0.114746,-0.080078,-23.010254,0.793457,-53.466797
1493852622.984220,-0.779785,-0.122559,-0.068359,-18.127441,-3.417969,-47.912598
1493852622.986771,-0.735352,0.009766,-0.165527,-13.610840,-4.272461,-45.043945
1493852622.989376,-0.718262,0.006836,-0.143066,-10.498047,-4.028320,-43.212891
1493852622.992054,-0.699219,0.030762,-0.222656,-7.751465,-2.990723,-42.724609
1493852622.994736,-0.679199,0.050293,-0.107422,-8.300781,-1.281738,-41.198730
1493852622.997418,-0.711426,0.038574,-0.164551,-7.873535,-2.929688,-38.574219
1493852623.000045,-0.678223,0.069824,-0.227051,-9.033203,-5.004883,-36.499023
1493852623.002906,-0.652832,0.069336,-0.207031,-8.850098,-8.239746,-36.010742
1493852623.005771,-0.689941,0.048828,-0.164062,-8.972168,-9.338379,-34.912109
1493852623.008339,-0.654297,0.062500,-0.200195,-10.131836,-11.108398,-35.888672
1493852623.010913,-0.745605,0.024414,-0.111328,-11.352539,-11.901855,-37.048340
1493852623.013465,-0.680664,0.022949,-0.115234,-11.718750,-12.512207,-37.658691
1493852623.016013,-0.688477,0.031738,-0.194336,-10.620117,-11.962891,-39.184570
1493852623.018596,-0.700684,0.009766,-0.138184,-10.681152,-10.437012,-39.001465
1493852623.021258,-0.650391,-0.100098,-0.125488,-9.582520,-10.131836,-38.208008
1493852623.023942,-0.676758,0.117676,-0.088867,-9.521484,-9.765625,-37.292480
1493852623.026621,-0.679199,-0.017090,-0.084961,-9.033203,-9.338379,-36.071777
1493852623.029306,-0.669434,-0.008789,-0.083496,-8.239746,-9.582520,-34.606934
1493852623.031993,-0.664551,-0.032715,-0.163574,-6.408691,-9.826660,-32.287598
1493852623.034672,-0.678711,-0.013184,-0.147461,-3.967285,-8.972168,-29.785156
1493852623.037346,-0.675781,-0.018555,-0.151855,-1.037598,-9.643555,-28.320312
1493852623.039965,-0.682617,0.004395,-0.179688,1.403809,-9.460449,-25.878906
1493852623.042516,-0.660156,0.007324,-0.078125,4.943848,-8.422852,-24.963379
1493852623.045060,-0.672363,-0.005371,-0.142090,4.699707,-8.422852,-23.315430
1493852623.047606,-0.726074,-0.007324,-0.098633,7.019043,-9.155273,-22.338867
1493852623.050450,-0.685547,0.012207,-0.093750,8.361816,-7.263184,-20.690918
1493852623.053002,-0.687988,0.018555,-0.132324,10.559082,-6.103516,-19.897461
1493852623.055558,-0.682129,0.011230,-0.075195,12.329102,-3.967285,-18.188477
1493852623.058184,-0.658691,0.025391,-0.072754,13.427734,-0.610352,-17.761230
1493852623.060812,-0.694336,-0.010742,-0.054688,17.211914,2.502441,-18.005371
1493852623.063367,-0.674316,0.015137,-0.131836,17.700195,6.469727,-17.150879
1493852623.065917,-0.713379,0.019531,-0.155762,18.127441,8.728027,-17.333984
1493852623.068515,-0.686523,0.044434,-0.104004,16.723633,9.399414,-16.723633
1493852623.071187,-0.704590,0.056641,-0.125488,17.456055,10.742188,-16.662598
1493852623.073874,-0.683594,0.034180,-0.154785,17.089844,10.803223,-15.808105
1493852623.076561,-0.727539,0.015137,-0.210938,19.653320,10.375977,-15.747070
1493852623.079270,-0.730469,0.021484,-0.191406,18.798828,8.972168,-15.319824
1493852623.081976,-0.745605,0.014648,-0.187012,21.118164,6.591797,-14.770508
1493852623.084660,-0.746094,0.015625,-0.238281,21.850586,5.798340,-13.732910
1493852623.087341,-0.720215,0.015625,-0.172852,21.484375,3.662109,-13.183594
1493852623.090027,-0.721191,-0.002441,-0.233398,23.193359,1.342773,-11.962891
1493852623.092712,-0.694336,0.006836,-0.252930,24.780273,-1.159668,-10.681152
1493852623.095395,-0.693359,0.004883,-0.177246,25.207520,-4.699707,-8.544922
1493852623.098078,-0.665039,0.122559,-0.145020,25.939941,-9.033203,-7.751465
1493852623.100760,-0.676758,0.019043,-0.216309,27.038574,-11.535645,-7.141113
1493852623.103444,-0.652832,0.012207,-0.182617,26.306152,-13.793945,-5.432129
1493852623.106127,-0.702148,-0.000977,-0.186523,26.489258,-14.892578,-5.554199
1493852623.108791,-0.652832,0.006836,-0.216309,24.963379,-17.028809,-5.432129
1493852623.111393,-0.657715,0.005859,-0.205566,23.925781,-16.967773,-6.469727
1493852623.113963,-0.736816,0.005371,-0.195801,24.169922,-15.380859,-6.652832
1493852623.116528,-0.740234,0.006836,-0.132812,23.559570,-14.282227,-7.385254
1493852623.119153,-0.531738,-0.008789,-0.104004,25.451660,-14.709473,-7.690430
1493852623.121848,-0.650879,0.042480,-0.138672,23.986816,-16.540527,-7.385254
1493852623.124529,-0.668457,0.069336,-0.080566,17.028809,-19.592285,-7.934570
1493852623.127210,-0.698730,0.068359,-0.046387,14.343262,-20.446777,-7.629395
1493852623.129897,-0.705078,0.045898,-0.111816,15.197754,-21.362305,-7.202148
1493852623.132585,-0.699219,0.048828,-0.072754,20.080566,-19.287109,-6.225586
1493852623.135264,-0.709473,0.046875,-0.019531,22.888184,-1.586914,-7.019043
1493852623.137944,-0.687012,0.016602,-0.032715,24.719238,-14.892578,-8.056641
1493852623.140626,-0.674316,0.033203,-0.006836,22.644043,-14.465332,-9.033203
1493852623.143244,-0.722168,0.018555,-0.006836,19.897461,-14.648438,-9.521484
1493852623.146111,-0.677246,0.039551,-0.085938,19.226074,-16.113281,-10.437012
1493852623.149003,-0.674805,0.062500,-0.077148,20.324707,-16.235352,-10.681152
1493852623.151576,-0.672852,0.055664,-0.058594,20.690918,-17.272949,-10.253906
1493852623.154130,-0.654785,0.067871,-0.092773,21.179199,-15.991211,-9.704590
1493852623.156680,-0.644043,0.089355,-0.066406,19.470215,-15.686035,-9.765625
1493852623.159259,-0.617676,0.073730,-0.036133,17.333984,-14.038086,-10.437012
1493852623.161842,-0.504883,0.061523,-0.098633,15.380859,-11.230469,-12.756348
1493852623.164395,-0.521973,0.052734,-0.131836,13.549805,-9.826660,-14.587402
1493852623.166947,-0.615234,0.051758,-0.153809,11.901855,-8.056641,-17.700195
1493852623.169547,-0.601562,0.028320,-0.112793,10.864258,-7.385254,-19.958496
1493852623.172219,-0.609863,0.014648,-0.078125,10.742188,-6.347656,-21.057129
1493852623.174903,-0.588867,0.031738,-0.132812,10.253906,-5.554199,-21.667480
1493852623.177586,-0.624512,0.004395,-0.041992,12.329102,-6.103516,-21.118164
1493852623.180250,-0.626465,-0.002441,-0.198730,12.023926,-5.737305,-20.446777
1493852623.182799,-0.622559,0.003418,-0.233398,12.084961,-6.042480,-19.592285
1493852623.185350,-0.629883,-0.014648,-0.194824,13.122559,-6.896973,-19.653320
1493852623.187982,-0.625977,-0.010254,-0.202637,13.244629,-7.385254,-19.470215
1493852623.190728,-0.514160,-0.027344,-0.128906,12.817383,-7.446289,-18.859863
1493852623.193281,-0.516113,-0.004395,-0.181152,13.671875,-8.422852,-18.920898
1493852623.195832,-0.623047,0.005859,-0.186523,15.197754,-9.277344,-18.493652
1493852623.198460,-0.743652,-0.018066,-0.151855,14.282227,-9.826660,-18.554688
1493852623.201161,-0.644531,-0.000977,-0.139648,15.380859,-10.620117,-18.676758
1493852623.203845,-0.583008,0.103027,-0.208496,30.395508,-10.253906,-18.859863
1493852623.206530,-0.619141,-0.025879,-0.046875,15.380859,-10.314941,-18.493652
1493852623.209175,-0.602051,-0.009277,-0.134277,13.610840,-10.253906,-17.944336
1493852623.211752,-0.635742,-0.026855,-0.080566,15.075684,-10.192871,-17.822266
1493852623.214306,-0.645996,-0.019531,-0.166504,16.052246,-10.131836,-17.639160
1493852623.216857,-0.609863,-0.009277,-0.173340,15.991211,-9.521484,-17.578125
1493852623.219476,-0.601562,-0.012695,-0.132812,16.845703,-9.765625,-17.150879
1493852623.222166,-0.567871,0.034180,-0.126465,15.686035,-9.094238,-16.784668
1493852623.224848,-0.590820,0.114746,-0.095703,15.502930,-9.460449,-17.272949
1493852623.227529,-0.624512,0.004395,-0.046875,14.404297,-9.155273,-17.578125
1493852623.230225,-0.611816,0.010742,-0.244141,14.282227,-9.155273,-17.639160
1493852623.232903,-0.606445,0.005859,-0.146484,12.756348,-8.544922,-18.432617
1493852623.235584,-0.728027,-0.014648,-0.095215,13.793945,-7.385254,-18.493652
1493852623.238289,-0.582031,-0.125000,-0.155762,14.404297,-6.408691,-19.531250
1493852623.240993,-0.623047,-0.002441,-0.197754,14.160156,-6.042480,-19.592285
1493852623.243680,-0.621094,-0.018555,-0.111816,14.648438,-6.164551,-19.104004
1493852623.246367,-0.606445,-0.010742,-0.125488,14.709473,-6.835938,-18.676758
1493852623.249121,-0.505371,-0.019531,-0.087402,14.343262,-7.080078,-18.798828
1493852623.251804,-0.662109,-0.112793,-0.104004,15.014648,-8.056641,-18.615723
1493852623.254396,-0.611816,0.118164,-0.107422,14.709473,-7.263184,-18.920898
1493852623.256996,-0.599609,-0.000977,-0.209961,14.099121,-7.629395,-18.859863
1493852623.259552,-0.625977,0.006836,-0.020996,13.610840,-7.263184,-19.714355
1493852623.262104,-0.598633,0.009277,-0.129883,13.061523,-7.507324,-19.470215
1493852623.264654,-0.642578,-0.016602,-0.005859,12.695312,-7.568359,-20.019531
1493852623.267200,-0.599121,0.009766,-0.207520,13.061523,-7.934570,-20.080566
1493852623.269814,-0.561035,0.004395,-0.222168,10.986328,-7.812500,-19.653320
1493852623.272500,-0.587402,0.004395,-0.054688,11.596680,-8.178711,-20.812988
1493852623.275181,-0.500977,-0.012695,-0.140137,9.582520,-7.873535,-21.850586
1493852623.277880,-0.503418,-0.017090,-0.091797,10.070801,-8.544922,-21.606445
1493852623.280586,-0.617676,-0.012207,-0.164062,9.704590,-7.873535,-21.606445
1493852623.283267,-0.575684,-0.043457,-0.008301,8.789062,-7.141113,-22.216797
1493852623.285951,-0.610840,-0.047852,-0.025391,7.995605,-7.995605,-21.545410
1493852623.288630,-0.571777,-0.023926,-0.122559,7.263184,-7.080078,-21.972656
1493852623.291237,-0.577637,-0.053711,-0.162598,6.408691,-6.896973,-21.911621
1493852623.293784,-0.571777,-0.041504,-0.152832,7.446289,-7.141113,-21.484375
1493852623.296329,-0.567871,-0.033691,-0.091309,6.469727,-7.568359,-20.996094
1493852623.298943,-0.570312,-0.051758,-0.077637,7.080078,-7.812500,-20.263672
1493852623.301557,-0.550781,-0.021973,-0.102051,6.713867,-8.178711,-19.775391
1493852623.304102,-0.589844,-0.032715,-0.071777,6.469727,-8.605957,-19.531250
1493852623.306646,-0.580566,-0.002930,-0.154297,5.249023,-9.155273,-19.592285
1493852623.309207,-0.561035,0.021484,-0.177734,3.417969,-9.521484,-19.653320
1493852623.311770,-0.714844,0.020508,-0.121582,1.892090,-9.704590,-20.690918
1493852623.314323,-0.579590,-0.000488,-0.122559,2.136230,-9.094238,-21.911621
1493852623.316877,-0.501953,-0.030762,-0.091797,1.281738,-8.361816,-23.010254
1493852623.319498,-0.609863,-0.024414,-0.170898,-1.220703,-6.591797,-24.536133
1493852623.322187,-0.580566,-0.063477,-0.145020,-0.610352,-6.286621,-25.451660
1493852623.324866,-0.651855,-0.077148,-0.178711,-0.244141,-5.798340,-25.512695
1493852623.327681,-0.623535,-0.065430,-0.220703,0.610352,-6.835938,-25.878906
1493852623.330383,-0.737793,-0.078125,-0.148926,1.037598,-6.530762,-24.780273
1493852623.333060,-0.641113,-0.071289,-0.140137,1.831055,-6.835938,-24.353027
1493852623.335740,-0.650879,-0.068359,-0.063965,3.295898,-8.728027,-23.132324
1493852623.338423,-0.683594,-0.040039,-0.222656,5.249023,-10.009766,-21.362305
1493852623.341106,-0.674805,-0.045410,-0.123047,6.958008,-12.512207,-19.653320
1493852623.343791,-0.670898,-0.004883,-0.174805,7.385254,-13.244629,-19.470215
1493852623.346472,-0.689941,-0.005371,-0.089844,7.446289,-13.671875,-18.493652
1493852623.349154,-0.683105,-0.003418,-0.075684,8.300781,-14.404297,-19.165039
1493852623.351841,-0.668457,-0.014648,-0.046875,7.263184,-14.038086,-20.629883
1493852623.354522,-0.648438,-0.016602,-0.048340,7.873535,-12.878418,-21.850586
1493852623.357204,-0.694336,-0.014160,-0.063965,7.141113,-11.657715,-22.766113
1493852623.359833,-0.678711,-0.122559,-0.123047,6.896973,-11.596680,-23.559570
1493852623.362393,-0.660645,-0.038574,0.010742,6.591797,-10.375977,-24.230957
1493852623.364944,-0.646484,-0.010742,-0.068359,5.981445,-10.742188,-23.925781
1493852623.367492,-0.649902,-0.020996,-0.073730,6.530762,-10.620117,-23.803711
1493852623.370131,-0.695312,-0.024902,-0.089355,5.676270,-10.559082,-23.620605
1493852623.372812,-0.680664,-0.000977,-0.069824,6.469727,-10.070801,-23.376465
1493852623.375494,-0.696289,-0.028320,-0.120605,6.408691,-9.155273,-23.132324
1493852623.378181,-0.685059,-0.024902,-0.072266,5.432129,-8.361816,-23.620605
1493852623.380863,-0.652344,-0.027344,-0.094238,5.493164,-8.239746,-23.681641
1493852623.383542,-0.696289,-0.050293,-0.022949,6.042480,-7.629395,-23.864746
1493852623.386219,-0.704590,-0.034180,-0.070312,5.859375,-7.568359,-23.620605
1493852623.388874,-0.687012,-0.018555,-0.100586,6.164551,-7.629395,-23.498535
1493852623.391459,-0.719238,-0.041992,-0.012695,7.019043,-8.789062,-24.475098
1493852623.394008,-0.695312,-0.014648,-0.217773,7.141113,-8.789062,-24.902344
1493852623.396556,-0.662109,-0.027344,-0.245605,8.178711,-8.728027,-25.390625
1493852623.399121,-0.727539,-0.057617,-0.056152,7.385254,-9.155273,-26.794434
1493852623.401681,-0.720215,-0.027344,-0.228027,8.056641,-9.765625,-27.160645
1493852623.404233,-0.715820,-0.007324,-0.005371,6.958008,-9.460449,-28.015137
1493852623.406784,-0.724609,-0.012207,-0.041016,7.202148,-11.230469,-28.930664
1493852623.409388,-0.752441,-0.014648,-0.231934,9.277344,-11.840820,-28.991699
1493852623.412066,-0.756836,0.006836,-0.171875,8.361816,-12.145996,-30.517578
1493852623.414755,-0.832031,0.019531,-0.140625,9.582520,-12.878418,-30.517578
1493852623.417438,-0.858398,-0.007324,-0.045898,9.948730,-13.610840,-31.799316
1493852623.420128,-0.741699,-0.125000,-0.084961,9.155273,-13.366699,-32.714844
1493852623.422812,-0.704590,0.002930,-0.072266,9.704590,-14.465332,-33.813477
1493852623.425499,-0.756836,-0.002441,-0.026367,9.155273,-14.282227,-35.766602
1493852623.428187,-0.746094,-0.000977,-0.061523,9.460449,-14.709473,-37.048340
1493852623.430877,-0.630859,0.013184,-0.093262,9.521484,-15.197754,-37.841797
1493852623.433561,-0.757324,-0.117188,-0.099609,10.070801,-15.808105,-38.635254
1493852623.436247,-0.782715,0.002441,-0.125000,9.399414,-16.967773,-39.306641
1493852623.438936,-0.760742,0.020996,-0.020508,9.521484,-17.456055,-40.588379
1493852623.441627,-0.769043,0.015625,-0.069824,8.666992,-17.761230,-41.137695
1493852623.444312,-0.838867,0.022949,-0.093750,8.300781,-18.005371,-41.931152
1493852623.446999,-0.753418,0.005859,-0.014648,7.934570,-17.395020,-43.762207
1493852623.449638,-0.779297,0.017090,-0.075684,7.812500,-17.150879,-44.982910
1493852623.452207,-0.756836,-0.000977,-0.007324,6.713867,-17.883301,-45.654297
1493852623.454755,-0.778809,-0.011230,-0.049805,6.286621,-19.531250,-46.447754
1493852623.457305,-0.776855,-0.016113,-0.210449,7.385254,-19.714355,-46.875000
1493852623.459927,-0.767578,-0.010254,-0.195312,7.324219,-21.423340,-46.691895
1493852623.462620,-0.805664,-0.032715,-0.003418,6.469727,-21.850586,-45.898438
1493852623.465422,-0.787109,-0.025879,-0.101562,7.019043,-26.611328,-43.395996
1493852623.468110,-0.795898,-0.044434,-0.079590,6.958008,-28.442383,-42.785645
1493852623.470793,-0.816406,-0.013184,-0.113770,7.690430,-29.052734,-44.616699
1493852623.473469,-0.807617,-0.000977,-0.216309,8.911133,-29.296875,-49.255371
1493852623.476146,-0.783203,0.007812,-0.122559,12.207031,-28.076172,-53.039551
1493852623.478852,-0.794434,0.004883,-0.037109,10.925293,-26.123047,-56.152344
1493852623.481560,-0.769531,0.027344,-0.137695,11.474609,-25.573730,-58.288574
1493852623.484244,-0.750977,-0.006836,-0.096680,9.643555,-24.963379,-59.265137
1493852623.486928,-0.781250,0.005859,-0.111816,10.131836,-24.780273,-59.631348
1493852623.489617,-0.786133,0.002441,-0.156738,8.911133,-25.878906,-58.349609
1493852623.492298,-0.770996,-0.009277,-0.112793,9.704590,-26.306152,-58.410645
1493852623.494975,-0.812500,-0.028809,-0.057617,10.253906,-26.794434,-59.020996
1493852623.497674,-0.810059,-0.026855,-0.062500,10.620117,-27.404785,-60.546875
1493852623.500307,-0.779785,0.009766,-0.031738,8.850098,-28.625488,-60.607910
1493852623.502854,-0.816406,0.012695,-0.105469,7.812500,-29.968262,-61.706543
1493852623.505404,-0.820312,0.036133,-0.038574,8.239746,-30.822754,-63.232422
1493852623.507965,-0.861328,0.035156,-0.025391,7.629395,-30.029297,-64.025879
1493852623.510525,-0.817871,0.072754,-0.052734,7.507324,-30.029297,-64.819336
1493852623.513068,-0.856934,0.062500,-0.096680,7.690430,-30.090332,-68.115234
1493852623.515614,-0.900391,0.064453,-0.098633,4.699707,-32.348633,-69.213867
1493852623.518185,-0.860352,0.081543,-0.036621,3.540039,-33.081055,-71.472168
1493852623.520832,-0.892090,0.065918,-0.031250,4.760742,-31.677246,-74.462891
1493852623.523513,-0.893555,0.037109,-0.095215,7.080078,-33.386230,-75.683594
1493852623.526192,-0.927734,0.010742,-0.074219,11.047363,-37.109375,-77.758789
1493852623.528879,-0.925293,0.118652,-0.126465,17.639160,-40.466309,-78.125000
1493852623.531569,-0.897949,0.039062,-0.119141,21.301270,-44.372559,-93.505859
1493852623.534256,-0.895996,0.074219,-0.195312,20.324707,-39.123535,-83.618164
1493852623.536942,-0.869141,0.082031,-0.107422,18.920898,-31.860352,-88.745117
1493852623.539629,-0.854004,0.101074,-0.157715,15.380859,-28.747559,-107.727051
1493852623.542319,-0.841797,0.108398,-0.046875,13.977051,-31.677246,-93.933105
1493852623.545005,-0.873535,0.104004,-0.072266,15.319824,-35.766602,-93.688965
1493852623.547693,-0.829590,0.099121,-0.051758,16.601562,-37.841797,-93.322754
1493852623.550312,-0.876465,0.089844,-0.065918,14.343262,-38.452148,-94.543457
1493852623.552865,-0.858398,0.092773,-0.072266,12.878418,-42.785645,-96.130371
1493852623.555417,-0.873047,0.069824,-0.032715,12.451172,-47.363281,-97.351074
1493852623.557980,-0.872559,0.043945,-0.024902,13.610840,-48.767090,-98.876953
1493852623.560614,-0.882324,0.072266,-0.072266,18.005371,-51.330566,-100.463867
1493852623.563298,-0.890625,0.078613,-0.024414,17.822266,-54.565430,-102.539062
1493852623.565980,-0.866211,0.103516,-0.049805,16.296387,-56.457520,-106.018066
1493852623.568684,-0.845215,0.240234,-0.066406,13.916016,-57.006836,-110.107422
1493852623.571389,-0.873535,0.129883,-0.027832,13.244629,-57.922363,-113.525391
1493852623.574075,-0.839355,0.125000,-0.062500,12.939453,-58.044434,-116.333008
1493852623.576759,-0.769531,0.086914,-0.030762,11.230469,-58.776855,-120.605469
1493852623.579463,-0.862793,0.086914,-0.059570,9.826660,-60.913086,-124.145508
1493852623.582166,-0.849609,0.082520,-0.015625,7.324219,-63.842773,-126.098633
1493852623.584847,-0.911133,0.051758,-0.005859,4.882812,-65.246582,-128.540039
1493852623.587529,-0.868652,0.089844,-0.177246,4.821777,-62.988281,-129.272461
1493852623.590219,-0.969727,0.117676,-0.233398,2.014160,-60.607910,-130.004883
1493852623.592902,-0.844727,0.078125,-0.162109,1.770020,-57.067871,-132.446289
1493852623.595586,-0.831543,0.116211,-0.206543,0.976562,-53.649902,-152.954102
1493852623.598257,-0.806641,0.119141,-0.258301,0.183105,-51.269531,-144.897461
1493852623.600857,-0.806152,0.109863,-0.208984,0.549316,-49.316406,-152.587891
1493852623.603516,-0.801758,0.104004,-0.308594,2.807617,-47.241211,-158.508301
1493852623.606069,-0.816406,0.089355,-0.231934,5.981445,-47.485352,-160.827637
1493852623.608648,-0.858887,0.095215,-0.244141,8.605957,-48.400879,-163.146973
1493852623.611299,-0.851074,0.120605,-0.311035,9.765625,-45.532227,-165.283203
1493852623.613984,-0.877441,0.095215,-0.281738,9.582520,-41.809082,-169.006348
1493852623.616670,-0.926758,0.099609,-0.255859,13.366699,-41.564941,-172.851562
1493852623.619368,-0.891602,0.110840,-0.200684,15.686035,-40.893555,-176.147461
1493852623.622067,-0.925781,0.095215,-0.236328,15.441895,-40.649414,-180.419922
1493852623.624752,-0.979980,0.099609,-0.207031,10.375977,-37.719727,-185.913086
1493852623.627439,-1.009277,0.056641,-0.234375,6.652832,-35.461426,-193.725586
1493852623.630133,-0.979980,0.011230,-0.158203,5.798340,-33.996582,-201.293945
1493852623.632821,-1.043945,-0.057617,-0.100586,6.652832,-35.583496,-206.420898
1493852623.635505,-1.034180,-0.086426,-0.131836,11.291504,-40.100098,-211.547852
1493852623.638186,-1.058105,-0.108887,-0.166504,12.268066,-45.715332,-216.369629
1493852623.640879,-1.043945,-0.132812,-0.147461,13.488770,-51.086426,-220.092773
1493852623.643517,-1.080078,-0.168945,-0.216797,14.770508,-56.579590,-221.130371
1493852623.646070,-1.103027,-0.184570,-0.128906,15.686035,-59.936523,-204.528809
1493852623.648620,-1.104492,-0.203125,-0.148926,15.869141,-62.316895,-216.186523
1493852623.651173,-1.070801,-0.194336,-0.054688,17.883301,-61.828613,-211.730957
1493852623.653723,-1.070801,-0.162598,-0.152344,20.568848,-60.546875,-206.787109
1493852623.656271,-1.085449,-0.101074,-0.146484,28.259277,-59.387207,-205.749512
1493852623.658854,-1.074219,-0.072754,-0.062500,33.508301,-58.715820,-207.641602
1493852623.661441,-1.053711,-0.063477,-0.123047,37.231445,-60.241699,-210.876465
1493852623.664050,-0.982910,0.114258,-0.170898,38.391113,-63.171387,-214.355469
1493852623.666659,-1.041504,0.029297,-0.210938,40.161133,-64.697266,-218.872070
1493852623.669965,-1.022949,0.043457,-0.181152,40.039062,-67.810059,-222.290039
1493852623.672518,-0.991699,0.050781,-0.272461,39.123535,-68.481445,-223.876953
1493852623.675069,-0.982422,-0.001465,-0.200195,36.254883,-68.115234,-225.708008
1493852623.677621,-0.978027,-0.050781,-0.265137,31.250000,-67.077637,-228.576660
1493852623.680171,-0.963867,-0.115234,-0.167969,24.963379,-66.528320,-230.102539
1493852623.682714,-0.960938,-0.157227,-0.201660,19.836426,-64.270020,-234.863281
1493852623.685261,-0.964844,-0.152344,-0.375000,18.615723,-61.523438,-239.624023
1493852623.687810,-0.969727,-0.183105,-0.286621,17.883301,-60.180664,-244.567871
1493852623.690356,-0.923340,-0.170898,-0.358398,22.094727,-60.729980,-246.643066
1493852623.692907,-0.978516,-0.169434,-0.152832,24.841309,-60.852051,-246.337891
1493852623.695462,-0.961914,-0.138184,-0.285645,29.663086,-61.889648,-244.628906
1493852623.698019,-0.928711,-0.120117,-0.336914,32.531738,-63.781738,-241.577148
1493852623.700573,-0.918945,-0.079102,-0.193848,32.836914,-63.842773,-239.746094
1493852623.703121,-0.885742,-0.069824,-0.139648,31.494141,-65.429688,-235.595703
1493852623.705670,-0.896484,-0.052246,-0.214355,29.052734,-65.246582,-231.018066
1493852623.708259,-0.904297,-0.024902,-0.286621,28.930664,-64.758301,-225.891113
1493852623.710850,-0.888672,0.022461,-0.367188,27.709961,-64.697266,-221.557617
1493852623.713406,-0.849121,0.062012,-0.272461,26.855469,-65.124512,-218.383789
1493852623.715962,-0.846191,0.093750,-0.319824,25.695801,-65.734863,-215.576172
1493852623.718602,-0.804199,0.103516,-0.270996,26.977539,-65.185547,-211.853027
1493852623.721306,-0.743164,0.123535,-0.294434,27.648926,-63.232422,-207.824707
1493852623.723973,-0.627930,0.132324,-0.254883,26.733398,-58.898926,-200.134277
1493852623.726641,-0.721680,0.154785,-0.291016,28.198242,-53.100586,-189.758301
1493852623.729319,-0.665039,0.166504,-0.298828,29.663086,-46.203613,-182.983398
1493852623.731996,-0.654297,0.202148,-0.310059,30.761719,-37.231445,-170.043945
1493852623.734669,-0.587891,0.219238,-0.287109,33.935547,-28.259277,-155.822754
1493852623.737750,-0.583496,0.265137,-0.301270,39.123535,-18.676758,-133.300781
1493852623.740654,-0.377930,0.345215,-0.284668,47.241211,-7.263184,-122.497559
1493852623.743207,-0.475098,0.330566,-0.169922,56.823730,3.723145,-117.187500
1493852623.745754,-0.457031,0.218750,-0.195312,64.697266,9.521484,-113.586426
1493852623.748360,-0.477051,0.116211,-0.192383,59.204102,7.263184,-114.501953
1493852623.750967,-0.443848,-0.020996,-0.177734,45.532227,2.197266,-121.887207
1493852623.753516,-0.421875,-0.153320,-0.055664,31.921387,-4.455566,-132.202148
1493852623.756067,-0.435547,-0.265137,-0.026855,27.893066,-6.530762,-139.038086
1493852623.758619,-0.437012,-0.287598,-0.117676,24.719238,-5.432129,-142.395020
1493852623.761174,-0.516602,-0.312012,-0.104980,19.165039,-4.760742,-135.375977
1493852623.763724,-0.567383,-0.276855,-0.122559,14.282227,-3.295898,-117.248535
1493852623.766269,-0.621582,-0.248047,-0.077637,8.178711,-0.854492,-94.543457
1493852623.768852,-0.731445,-0.154297,-0.110840,-1.953125,-0.183105,-66.955566
1493852623.771507,-0.687988,-0.106934,-0.113770,-15.625000,-4.760742,-59.204102
1493852623.774260,-0.725586,-0.018555,-0.245605,-29.174805,-17.578125,-35.461426
1493852623.777017,-0.711426,-0.017090,-0.109375,-43.090820,-37.170410,-31.127930
1493852623.779708,-0.687012,-0.063965,-0.142578,-51.513672,-53.894043,-25.329590
1493852623.782395,-0.576660,-0.053711,-0.076172,-54.809570,-57.006836,-3.479004
1493852623.785076,-0.557617,-0.107422,-0.012695,-50.720215,-50.170898,-8.666992
1493852623.787761,-0.466797,-0.107422,-0.181152,-47.790527,-40.161133,23.132324
1493852623.790449,-0.415527,-0.077148,-0.153809,-49.987793,-34.912109,25.512695
1493852623.793132,-0.338867,-0.017090,-0.166992,-54.077148,-33.325195,41.503906
1493852623.795812,-0.330566,0.013672,-0.107422,-57.678223,-35.095215,53.955078
1493852623.798499,-0.310059,0.043457,-0.102051,-57.861328,-36.315918,63.903809
1493852623.801188,-0.316406,0.106934,-0.037598,-57.861328,-34.729004,71.716309
1493852623.803872,-0.312012,0.159668,-0.123047,-55.725098,-31.188965,74.035645
1493852623.806556,-0.349121,0.220215,-0.121094,-55.603027,-27.343750,72.998047
1493852623.809222,-0.349121,0.126953,-0.184570,-55.664062,-24.597168,69.091797
1493852623.811817,-0.339844,0.274902,-0.150879,-56.213379,-21.667480,63.537598
1493852623.814368,-0.367188,0.134766,-0.148438,-56.701660,-20.080566,55.725098
1493852623.816920,-0.326172,0.371094,-0.143066,-56.152344,-17.517090,50.537109
1493852623.819534,-0.322266,0.196777,-0.026855,-55.664062,-15.441895,46.447754
1493852623.822152,-0.328125,0.134277,-0.246582,-55.114746,-12.939453,43.579102
1493852623.824704,-0.278809,0.128906,-0.145020,-53.405762,-12.817383,42.968750
1493852623.827256,-0.341309,0.077637,-0.187988,-52.551270,-13.427734,42.358398
1493852623.829937,-0.299805,0.028320,-0.247559,-54.199219,-14.770508,44.311523
1493852623.832683,-0.313965,-0.008301,-0.117676,-53.894043,-15.991211,48.095703
1493852623.835356,-0.347656,-0.026855,-0.160645,-54.382324,-17.639160,53.039551
1493852623.838028,-0.335449,-0.026367,-0.187012,-55.786133,-18.310547,58.044434
1493852623.840702,-0.311035,-0.071289,-0.099609,-55.541992,-18.554688,62.622070
1493852623.843371,-0.301758,-0.079102,-0.067871,-57.922363,-19.592285,67.321777
1493852623.846041,-0.298340,-0.097168,-0.122559,-58.532715,-19.470215,74.218750
1493852623.848720,-0.307617,-0.113281,-0.166016,-58.715820,-19.287109,82.031250
1493852623.851397,-0.282227,-0.123047,-0.218750,-60.058594,-19.592285,91.003418
1493852623.854071,-0.288574,-0.132812,-0.200684,-60.241699,-18.920898,99.487305
1493852623.856741,-0.306641,-0.137695,-0.232422,-60.913086,-18.432617,107.421875
1493852623.859373,-0.286621,-0.144531,-0.148438,-63.659668,-19.287109,115.783691
1493852623.861941,-0.271484,-0.148438,-0.145020,-63.659668,-19.470215,123.962402
1493852623.864616,-0.283203,-0.185059,-0.075195,-64.941406,-19.470215,132.934570
1493852623.867295,-0.271484,-0.145996,-0.205078,-64.758301,-18.127441,142.028809
1493852623.869956,-0.269043,-0.232422,-0.105469,-65.307617,-17.150879,150.207520
1493852623.872735,-0.265625,-0.121094,-0.140137,-66.955566,-15.869141,158.447266
1493852623.875284,-0.304688,-0.118652,-0.229004,-65.795898,-14.160156,165.649414
1493852623.877875,-0.266602,-0.107422,-0.108887,-65.856934,-13.977051,184.997559
1493852623.880487,-0.282227,-0.070312,-0.069824,-66.345215,-11.962891,175.354004
1493852623.883038,-0.269531,-0.049805,-0.203125,-65.429688,-10.681152,181.335449
1493852623.885584,-0.312500,-0.036621,-0.048828,-66.040039,-9.521484,187.255859
1493852623.888152,-0.327637,-0.031738,-0.166992,-64.331055,-8.300781,192.626953
1493852623.890758,-0.310059,-0.027344,-0.171387,-64.636230,-7.507324,197.753906
1493852623.893362,-0.330566,-0.028809,-0.200684,-64.880371,-6.958008,200.744629
1493852623.895921,-0.287109,-0.008301,-0.192383,-63.598633,-5.554199,202.941895
1493852623.898559,-0.334961,-0.000977,-0.235840,-65.795898,-5.004883,203.979492
1493852623.901196,-0.368164,0.018555,-0.208984,-66.955566,-3.845215,204.528809
1493852623.903806,-0.344238,0.060547,-0.200195,-67.749023,-4.272461,204.833984
1493852623.906417,-0.474609,0.019043,-0.134277,-69.396973,-4.516602,205.749512
1493852623.909729,-0.381836,0.055664,-0.239746,-69.885254,-3.967285,207.885742
1493852623.912292,-0.397461,0.027344,-0.197754,-71.350098,-1.281738,210.937500
1493852623.914851,-0.385254,0.030762,-0.197266,-72.631836,-0.061035,212.951660
1493852623.917406,-0.416992,0.031250,-0.258301,-73.852539,0.244141,214.416504
1493852623.920023,-0.402344,0.020996,-0.263184,-75.012207,0.305176,216.308594
1493852623.922712,-0.451660,0.011230,-0.216309,-74.707031,-0.122070,217.773438
1493852623.925401,-0.445801,0.026855,-0.317383,-76.293945,0.915527,219.177246
1493852623.928091,-0.442871,0.056641,-0.236328,-76.660156,0.671387,219.360352
1493852623.930788,-0.453613,0.030762,-0.187988,-77.697754,2.258301,221.435547
1493852623.933474,-0.458496,0.018555,-0.268066,-76.721191,4.577637,223.449707
1493852623.936159,-0.456543,-0.005371,-0.373047,-77.209473,5.798340,225.280762
1493852623.938844,-0.489746,-0.011230,-0.153809,-75.988770,6.347656,228.088379
1493852623.941458,-0.451660,-0.019531,-0.300781,-76.782227,7.446289,231.689453
1493852623.944013,-0.464844,-0.012207,-0.281250,-77.026367,9.155273,235.534668
1493852623.946570,-0.446777,-0.025879,-0.196777,-79.833984,8.972168,240.173340
1493852623.949169,-0.471680,-0.042480,-0.310547,-79.711914,9.216309,243.652344
1493852623.951775,-0.474121,-0.038086,-0.269531,-80.993652,10.192871,247.131348
1493852623.954337,-0.429688,-0.014160,-0.289062,-80.505371,10.986328,249.023438
1493852623.956897,-0.472656,-0.014648,-0.228516,-81.176758,12.939453,250.549316
1493852623.959527,-0.494141,-0.019043,-0.300781,-81.054688,14.282227,253.112793
1493852623.962161,-0.526367,-0.030273,-0.281738,-80.993652,15.136719,257.507324
1493852623.964723,-0.481934,-0.017090,-0.237793,-82.580566,16.906738,262.207031
1493852623.967283,-0.532227,-0.000488,-0.341309,-83.557129,19.592285,267.578125
1493852623.969908,-0.523438,0.025391,-0.291992,-84.472656,22.338867,272.827148
1493852623.972594,-0.544434,0.019531,-0.358398,-85.571289,24.291992,275.817871
1493852623.975262,-0.511719,0.063965,-0.356445,-85.876465,27.038574,278.015137
1493852623.977939,-0.558594,0.069824,-0.252930,-86.853027,27.954102,278.320312
1493852623.980614,-0.552734,0.086914,-0.315918,-87.341309,29.296875,278.808594
1493852623.983278,-0.545898,0.080566,-0.290527,-87.463379,30.944824,279.113770
1493852623.985945,-0.573242,0.083984,-0.253906,-88.439941,30.578613,278.625488
1493852623.988680,-0.598633,0.101074,-0.332520,-87.158203,31.433105,278.442383
1493852623.991377,-0.606445,0.132812,-0.326172,-89.416504,32.287598,276.855469
1493852623.993938,-0.653809,0.128906,-0.334961,-89.233398,32.714844,274.230957
1493852623.996488,-0.648926,0.126465,-0.395996,-89.904785,33.874512,273.315430
1493852623.999168,-0.643066,0.150879,-0.386230,-90.332031,35.705566,270.202637
1493852624.001853,-0.692871,0.112793,-0.309082,-91.552734,37.414551,250.793457
1493852624.004398,-0.725586,0.120605,-0.402832,-92.346191,38.879395,263.549805
1493852624.006946,-0.627441,0.089355,-0.375488,-94.421387,39.978027,259.338379
1493852624.009670,-0.753418,0.062988,-0.478516,-96.313477,40.771484,256.103516
1493852624.012281,-0.729004,0.060059,-0.442871,-98.388672,43.029785,253.356934
1493852624.014894,-0.795898,0.029297,-0.484863,-100.952148,43.701172,252.075195
1493852624.017505,-0.828125,-0.016602,-0.402344,-100.891113,44.128418,252.441406
1493852624.020082,-0.795898,-0.023926,-0.385254,-102.233887,45.715332,252.807617
1493852624.022629,-0.844238,-0.063477,-0.433594,-103.149414,46.813965,254.455566
1493852624.025174,-0.847168,-0.073730,-0.395996,-103.149414,49.987793,254.638672
1493852624.027743,-0.847656,-0.075195,-0.444824,-104.980469,51.879883,256.591797
1493852624.030388,-0.894043,-0.070312,-0.441406,-106.201172,52.307129,259.033203
1493852624.033075,-0.855469,-0.070312,-0.461426,-105.529785,52.795410,260.437012
1493852624.035766,-0.774414,-0.094238,-0.388672,-108.825684,53.161621,262.878418
1493852624.038454,-0.872070,-0.061523,-0.497070,-108.886719,52.795410,265.075684
1493852624.041070,-0.911621,-0.055176,-0.490234,-108.947754,55.114746,266.235352
1493852624.043626,-0.901367,-0.070312,-0.446777,-109.191895,57.006836,266.784668
1493852624.046182,-0.907227,-0.088379,-0.505371,-107.543945,59.509277,267.211914
1493852624.048743,-0.941406,-0.089844,-0.460938,-108.764648,60.913086,267.761230
1493852624.051302,-0.929688,-0.086914,-0.484375,-109.680176,63.171387,267.822266
1493852624.053854,-0.935059,-0.084961,-0.513184,-107.543945,65.002441,267.578125
1493852624.056410,-1.008789,-0.095215,-0.493652,-107.666016,67.138672,266.723633
1493852624.059011,-0.990234,-0.117188,-0.458008,-107.482910,70.007324,267.211914
1493852624.061611,-0.996094,-0.100586,-0.468750,-104.797363,70.800781,267.211914
1493852624.064168,-1.045898,-0.142090,-0.490234,-104.370117,72.753906,266.601562
1493852624.066722,-0.987793,-0.118652,-0.457520,-103.149414,75.622559,265.502930
1493852624.069379,-1.041992,-0.154785,-0.484375,-101.623535,77.331543,265.075684
1493852624.072096,-1.059570,-0.127930,-0.464844,-100.463867,79.101562,264.831543
1493852624.074767,-1.049805,-0.127930,-0.478027,-98.205566,80.627441,263.977051
1493852624.077437,-1.048828,-0.248535,-0.354980,-97.106934,80.322266,264.587402
1493852624.080117,-1.085449,-0.110840,-0.413574,-95.825195,79.467773,263.732910
1493852624.082786,-1.106445,-0.079102,-0.415527,-95.092773,79.528809,264.160156
1493852624.085456,-1.134277,-0.092773,-0.428711,-94.970703,79.162598,263.488770
1493852624.088131,-1.109375,-0.072754,-0.378418,-92.407227,78.063965,263.122559
1493852624.090809,-1.243652,-0.081055,-0.358398,-90.576172,77.331543,260.314941
1493852624.093477,-1.131348,-0.084473,-0.327637,-88.562012,76.232910,257.995605
1493852624.096141,-1.150879,-0.014160,-0.398926,-88.684082,74.768066,257.019043
1493852624.098808,-1.151855,-0.019043,-0.442871,-93.017578,74.951172,256.958008
1493852624.101477,-1.158691,-0.029297,-0.270996,-96.374512,74.401855,257.202148
1493852624.104146,-1.162598,-0.009277,-0.296875,-100.219727,75.622559,257.202148
1493852624.106813,-1.184570,-0.019043,-0.289551,-100.402832,75.683594,256.774902
1493852624.109478,-1.177246,-0.008789,-0.348633,-103.454590,75.195312,255.310059
1493852624.112134,-1.175781,-0.034180,-0.315918,-103.942871,75.073242,252.197266
1493852624.114887,-1.119629,-0.013184,-0.370605,-106.811523,75.683594,234.619141
1493852624.117592,-1.089355,-0.048340,-0.242188,-110.107422,76.293945,246.582031
1493852624.120257,-1.101562,-0.021973,-0.273926,-115.234375,76.477051,240.844727
1493852624.122807,-1.011230,0.042480,-0.249512,-117.675781,76.965332,233.886719
1493852624.125352,-1.244141,0.050293,-0.254883,-120.910645,78.430176,225.708008
1493852624.127959,-1.220215,0.042480,-0.248047,-125.854492,78.857422,220.092773
1493852624.130563,-1.249512,-0.117676,-0.308105,-128.051758,80.200195,219.299316
1493852624.133111,-1.291016,-0.032715,-0.297363,-128.112793,81.542969,222.045898
1493852624.135658,-1.288574,-0.112305,-0.339844,-128.112793,81.298828,226.806641
1493852624.138207,-1.251465,-0.132812,-0.349609,-127.441406,77.758789,229.003906
1493852624.140762,-1.281250,-0.163574,-0.410156,-125.305176,73.242188,233.337402
1493852624.143544,-1.246094,-0.170898,-0.455078,-122.131348,68.298340,234.985352
1493852624.146101,-1.165039,-0.181152,-0.412109,-118.408203,66.406250,234.313965
1493852624.148752,-1.120605,-0.169434,-0.417969,-117.736816,66.528320,232.543945
1493852624.151398,-1.157715,-0.194336,-0.358398,-116.455078,66.528320,231.994629
1493852624.154000,-1.136230,-0.195312,-0.466309,-117.431641,66.345215,233.276367
1493852624.156603,-1.225098,-0.214844,-0.356934,-113.525391,66.467285,233.032227
1493852624.160336,-1.119629,-0.243164,-0.303711,-107.421875,67.382812,227.355957
1493852624.163028,-1.133301,-0.313477,-0.298828,-103.454590,68.908691,223.876953
1493852624.165710,-1.114746,-0.280762,-0.356934,-99.731445,72.265625,220.031738
1493852624.168398,-1.068359,-0.269043,-0.382324,-95.581055,74.951172,214.538574
1493852624.171088,-1.085449,-0.289551,-0.291992,-91.308594,75.866699,208.374023
1493852624.173777,-1.062500,-0.313965,-0.313965,-89.477539,75.134277,201.660156
1493852624.176464,-1.016602,-0.303711,-0.353516,-88.989258,76.049805,198.730469
1493852624.179149,-1.052734,-0.338379,-0.263184,-86.669922,76.843262,191.650391
1493852624.181839,-1.048828,-0.339844,-0.277832,-86.547852,78.369141,184.753418
1493852624.184524,-1.048828,-0.375977,-0.304199,-83.374023,78.796387,178.771973
1493852624.187211,-1.108887,-0.389648,-0.187988,-81.787109,78.308105,157.409668
1493852624.189850,-1.104492,-0.425781,-0.290527,-79.162598,76.354980,167.358398
1493852624.192417,-1.077637,-0.458008,-0.297363,-75.317383,75.195312,162.841797
1493852624.194969,-1.060547,-0.507324,-0.206543,-72.631836,72.265625,157.043457
1493852624.197518,-1.069824,-0.521484,-0.224609,-68.237305,70.251465,151.184082
1493852624.200067,-1.061035,-0.554199,-0.205078,-62.927246,68.481445,145.507812
1493852624.202620,-1.041504,-0.580566,-0.247559,-58.837891,66.040039,139.892578
1493852624.205174,-0.968750,-0.600098,-0.210449,-52.307129,62.622070,133.361816
1493852624.207798,-1.006836,-0.590820,-0.214844,-46.508789,59.082031,130.249023
1493852624.210425,-0.917969,-0.578613,-0.229980,-41.809082,56.701660,123.840332
1493852624.212984,-0.925293,-0.619629,-0.112793,-37.902832,54.992676,116.699219
1493852624.215539,-0.766602,-0.581543,-0.130371,-35.339355,52.368164,108.398438
1493852624.218180,-0.892090,-0.564453,-0.142090,-34.057617,50.415039,98.937988
1493852624.220888,-0.889648,-0.547852,-0.071777,-30.273438,48.217773,88.195801
1493852624.223575,-0.873535,-0.553711,-0.058105,-29.479980,45.532227,77.331543
1493852624.226259,-0.896484,-0.514648,-0.056152,-29.357910,43.090820,65.673828
1493852624.228918,-0.909668,-0.499512,-0.075195,-26.794434,40.283203,55.358887
1493852624.231508,-0.989258,-0.460449,-0.113770,-27.221680,39.489746,45.288086
1493852624.234062,-0.901855,-0.467285,-0.060059,-28.625488,36.621094,36.315918
1493852624.236613,-0.903809,-0.449219,-0.013184,-29.235840,34.179688,26.794434
1493852624.239200,-0.886230,-0.422852,-0.077637,-31.250000,29.968262,22.094727
1493852624.241920,-0.861328,-0.353027,-0.068359,-36.743164,20.874023,-0.183105
1493852624.244600,-0.849121,-0.326660,0.011230,-46.020508,8.361816,-25.390625
1493852624.247149,-0.792969,-0.330566,0.062012,-52.856445,9.948730,-27.954102
1493852624.249752,-0.880371,-0.380371,0.077148,-52.795410,17.944336,-36.865234
1493852624.252360,-0.933105,-0.416992,-0.101074,-53.955078,21.667480,-36.132812
1493852624.254910,-0.927734,-0.458984,0.049316,-52.429199,18.920898,-30.334473
1493852624.257455,-0.907715,-0.455566,-0.047852,-51.330566,1.464844,-24.658203
1493852624.260098,-0.898438,-0.455078,-0.017090,-51.269531,12.512207,-23.559570
1493852624.262650,-0.892090,-0.415527,-0.020996,-47.607422,9.460449,-26.550293
1493852624.265199,-0.787598,-0.351562,-0.120117,-47.363281,8.850098,-30.273438
1493852624.267775,-0.783203,-0.325684,-0.068359,-46.630859,9.399414,-31.799316
1493852624.270343,-0.752930,-0.294922,-0.044922,-49.438477,9.399414,-35.034180
1493852624.272890,-0.743164,-0.286133,-0.019531,-50.354004,8.544922,-38.208008
1493852624.275456,-0.733398,-0.295898,-0.099609,-52.429199,10.009766,-42.175293
1493852624.278160,-0.722168,-0.282715,-0.056152,-56.274414,10.803223,-47.119141
1493852624.280733,-0.747070,-0.331543,-0.056152,-57.128906,7.812500,-52.368164
1493852624.283285,-0.735840,-0.344727,-0.038574,-58.349609,6.103516,-55.847168
1493852624.285834,-0.787598,-0.321777,-0.118652,-61.401367,5.126953,-58.166504
1493852624.288410,-0.788574,-0.285156,-0.090820,-63.476562,8.483887,-59.387207
1493852624.291056,-0.754883,-0.273438,-0.064453,-69.824219,16.357422,-60.546875
1493852624.293742,-0.740234,-0.229980,-0.071777,-77.453613,24.719238,-62.988281
1493852624.296423,-0.709473,-0.360352,-0.062500,-81.665039,29.602051,-68.481445
1493852624.299109,-0.642090,-0.273438,-0.034668,-82.885742,30.334473,-91.064453
1493852624.301798,-0.682617,-0.278320,-0.051758,-86.730957,30.395508,-81.054688
1493852624.304485,-0.711426,-0.323242,-0.031250,-90.148926,30.395508,-85.998535
1493852624.307171,-0.693359,-0.334961,-0.064453,-94.360352,29.418945,-90.942383
1493852624.309820,-0.730469,-0.365234,-0.070801,-98.327637,30.212402,-96.679688
1493852624.312400,-0.808594,-0.494141,-0.108398,-100.280762,30.822754,-101.440430
1493852624.314955,-0.745117,-0.257812,-0.035156,-100.097656,31.066895,-104.980469
1493852624.317505,-0.756836,-0.256836,-0.075684,-100.036621,31.677246,-106.994629
1493852624.320157,-0.782715,-0.253906,-0.024902,-100.891113,32.653809,-110.229492
1493852624.322715,-1.073730,0.236816,-0.302734,-122.497559,23.498535,-117.126465
1493852624.325268,-0.833008,-0.097656,-0.351562,-144.836426,13.061523,-125.061035
1493852624.327857,-0.506836,0.086914,0.374512,-96.496582,76.599121,-110.290527
1493852624.330472,-0.411621,0.226562,-0.101562,-77.636719,154.113770,-120.239258
1493852624.333036,-0.386230,0.666504,0.225586,-55.847168,199.279785,-110.046387
1493852624.335592,-0.549805,1.277344,-0.090820,-55.664062,198.669434,-81.115723
1493852624.338178,-0.770508,1.729492,0.012207,-30.517578,176.086426,-29.724121
1493852624.340823,-0.875488,2.129395,-0.144531,29.052734,142.028809,27.282715
1493852624.343491,-0.943359,2.362305,-0.350586,54.138184,103.637695,72.814941
1493852624.346157,-0.752930,2.409180,-0.398438,72.692871,63.598633,91.613770
1493852624.348827,-0.632812,2.314453,-0.503418,69.946289,27.832031,71.777344
1493852624.351494,-0.580566,1.906738,-0.353516,42.602539,13.610840,12.268066
1493852624.354160,-0.392090,1.420898,-0.172852,13.000488,-5.249023,-69.946289
1493852624.356823,-0.279785,0.889648,0.018066,-6.835938,11.962891,-149.963379
1493852624.359483,-0.362793,0.359375,0.020508,-3.417969,14.526367,-209.960938
1493852624.362134,-0.416504,-0.020508,-0.047852,5.554199,36.071777,-247.009277
1493852624.364779,-0.544922,-0.280762,-0.074219,7.324219,47.973633,-275.146484
1493852624.367439,-0.760742,-0.340820,-0.058594,-2.197266,60.485840,-312.988281
1493852624.370131,-0.980469,-0.609375,-0.053711,-13.305664,80.810547,-357.360840
1493852624.372818,-1.057617,-0.601074,-0.026367,-10.131836,107.482910,-376.159668
1493852624.375504,-1.242188,-0.650879,-0.060547,3.295898,122.192383,-396.911621
1493852624.378181,-1.303223,-0.668945,-0.195801,16.418457,122.924805,-371.582031
1493852624.380793,-1.408203,-0.706055,-0.174805,28.015137,109.191895,-350.463867
1493852624.383349,-1.583984,-0.731445,-0.107422,39.245605,96.252441,-296.081543
1493852624.385901,-1.554199,-0.633301,-0.246094,61.279297,86.242676,-235.168457
1493852624.388475,-1.507324,-0.527344,-0.194336,61.645508,74.340820,-176.696777
1493852624.391051,-1.458008,-0.356445,-0.258301,78.735352,51.086426,-125.244141
1493852624.393606,-1.251465,-0.178223,-0.180664,93.627930,49.011230,-83.923340
1493852624.396157,-1.001465,0.017090,-0.199219,109.313965,31.616211,-51.269531
1493852624.398749,-0.878906,0.162598,-0.200195,119.506836,20.324707,-31.921387
1493852624.401413,-0.719238,0.355469,-0.147949,123.962402,14.282227,-27.404785
1493852624.404095,-0.575684,0.347168,-0.258301,125.305176,13.183594,-25.817871
1493852624.406783,-0.486328,0.402344,-0.373535,123.474121,16.418457,-34.667969
1493852624.409489,-0.418945,0.416992,-0.294434,117.248535,21.362305,-49.255371
1493852624.412195,-0.485840,0.459961,-0.304688,106.872559,25.329590,-67.565918
1493852624.414994,-0.377930,0.423340,-0.259277,97.290039,26.977539,-101.440430
1493852624.417680,-0.422852,0.347656,-0.339355,89.660645,28.686523,-101.501465
1493852624.420367,-0.513672,0.279297,-0.329590,85.632324,28.808594,-110.229492
1493852624.423047,-0.547852,0.283203,-0.384277,78.735352,28.686523,-111.389160
1493852624.425730,-0.625000,0.134766,-0.283691,73.364258,27.709961,-107.482910
1493852624.428414,-0.602051,0.143066,-0.341797,67.077637,27.221680,-103.820801
1493852624.431098,-0.595215,0.284668,-0.324219,63.720703,25.756836,-102.539062
1493852624.433784,-0.583008,0.294922,-0.346680,61.767578,24.536133,-103.881836
1493852624.436470,-0.523438,0.295898,-0.227051,57.678223,25.146484,-106.445312
1493852624.439123,-0.511230,0.283691,-0.328613,54.748535,26.855469,-111.572266
1493852624.441708,-0.524902,0.248535,-0.289551,53.771973,29.541016,-116.455078
1493852624.444263,-0.576172,0.242676,-0.293945,51.147461,33.935547,-121.765137
1493852624.446817,-0.598633,0.188965,-0.194336,49.682617,35.461426,-128.417969
1493852624.449419,-0.628418,0.182617,-0.314453,45.593262,39.794922,-132.995605
1493852624.452092,-0.665039,0.184570,-0.322754,45.776367,44.067383,-136.047363
1493852624.454777,-0.692383,0.128906,-0.257812,43.640137,47.729492,-137.878418
1493852624.457460,-0.671387,0.114746,-0.244141,43.090820,50.476074,-139.953613
1493852624.460155,-0.638672,0.085938,-0.285156,43.945312,52.185059,-138.305664
1493852624.462841,-0.673340,0.052734,-0.308105,44.311523,52.307129,-135.742188
1493852624.465526,-0.738281,0.062012,-0.319824,45.959473,52.124023,-134.460449
1493852624.468213,-0.741699,0.044434,-0.359375,47.424316,49.316406,-129.638672
1493852624.470901,-0.775391,0.017578,-0.272949,49.377441,47.912598,-120.849609
1493852624.473586,-0.752441,0.031250,-0.311035,48.706055,43.823242,-96.557617
1493852624.476268,-0.767090,0.009277,-0.269531,50.659180,38.391113,-103.027344
1493852624.478960,-0.732422,0.022949,-0.337891,50.109863,31.250000,-92.590332
1493852624.481652,-0.729980,0.050781,-0.358398,51.635742,28.930664,-82.397461
1493852624.484337,-0.695312,0.079590,-0.375000,50.964355,25.817871,-75.866699
1493852624.487021,-0.555664,0.109375,-0.347656,47.790527,24.658203,-73.486328
1493852624.489659,-0.748047,0.138672,-0.433594,44.799805,23.498535,-72.937012
1493852624.492227,-0.612793,0.166016,-0.392578,43.090820,21.850586,-74.401855
1493852624.494779,-0.576172,0.164062,-0.390137,38.208008,20.874023,-76.782227
1493852624.497333,-0.609375,0.142090,-0.337402,33.691406,20.202637,-78.979492
1493852624.499959,-0.525391,0.151855,-0.346680,26.184082,18.188477,-80.688477
1493852624.502654,-0.632812,0.013672,-0.441406,23.315430,17.761230,-81.054688
1493852624.505344,-0.635742,0.129883,-0.483398,18.005371,15.625000,-80.017090
1493852624.508059,-0.658203,0.120605,-0.325684,16.174316,13.305664,-79.223633
1493852624.510772,-0.737793,0.146484,-0.339355,11.901855,11.108398,-77.697754
1493852624.513455,-0.568848,0.108887,-0.298340,11.779785,10.131836,-75.927734
1493852624.516139,-0.607422,0.117676,-0.355469,9.460449,9.521484,-75.012207
1493852624.518826,-0.626465,0.106934,-0.305176,5.493164,8.361816,-74.707031
1493852624.521519,-0.588867,0.138672,-0.339355,5.126953,8.666992,-74.279785
1493852624.524201,-0.509766,0.087402,-0.269043,3.417969,7.568359,-72.448730
1493852624.526881,-0.598633,0.082031,-0.361816,2.868652,7.324219,-71.044922
1493852624.529568,-0.614258,0.085449,-0.322266,1.464844,7.446289,-69.824219
1493852624.532255,-0.632324,0.075195,-0.348633,0.671387,6.774902,-68.237305
1493852624.534934,-0.653809,0.078613,-0.318359,2.258301,6.225586,-66.894531
1493852624.537611,-0.511230,0.048828,-0.244141,1.892090,5.615234,-65.002441
1493852624.540293,-0.604492,0.057617,-0.289551,2.075195,4.821777,-61.523438
1493852624.542845,-0.661621,0.065918,-0.278809,3.112793,5.615234,-57.983398
1493852624.545393,-0.618652,0.078125,-0.267578,3.173828,4.577637,-54.687500
1493852624.547964,-0.659668,0.096680,-0.293945,4.760742,3.784180,-50.109863
1493852624.550610,-0.658691,0.089844,-0.291016,4.150391,4.272461,-47.119141
1493852624.553399,-0.635742,0.100586,-0.334961,5.493164,3.295898,-44.006348
1493852624.556076,-0.616699,0.097168,-0.228027,6.958008,2.624512,-42.297363
1493852624.558753,-0.591797,0.093750,-0.231934,7.141113,4.333496,-41.442871
1493852624.561435,-0.511719,0.074219,-0.222168,6.164551,4.821777,-40.527344
1493852624.564116,-0.626465,0.101562,-0.291504,6.469727,4.821777,-39.428711
1493852624.566796,-0.630859,0.080566,-0.252930,6.652832,5.981445,-38.208008
1493852624.569479,-0.623047,0.071777,-0.220215,5.737305,5.554199,-35.827637
1493852624.572162,-0.675781,0.062012,-0.257812,7.507324,4.516602,-33.325195
1493852624.574836,-0.643066,0.077148,-0.328125,7.995605,4.760742,-30.212402
1493852624.577507,-0.656738,0.075195,-0.214844,6.958008,4.516602,-26.977539
1493852624.580190,-0.634766,0.106934,-0.153809,9.399414,3.845215,-24.902344
1493852624.582869,-0.588867,0.108887,-0.289062,9.399414,3.479004,-22.460938
1493852624.585552,-0.654297,0.094238,-0.264648,10.192871,1.831055,-21.728516
1493852624.588247,-0.738281,0.119141,-0.307129,8.850098,2.258301,-21.423340
1493852624.590867,-0.635742,0.114746,-0.238770,9.887695,2.990723,-21.240234
1493852624.593413,-0.611328,0.087891,-0.222168,9.582520,2.502441,-20.812988
1493852624.595964,-0.603027,0.001953,-0.341309,11.413574,2.868652,-20.446777
1493852624.598556,-0.624512,0.144531,-0.251465,11.779785,2.502441,-20.385742
