1493852640.507299,-0.051758,0.361328,-0.171875,-50.659180,-52.001953,79.345703
1493852640.509916,-0.028809,0.498047,-0.098633,-57.189941,-49.560547,84.960938
1493852640.512491,-0.111328,0.402344,-0.148926,-64.086914,-32.531738,84.838867
1493852640.515087,-0.081543,0.409668,-0.093750,-71.777344,-45.532227,82.641602
1493852640.517690,-0.106934,0.406738,-0.098633,-75.927734,-45.227051,78.125000
1493852640.520298,-0.119141,0.375488,-0.002930,-79.345703,-44.128418,75.805664
1493852640.522851,-0.127930,0.343750,-0.218262,-82.092285,-43.823242,72.082520
1493852640.525456,-0.110840,0.330078,-0.085449,-86.303711,-43.823242,71.044922
1493852640.528136,-0.077148,0.289551,-0.083496,-90.637207,-43.395996,73.059082
1493852640.530725,-0.085449,0.237793,-0.094238,-96.618652,-41.931152,76.477051
1493852640.533278,-0.089355,0.241211,-0.134766,-99.975586,-42.358398,79.589844
1493852640.535857,-0.039062,0.212891,-0.109863,-104.675293,-43.640137,83.190918
1493852640.538458,-0.096191,0.201172,-0.113770,-108.154297,-44.189453,87.036133
1493852640.541553,-0.034180,0.199219,-0.083496,-114.196777,-44.677734,108.337402
1493852640.544626,-0.097168,0.152344,-0.047852,-116.577148,-43.029785,100.036621
1493852640.547216,-0.086426,0.164551,-0.220703,-122.253418,-41.992188,107.482910
1493852640.549826,-0.086426,0.169922,-0.087891,-125.183105,-41.259766,113.342285
1493852640.552396,-0.080078,0.134766,-0.024902,-127.868652,-39.245605,120.361328
1493852640.554948,-0.096680,0.158691,-0.210449,-133.666992,-38.696289,128.356934
1493852640.557589,-0.076172,0.093750,-0.091309,-135.803223,-38.452148,136.230469
1493852640.560176,-0.090820,0.137695,-0.212402,-138.122559,-38.208008,145.874023
1493852640.562738,-0.077148,0.131836,-0.145996,-139.282227,-36.804199,155.212402
1493852640.565390,-0.072754,0.117188,-0.117676,-144.592285,-35.461426,163.513184
1493852640.567998,-0.083496,0.137695,-0.192383,-147.338867,-33.325195,183.837891
1493852640.570990,-0.241211,0.107422,-0.197266,-149.719238,-30.639648,180.969238
1493852640.574004,-0.139648,0.129883,-0.140625,-151.733398,-31.250000,187.011719
1493852640.576692,-0.147461,0.152344,-0.168945,-152.587891,-29.907227,194.702148
1493852640.579380,-0.109375,0.166992,-0.179688,-154.296875,-29.846191,201.416016
1493852640.582070,-0.172852,0.147461,-0.145996,-155.212402,-27.954102,206.665039
1493852640.584754,-0.174316,0.162598,-0.214844,-155.456543,-26.672363,212.219238
1493852640.587439,-0.138672,0.164062,-0.246094,-154.541016,-26.062012,217.346191
1493852640.590135,-0.196289,0.168457,-0.190430,-155.151367,-24.291992,222.045898
1493852640.592820,-0.162598,0.175781,-0.198730,-153.625488,-23.437500,225.708008
1493852640.595503,-0.184570,0.138184,-0.251953,-151.916504,-22.827148,229.370117
1493852640.598184,-0.238281,0.187012,-0.251465,-151.855469,-22.827148,232.543945
1493852640.600796,-0.257812,0.166992,-0.308594,-148.437500,-21.545410,235.839844
1493852640.603352,-0.224121,0.152344,-0.270996,-145.996094,-21.484375,237.121582
1493852640.605904,-0.263184,0.166504,-0.228027,-143.676758,-20.141602,239.685059
1493852640.608491,-0.246094,0.152344,-0.256836,-142.456055,-18.432617,243.652344
1493852640.611076,-0.273438,0.142578,-0.310059,-142.395020,-18.432617,248.229980
1493852640.613624,-0.300293,0.169434,-0.300781,-141.540527,-19.348145,252.380371
1493852640.616174,-0.297852,0.224609,-0.247559,-141.479492,-19.775391,255.798340
1493852640.618791,-0.328613,0.104980,-0.318848,-136.718750,-20.446777,258.056641
1493852640.621410,-0.343262,0.231445,-0.253906,-130.065918,-19.897461,258.850098
1493852640.623964,-0.335449,0.124512,-0.312988,-125.122070,-19.470215,261.779785
1493852640.626563,-0.370117,0.121582,-0.329590,-121.337891,-19.653320,263.488770
1493852640.629252,-0.346191,0.119141,-0.272949,-117.126465,-18.493652,266.662598
1493852640.631959,-0.431641,0.097656,-0.304199,-114.624023,-17.028809,270.507812
1493852640.634630,-0.406250,0.121094,-0.368652,-112.365723,-15.075684,274.230957
1493852640.637299,-0.439453,0.126465,-0.335938,-107.177734,-14.099121,277.038574
1493852640.639976,-0.423340,0.240234,-0.303711,-104.553223,-13.244629,280.090332
1493852640.642781,-0.494141,0.109375,-0.320801,-101.135254,-12.817383,282.775879
1493852640.645451,-0.489258,0.105469,-0.415527,-96.130371,-10.437012,286.254883
1493852640.648124,-0.381836,0.104980,-0.325684,-94.726562,-7.263184,290.466309
1493852640.650795,-0.520996,0.096680,-0.378906,-91.857910,-4.394531,294.982910
1493852640.653462,-0.561035,0.233398,-0.343750,-90.820312,-0.488281,298.645020
1493852640.656127,-0.610840,0.104004,-0.376465,-90.026855,0.183105,300.720215
1493852640.658772,-0.602051,0.154785,-0.436035,-88.317871,0.732422,301.574707
1493852640.661356,-0.623047,0.154785,-0.431152,-85.754395,-0.122070,301.391602
1493852640.663908,-0.682617,0.128418,-0.399902,-83.496094,-0.183105,301.696777
1493852640.666457,-0.677246,0.137695,-0.466797,-79.650879,-0.427246,301.635742
1493852640.669046,-0.706543,0.125488,-0.408203,-78.796387,1.342773,303.405762
1493852640.671708,-0.629883,0.115234,-0.431152,-75.988770,3.967285,306.152344
1493852640.674393,-0.862793,0.109375,-0.457031,-73.852539,6.225586,308.471680
1493852640.677073,-0.800781,0.220215,-0.460938,-71.777344,8.117676,312.194824
1493852640.679761,-0.872070,0.132324,-0.376953,-69.152832,9.338379,313.842773
1493852640.682447,-0.859375,0.147949,-0.421875,-66.040039,10.253906,316.101074
1493852640.685200,-0.935059,0.143066,-0.446777,-61.157227,12.878418,316.284180
1493852640.687960,-1.008789,0.143066,-0.480957,-56.945801,16.418457,315.917969
1493852640.690649,-1.028809,0.154297,-0.482422,-55.175781,21.362305,315.185547
1493852640.693335,-1.082031,0.152832,-0.592285,-53.405762,26.733398,297.851562
1493852640.696020,-1.041992,0.131836,-0.502930,-51.696777,33.203125,310.119629
1493852640.698711,-1.159668,0.112793,-0.529785,-52.795410,40.405273,307.067871
1493852640.701405,-1.218750,0.056152,-0.488770,-56.823730,48.950195,302.917480
1493852640.704092,-1.261719,-0.089844,-0.381836,-58.898926,59.631348,299.560547
1493852640.706777,-1.286621,-0.142578,-0.528809,-58.166504,74.584961,302.062988
1493852640.709436,-1.292480,-0.165527,-0.568848,-63.171387,88.867188,306.762695
1493852640.712023,-1.270996,-0.197754,-0.554688,-75.866699,97.778320,306.762695
1493852640.714574,-1.423828,-0.126465,-0.698730,-101.745605,101.562500,298.583984
1493852640.717127,-1.529297,-0.093262,-0.687988,-108.947754,98.144531,281.250000
1493852640.719686,-1.590820,-0.136719,-0.607422,-134.582520,79.833984,259.338379
1493852640.722246,-1.666992,-0.200684,-0.740234,-153.686523,90.209961,239.807129
1493852640.724795,-1.683594,-0.327637,-0.681152,-162.048340,87.280273,233.032227
1493852640.727386,-1.671875,-0.478027,-0.751465,-168.273926,86.730957,224.304199
1493852640.730060,-1.613281,-0.583496,-0.802734,-180.053711,87.341309,222.045898
1493852640.732690,-1.634766,-0.659668,-0.855469,-194.885254,87.341309,222.167969
1493852640.735242,-1.642090,-0.870117,-0.812500,-216.430664,83.374023,221.618652
1493852640.737875,-1.595215,-0.831543,-0.839355,-224.853516,77.636719,221.130371
1493852640.740582,-1.642090,-0.876465,-0.850586,-236.450195,75.805664,219.970703
1493852640.743273,-1.575195,-0.921387,-0.832031,-241.394043,75.439453,219.177246
1493852640.745962,-1.583008,-0.990723,-0.844238,-240.600586,77.453613,219.116211
1493852640.748664,-1.470215,-1.055664,-0.888672,-238.281250,80.810547,219.421387
1493852640.751367,-1.390625,-1.155762,-0.905762,-238.220215,86.364746,216.857910
1493852640.754046,-1.317871,-1.221680,-0.982422,-237.854004,93.872070,213.134766
1493852640.756729,-1.264160,-1.274902,-0.786621,-238.342285,103.637695,209.106445
1493852640.759371,-1.193359,-1.327637,-0.870605,-238.281250,114.318848,205.322266
1493852640.761942,-1.128906,-1.275391,-0.602051,-235.717773,119.201660,202.575684
1493852640.764493,-1.336914,-0.938477,-0.753906,-266.357422,112.976074,196.044922
1493852640.767040,-1.126465,-1.070312,-1.035645,-318.359375,85.510254,172.180176
1493852640.769643,-1.184570,-1.379883,-0.371582,-283.752441,100.891113,126.098633
1493852640.772317,-1.166504,-1.562012,-0.276855,-241.943359,151.428223,101.013184
1493852640.774996,-1.109375,-1.797363,-0.089355,-230.895996,206.542969,79.040527
1493852640.777683,-1.069824,-1.760742,0.555664,-252.258301,252.502441,53.833008
1493852640.780487,-1.039551,-1.765137,0.430664,-301.757812,263.122559,47.851562
1493852640.783169,-1.049805,-1.645996,0.445312,-314.514160,241.455078,62.194824
1493852640.785851,-1.015625,-1.554199,0.500488,-286.254883,202.819824,90.454102
1493852640.788544,-1.244629,-1.563477,0.384277,-233.154297,168.823242,122.436523
1493852640.791231,-1.251953,-1.548340,0.364746,-171.264648,157.714844,151.245117
1493852640.793911,-1.293945,-1.619141,0.045898,-118.469238,174.438477,166.992188
1493852640.796592,-1.234375,-1.502441,-0.185547,-65.979004,218.322754,164.123535
1493852640.799281,-1.367676,-1.229980,-0.443848,-40.283203,256.896973,121.459961
1493852640.801970,-1.255859,-1.190430,-0.627441,-59.936523,258.850098,44.982910
1493852640.804651,-1.263184,-1.312012,-0.610840,-65.551758,213.745117,-32.043457
1493852640.807334,-1.198242,-1.425781,-0.722168,-82.275391,134.338379,-84.167480
1493852640.809954,-1.107910,-1.570801,-0.668945,-89.172363,56.884766,-102.722168
1493852640.812509,-0.919434,-1.771484,-0.629395,-84.350586,31.127930,-94.299316
1493852640.815063,-0.820801,-1.953613,-0.769043,-82.397461,19.226074,-71.166992
1493852640.817614,-0.721191,-2.134277,-0.684570,-85.937500,44.006348,-53.344727
1493852640.820209,-0.654297,-2.269043,-0.682617,-83.496094,76.660156,-49.194336
1493852640.822846,-0.682129,-2.357910,-0.619141,-73.486328,91.552734,-71.411133
1493852640.825484,-0.677246,-2.290039,-0.463379,-46.569824,82.824707,-93.139648
1493852640.828181,-0.674316,-1.826172,-0.283203,-15.563965,66.772461,-95.642090
1493852640.830902,-0.814453,-1.280762,-0.084961,16.174316,68.786621,-92.285156
1493852640.833586,-1.098633,-0.823242,0.209473,46.691895,77.026367,-71.411133
1493852640.836268,-1.490234,-0.159180,0.061523,75.866699,66.162109,-44.738770
1493852640.838955,-1.500488,0.849609,-0.101562,117.980957,28.137207,-1.342773
1493852640.841646,-2.192871,2.558105,-0.523926,163.574219,-7.324219,60.058594
1493852640.844330,-2.853027,3.050781,-0.456543,193.542480,-46.020508,112.548828
1493852640.847014,-2.532715,2.630859,-1.093750,122.985840,-95.581055,87.890625
1493852640.849653,-1.385742,1.904297,-0.851562,-53.588867,-181.152344,-21.057129
1493852640.852216,-0.757812,1.363281,-0.531738,-139.831543,-264.282227,-143.676758
1493852640.854769,-0.497559,0.888672,-0.070801,-242.614746,-334.533691,-229.797363
1493852640.857325,-0.300781,0.436035,0.087402,-242.980957,-369.079590,-277.587891
1493852640.859881,-0.178223,-0.096191,0.291992,-176.452637,-411.254883,-304.321289
1493852640.862438,-0.179199,-0.651855,0.531250,-87.890625,-416.259766,-328.002930
1493852640.864988,-0.055176,-1.120605,0.723633,-13.122559,-378.540039,-324.890137
1493852640.867536,-0.118164,-1.481445,0.858887,27.099609,-289.245605,-329.345703
1493852640.870131,-0.022461,-1.494141,0.628906,15.991211,-153.808594,-310.119629
1493852640.872826,-0.086914,-1.195312,0.404785,-0.793457,-14.953613,-246.704102
1493852640.875514,-0.251465,-0.583008,0.103027,-47.424316,79.284668,-143.371582
1493852640.878207,-0.482910,-0.138184,0.038574,-119.140625,108.947754,-35.583496
1493852640.880900,-0.622559,0.022461,0.164062,-125.183105,93.322754,46.386719
1493852640.883588,-0.862793,0.192871,0.365234,-107.177734,54.565430,90.637207
1493852640.886276,-1.127930,0.293945,0.389648,-86.425781,15.930176,93.139648
1493852640.888968,-1.427246,0.320312,0.338867,-31.799316,-4.272461,50.659180
1493852640.891658,-1.430664,0.375000,-0.117676,15.319824,-97.473145,-16.479492
1493852640.894346,-1.261719,0.463379,-0.156738,97.839355,-31.860352,-59.265137
1493852640.897028,-0.950684,0.499023,-0.375488,66.223145,-14.770508,-64.758301
1493852640.899722,-0.829590,0.449219,-0.437988,53.100586,6.530762,-51.452637
1493852640.902343,-0.650391,0.285156,-0.389648,33.447266,19.287109,-34.912109
1493852640.904895,-0.546875,0.275879,-0.205078,10.253906,14.465332,-32.226562
1493852640.907449,-0.481445,0.138672,-0.108398,-4.333496,7.934570,-33.386230
1493852640.910110,-0.422852,0.007324,-0.076172,-3.601074,-9.460449,-59.387207
1493852640.912776,-0.392090,-0.008301,-0.091797,6.164551,-15.014648,-75.378418
1493852640.915566,-0.470703,0.012695,-0.208984,10.620117,-15.686035,-68.542480
1493852640.918328,-0.440430,0.047852,-0.239746,5.676270,-6.652832,-72.937012
1493852640.921031,-0.470703,0.228027,-0.323242,-1.281738,3.540039,-49.621582
1493852640.923668,-0.538574,0.169434,-0.449219,-7.812500,3.784180,-55.114746
1493852640.926306,-0.596680,0.193359,-0.298340,-11.047363,2.014160,-43.518066
1493852640.929058,-0.569824,0.164551,-0.277832,-9.399414,-10.925293,-36.315918
1493852640.931773,-0.656250,0.138184,-0.218262,-6.835938,-18.310547,-34.179688
1493852640.934452,-0.667480,0.122559,-0.205566,-6.164551,-28.259277,-37.292480
1493852640.937170,-0.618652,0.077148,-0.171875,-4.455566,-30.578613,-43.945312
1493852640.939840,-0.599609,0.062012,-0.178711,-2.990723,-30.395508,-49.255371
1493852640.942403,-0.621094,0.060059,-0.186523,-5.493164,-30.151367,-53.344727
1493852640.944955,-0.567383,0.070801,-0.190430,-5.798340,-28.625488,-52.246094
1493852640.947550,-0.614258,0.034180,-0.014648,-6.774902,-31.127930,-49.316406
1493852640.950192,-0.601074,0.040527,-0.117676,-8.789062,-30.883789,-44.128418
1493852640.952838,-0.582031,0.025391,-0.078613,-6.530762,-32.653809,-39.123535
1493852640.955484,-0.559570,0.046875,0.013184,-6.042480,-33.874512,-35.339355
1493852640.958179,-0.570312,0.033203,-0.024902,-6.042480,-31.433105,-32.348633
1493852640.960875,-0.523438,0.024902,0.053223,-6.652832,-30.639648,-32.470703
1493852640.963521,-0.589844,0.058105,0.034668,-10.375977,-25.695801,-32.165527
1493852640.966170,-0.541504,0.082031,0.027344,-10.986328,-24.108887,-33.264160
1493852640.968907,-0.604980,0.055664,0.056152,-10.498047,-20.141602,-33.020020
1493852640.971668,-0.630371,0.071777,0.006836,-12.817383,-16.601562,-33.569336
1493852640.974451,-0.603516,0.098633,-0.064941,-13.488770,-12.451172,-33.264160
1493852640.977231,-0.729492,0.103516,0.022949,-13.488770,-8.178711,-32.043457
1493852640.979861,-0.599609,0.083496,0.010254,-14.648438,-5.371094,-31.127930
1493852640.982422,-0.658691,0.094238,-0.040527,-14.465332,-1.525879,-29.785156
1493852640.984973,-0.639160,0.062500,0.011230,-13.122559,-1.159668,-29.296875
1493852640.987522,-0.676758,0.096680,-0.031250,-13.977051,2.624512,-28.991699
1493852640.990150,-0.643066,0.082031,-0.072754,-14.404297,2.258301,-27.832031
1493852640.992853,-0.678223,0.094238,-0.008789,-14.892578,4.150391,-27.404785
1493852640.995540,-0.661621,0.114746,-0.042480,-14.953613,4.760742,-26.000977
1493852640.998243,-0.640137,0.103027,-0.091309,-13.122559,4.821777,-25.024414
1493852641.000944,-0.687012,0.082031,-0.048828,-12.145996,5.981445,-23.803711
1493852641.003623,-0.666992,0.084961,-0.144531,-11.169434,5.126953,-22.583008
1493852641.006307,-0.657715,0.104004,-0.219238,-9.887695,5.798340,-23.193359
1493852641.008963,-0.645508,0.100586,-0.123535,-10.192871,4.821777,-22.094727
1493852641.011557,-0.658203,0.098633,-0.134766,-10.803223,4.333496,-21.606445
1493852641.014107,-0.650391,0.108398,-0.229980,-10.070801,4.638672,-21.667480
1493852641.016658,-0.656250,0.084961,-0.046875,-10.070801,3.906250,-21.179199
1493852641.019300,-0.674316,0.108887,-0.139648,-9.948730,3.845215,-20.629883
1493852641.021934,-0.742676,0.099609,-0.085449,-9.277344,2.380371,-20.751953
1493852641.024482,-0.528809,0.075684,-0.091797,-8.911133,2.197266,-20.690918
1493852641.027068,-0.745605,0.087402,-0.116211,-10.437012,2.441406,-19.287109
1493852641.029779,-0.543945,0.075195,-0.080566,-10.620117,2.929688,-20.080566
1493852641.032524,-0.664062,0.083984,-0.003906,-8.789062,3.234863,-19.531250
1493852641.035207,-0.650391,0.090820,-0.195801,-9.887695,2.685547,-18.737793
1493852641.037892,-0.618652,0.097656,-0.110840,-10.375977,3.601074,-18.249512
1493852641.040581,-0.646973,0.086914,-0.044434,-9.643555,2.990723,-17.822266
1493852641.043257,-0.638184,0.092773,-0.129883,-9.765625,2.990723,-18.310547
1493852641.045937,-0.655762,0.083496,-0.012695,-9.643555,2.258301,-18.188477
1493852641.048615,-0.657715,0.083496,0.054688,-8.911133,3.662109,-17.150879
1493852641.051295,-0.632812,0.078125,-0.026855,-9.033203,4.638672,-17.517090
1493852641.054094,-0.624512,0.089844,-0.072754,-10.070801,5.676270,-17.089844
1493852641.056778,-0.645996,0.079590,-0.033203,-10.559082,7.324219,-16.357422
1493852641.059483,-0.636719,0.093750,-0.070312,-12.695312,8.483887,-16.235352
1493852641.062186,-0.595703,0.082520,-0.082031,-11.352539,12.145996,-15.686035
1493852641.064868,-0.522949,0.089844,-0.085449,-12.329102,13.305664,-15.502930
1493852641.067553,-0.637695,0.099609,-0.124512,-12.207031,13.793945,-15.136719
1493852641.070164,-0.658691,0.088867,-0.074219,-11.718750,14.343262,-14.465332
1493852641.072715,-0.625000,0.080566,-0.095703,-13.366699,14.526367,-14.282227
1493852641.075266,-0.701172,0.094238,-0.158203,-12.390137,15.686035,-13.793945
1493852641.077823,-0.634766,0.062500,-0.058594,-11.718750,16.296387,-14.099121
1493852641.080442,-0.662598,0.070801,-0.192871,-12.023926,16.540527,-14.343262
1493852641.083108,-0.666504,0.078613,-0.244629,-11.169434,17.272949,-14.831543
1493852641.085770,-0.665039,0.067871,-0.175781,-10.437012,17.211914,-14.465332
1493852641.088458,-0.658691,0.052246,-0.173340,-7.385254,18.005371,-14.465332
1493852641.091145,-0.645996,0.056641,-0.140137,-6.591797,18.371582,-13.671875
1493852641.093806,-0.699219,0.058105,-0.093262,-3.723145,19.592285,-13.122559
1493852641.096470,-0.688477,0.055664,-0.210938,-3.356934,18.493652,-11.596680
1493852641.099146,-0.665039,0.078125,-0.239746,-2.746582,17.700195,-11.657715
1493852641.101825,-0.656738,0.079590,-0.097656,-1.953125,16.113281,-11.230469
1493852641.104496,-0.672852,0.076172,-0.093750,-1.953125,15.380859,-10.253906
1493852641.107163,-0.672363,0.078125,-0.182617,15.075684,14.953613,-9.643555
1493852641.109858,-0.673340,0.097656,-0.050781,0.549316,14.160156,-9.643555
1493852641.112549,-0.646973,0.107422,-0.020996,0.183105,14.526367,-10.192871
1493852641.115212,-0.659668,0.105469,-0.234863,-0.305176,13.671875,-10.742188
1493852641.117878,-0.645508,0.099121,-0.101562,-0.793457,13.549805,-10.620117
1493852641.120484,-0.645996,0.106445,-0.122559,-0.122070,13.122559,-11.657715
1493852641.123037,-0.636719,0.091797,-0.108398,-0.183105,13.061523,-12.756348
1493852641.125586,-0.664062,0.097168,-0.060059,-1.403809,13.366699,-13.305664
1493852641.128219,-0.656250,0.103516,-0.124512,-1.098633,13.854980,-13.305664
1493852641.130932,-0.640625,0.082031,-0.126953,-3.295898,15.747070,-13.305664
1493852641.133615,-0.650879,0.095215,-0.059570,-5.065918,16.601562,-13.671875
1493852641.136298,-0.671387,0.093750,-0.040527,-4.455566,16.357422,-12.756348
1493852641.138988,-0.664062,0.095215,-0.218262,-5.493164,16.479492,-12.390137
1493852641.141673,-0.665039,0.117676,-0.130859,-5.432129,15.991211,-11.779785
1493852641.144351,-0.640137,0.094238,-0.183594,-5.126953,15.563965,-11.535645
1493852641.147034,-0.652832,0.103027,-0.152344,-5.981445,15.380859,-11.779785
1493852641.149719,-0.676758,0.102051,-0.158691,-8.056641,15.319824,-12.756348
1493852641.152406,-0.653809,0.119141,-0.128906,-7.995605,14.831543,-12.145996
1493852641.155089,-0.664551,0.082031,-0.177734,-8.666992,14.038086,-13.549805
1493852641.157773,-0.649902,0.082031,-0.109863,-9.521484,12.939453,-14.526367
1493852641.160459,-0.642090,0.044434,-0.119629,-10.437012,11.840820,-14.648438
1493852641.163141,-0.634766,0.074219,-0.001953,-10.437012,11.535645,-15.625000
1493852641.165824,-0.680176,0.060547,-0.164062,-11.535645,10.192871,-15.808105
1493852641.168493,-0.649902,0.080078,-0.190918,-9.826660,10.253906,-15.869141
1493852641.171092,-0.657715,0.062012,-0.116699,-9.704590,9.277344,-14.953613
1493852641.173640,-0.669434,0.077148,-0.175781,-9.643555,8.117676,-14.099121
1493852641.176183,-0.632324,0.076172,-0.131836,-9.094238,5.859375,-13.305664
1493852641.178756,-0.678711,0.084961,-0.118652,-8.422852,5.615234,-13.244629
1493852641.181395,-0.654785,0.089844,-0.180664,-10.314941,6.408691,-14.160156
1493852641.184060,-0.672363,0.083496,-0.104004,-10.192871,6.225586,-13.793945
1493852641.186723,-0.660156,0.103516,-0.118652,-10.437012,5.737305,-13.793945
1493852641.189389,-0.633301,0.097656,-0.162598,-11.169434,5.981445,-13.916016
1493852641.192053,-0.666504,0.097656,-0.171387,-11.474609,5.187988,-13.977051
1493852641.194827,-0.668457,0.090820,-0.104980,-12.145996,3.112793,-14.587402
1493852641.197490,-0.670898,0.112793,-0.145020,-11.962891,2.014160,-15.625000
1493852641.200159,-0.651855,0.109375,-0.163574,-12.634277,0.427246,-16.052246
1493852641.202824,-0.680176,0.116699,-0.087891,-13.854980,-0.732422,-17.150879
1493852641.205489,-0.672852,0.110840,-0.242676,-13.671875,-2.563477,-17.456055
1493852641.208159,-0.646484,0.106445,-0.118652,-29.663086,-3.356934,-18.249512
1493852641.210829,-0.638672,0.089355,-0.106934,-17.150879,-4.455566,-17.700195
1493852641.213490,-0.650391,0.060547,-0.111328,-16.113281,-5.004883,-17.578125
1493852641.216158,-0.625977,0.070801,-0.138672,-17.150879,-3.601074,-18.188477
1493852641.218832,-0.634277,0.039062,-0.015625,-18.493652,-3.845215,-17.395020
1493852641.221445,-0.630371,0.065430,-0.121582,-16.174316,-4.150391,-18.005371
1493852641.223994,-0.655762,0.041016,-0.020020,-15.991211,-3.540039,-17.517090
1493852641.226548,-0.623535,0.068359,-0.243652,-16.967773,-4.028320,-16.418457
1493852641.229182,-0.638672,0.057617,-0.122559,-16.662598,-4.394531,-15.625000
1493852641.231889,-0.649902,0.061523,-0.118652,-16.784668,-4.272461,-15.136719
1493852641.234570,-0.739746,0.048828,-0.148926,-17.028809,-4.516602,-14.221191
1493852641.237252,-0.523438,0.044922,-0.080566,-15.380859,-4.150391,-14.770508
1493852641.239943,-0.632812,0.060547,-0.159668,-15.441895,-3.723145,-15.747070
1493852641.242628,-0.626465,0.034180,-0.227051,-13.916016,-4.150391,-16.418457
1493852641.245305,-0.623535,0.034668,-0.141113,-13.244629,-3.662109,-16.601562
1493852641.247990,-0.729492,0.035156,-0.069824,-14.465332,-3.356934,-15.991211
1493852641.250678,-0.619629,0.015137,-0.136230,-12.390137,-3.784180,-15.625000
1493852641.253364,-0.611328,0.010742,-0.132324,-13.549805,-3.479004,-14.221191
1493852641.256046,-0.634766,0.012695,-0.247559,-11.901855,-3.662109,-12.878418
1493852641.258740,-0.609375,0.040527,-0.158691,-13.671875,-3.906250,-11.108398
1493852641.261428,-0.616699,0.039551,-0.104980,-12.023926,-3.662109,-10.559082
1493852641.264109,-0.607422,0.022461,-0.075684,-11.474609,-2.990723,-9.765625
1493852641.266790,-0.593750,0.048340,-0.166992,-12.390137,-3.051758,-9.704590
1493852641.269431,-0.643066,0.022949,-0.135254,-12.634277,-2.441406,-8.544922
1493852641.272000,-0.620605,0.039062,-0.133301,-11.901855,-3.051758,-7.385254
1493852641.274550,-0.618652,0.048828,-0.132812,-10.620117,-2.746582,-6.103516
1493852641.277101,-0.683105,0.049805,-0.025391,-11.169434,-3.845215,-4.394531
1493852641.279720,-0.632812,0.080078,-0.128418,-12.451172,-4.455566,-3.540039
1493852641.282398,-0.624512,0.071777,-0.027344,-10.620117,-5.615234,-3.479004
1493852641.285052,-0.666504,0.052734,-0.097168,-11.291504,-5.249023,-3.784180
1493852641.287714,-0.632812,0.091309,-0.170898,-10.803223,-5.493164,-4.394531
1493852641.290376,-0.631348,0.050781,-0.077148,-12.023926,-4.455566,-3.906250
1493852641.293037,-0.619629,0.066406,-0.113770,-10.131836,-4.943848,-4.394531
1493852641.295700,-0.650879,0.074219,-0.005371,-8.178711,-3.662109,-3.601074
1493852641.298364,-0.648926,0.052246,-0.179688,-9.521484,-2.319336,-2.502441
1493852641.301025,-0.632324,0.035156,-0.081543,-9.033203,-0.854492,-2.563477
1493852641.303682,-0.640625,0.041016,-0.060059,-7.446289,0.427246,-2.441406
1493852641.306335,-0.691406,0.021484,-0.071777,-7.080078,1.159668,-1.647949
1493852641.308996,-0.655762,0.047852,-0.144043,-6.530762,1.953125,0.000000
1493852641.311655,-0.657715,0.042480,-0.128418,-5.310059,3.112793,1.525879
1493852641.314309,-0.646973,0.038574,-0.080566,-3.417969,3.540039,2.258301
1493852641.316966,-0.619629,0.058105,-0.022461,-2.685547,3.295898,3.295898
1493852641.319577,-0.669434,0.057617,-0.094238,-0.305176,3.295898,3.845215
1493852641.322134,-0.670410,0.053711,-0.128906,-1.098633,3.906250,4.333496
1493852641.324679,-0.634277,0.069336,-0.175293,0.549316,4.638672,4.516602
1493852641.327214,-0.654297,0.050293,-0.093262,0.366211,5.554199,5.554199
1493852641.329813,-0.658203,0.042480,-0.118652,1.220703,5.554199,5.249023
1493852641.332595,-0.656738,0.048340,-0.136230,2.197266,5.981445,5.126953
1493852641.335272,-0.674805,0.062012,-0.088867,2.563477,6.469727,5.615234
1493852641.337950,-0.630371,0.072266,-0.211914,2.502441,5.676270,5.981445
1493852641.340623,-0.626953,0.058105,-0.029297,1.403809,6.225586,6.225586
1493852641.343297,-0.668457,0.036133,-0.120605,2.441406,6.042480,6.408691
1493852641.345975,-0.630371,0.070312,-0.145996,2.258301,6.530762,6.835938
1493852641.348685,-0.661621,0.025391,-0.102051,1.831055,7.080078,7.385254
1493852641.351399,-0.642090,0.045898,-0.031250,2.685547,6.530762,7.873535
1493852641.354079,-0.677246,0.036133,-0.140137,2.624512,7.385254,8.789062
1493852641.356755,-0.662109,0.077637,-0.148926,3.051758,6.835938,9.704590
1493852641.359433,-0.660156,0.046875,-0.106445,3.479004,6.774902,10.559082
1493852641.362116,-0.644043,0.041016,-0.162109,3.234863,6.469727,10.864258
1493852641.364792,-0.634766,0.052734,-0.162109,4.699707,6.530762,11.230469
1493852641.367469,-0.672852,0.043457,-0.170898,4.211426,6.408691,12.145996
1493852641.370094,-0.651855,0.063965,-0.239746,6.347656,6.469727,12.695312
1493852641.372643,-0.639160,0.057617,-0.034668,4.882812,7.202148,13.427734
1493852641.375188,-0.663574,0.046387,-0.071777,5.126953,6.469727,13.061523
1493852641.377756,-0.644043,0.069824,-0.208496,4.882812,5.859375,12.695312
1493852641.380319,-0.664551,0.064453,-0.080566,4.760742,5.126953,12.695312
1493852641.382859,-0.645996,0.072754,-0.134766,6.225586,6.103516,12.329102
1493852641.385403,-0.662598,0.070801,-0.215820,5.981445,5.249023,12.268066
1493852641.387969,-0.648438,0.074219,-0.062988,5.004883,4.333496,11.718750
1493852641.390598,-0.632324,0.065430,-0.246094,6.713867,4.821777,10.864258
1493852641.393261,-0.661621,0.108398,-0.128906,5.615234,4.516602,10.070801
1493852641.395922,-0.745605,0.078613,-0.156250,4.699707,3.601074,9.216309
1493852641.398586,-0.664062,0.075195,-0.141113,5.676270,4.150391,9.094238
1493852641.401250,-0.688477,0.093750,-0.182617,6.835938,4.455566,9.399414
1493852641.403907,-0.685547,0.104980,-0.242676,7.263184,4.089355,9.582520
1493852641.406564,-0.648926,0.118652,-0.126465,5.798340,3.173828,9.399414
1493852641.409230,-0.691406,0.103027,-0.143066,4.211426,2.075195,7.812500
1493852641.411892,-0.656250,0.119629,-0.168945,3.356934,1.403809,7.690430
1493852641.414553,-0.706055,0.101562,-0.091309,4.638672,-0.427246,6.774902
1493852641.417214,-0.666992,0.112793,-0.125000,4.699707,-1.037598,5.859375
1493852641.419868,-0.674316,0.097168,-0.025391,5.432129,-1.525879,4.516602
1493852641.422503,-0.682617,0.085449,-0.193359,5.187988,-0.549316,4.638672
1493852641.425132,-0.649902,0.072754,-0.026855,5.859375,0.305176,5.554199
1493852641.427783,-0.651855,0.086914,-0.116699,5.798340,0.427246,6.835938
1493852641.430391,-0.548340,0.072266,-0.068359,5.737305,0.244141,6.347656
1493852641.432935,-0.664551,0.092773,-0.138184,5.126953,0.061035,6.652832
1493852641.435480,-0.678223,0.084961,-0.175781,5.859375,-15.380859,7.202148
1493852641.438043,-0.637695,0.102051,-0.092773,5.432129,-0.671387,7.141113
1493852641.440675,-0.666992,0.056641,-0.195312,5.737305,-1.098633,7.080078
1493852641.443355,-0.678223,0.096680,-0.114746,6.286621,-2.319336,7.690430
1493852641.446029,-0.662598,0.083984,-0.140137,4.943848,-2.990723,8.850098
1493852641.448711,-0.611816,0.077637,-0.250000,5.249023,-2.807617,8.850098
1493852641.451393,-0.648438,0.046875,-0.035645,5.310059,-2.929688,8.850098
1493852641.454065,-0.658691,0.062500,-0.091797,6.713867,-2.624512,8.850098
1493852641.456743,-0.659668,0.059570,-0.149902,7.019043,-1.770020,9.765625
1493852641.459422,-0.628906,0.062012,-0.121582,7.324219,-1.892090,10.498047
1493852641.462103,-0.625000,0.087402,-0.187500,7.324219,-1.953125,10.192871
1493852641.464784,-0.638672,0.053711,-0.129883,7.446289,-2.563477,10.803223
1493852641.467463,-0.698730,0.072754,-0.132812,7.690430,-3.356934,11.901855
1493852641.470155,-0.656738,0.081543,-0.174805,7.202148,-3.540039,12.756348
1493852641.472838,-0.637695,0.094238,-0.127930,6.042480,-3.356934,13.366699
1493852641.475515,-0.685059,0.103027,-0.134277,6.591797,-2.441406,13.977051
1493852641.478308,-0.670898,0.104980,-0.153809,7.751465,-2.929688,14.831543
1493852641.480902,-0.640625,0.078613,-0.145996,8.178711,-3.601074,15.808105
1493852641.484061,-0.632812,0.073730,-0.113770,7.934570,-2.380371,15.136719
1493852641.487226,-0.648438,0.080078,-0.025879,8.422852,-2.319336,15.441895
1493852641.490932,-0.634766,0.072266,-0.083496,7.995605,-1.770020,16.418457
1493852641.496227,-0.648926,0.098633,-0.125000,7.690430,-1.220703,15.991211
1493852641.500664,-0.630371,0.085938,-0.080566,9.094238,-1.037598,16.418457
1493852641.504554,-0.653809,0.103027,-0.085449,9.948730,0.976562,17.028809
1493852641.509876,-0.632324,0.079590,-0.082520,9.887695,1.708984,16.601562
1493852641.513647,-0.531250,0.071777,-0.108887,9.704590,1.953125,17.333984
1493852641.516200,-0.679199,0.095215,-0.147461,8.483887,2.502441,16.845703
1493852641.518790,-0.728516,0.113770,-0.116699,8.361816,2.868652,17.578125
1493852641.521401,-0.517578,0.096680,-0.077148,8.544922,2.685547,17.089844
1493852641.524006,-0.630371,0.000000,-0.140625,7.812500,2.441406,16.662598
1493852641.526605,-0.649902,0.103516,-0.111328,8.117676,2.380371,16.906738
1493852641.529265,-0.623535,0.091309,-0.011719,9.643555,2.258301,16.662598
1493852641.531890,-0.675293,0.098633,-0.015625,8.728027,3.356934,16.601562
1493852641.534438,-0.634766,0.127930,-0.197266,8.422852,3.234863,17.578125
1493852641.536983,-0.662109,0.120605,-0.152344,6.530762,5.187988,17.456055
1493852641.539529,-0.675781,0.131836,-0.143066,4.882812,4.943848,17.761230
1493852641.542076,-0.712402,0.102051,-0.083984,4.821777,4.760742,17.517090
1493852641.544623,-0.682617,0.101074,-0.120605,4.821777,5.004883,17.578125
1493852641.547168,-0.683105,0.109375,-0.176758,3.784180,4.028320,18.005371
1493852641.549796,-0.695312,0.114746,-0.200684,2.075195,2.746582,18.371582
1493852641.552497,-0.680176,0.113281,-0.139648,0.915527,0.427246,18.371582
1493852641.555178,-0.682129,0.094238,-0.158203,-0.671387,-1.342773,19.104004
1493852641.557883,-0.640137,0.097656,-0.110840,1.098633,-3.540039,19.042969
1493852641.560518,-0.633301,0.076172,-0.145020,1.220703,-4.089355,19.287109
1493852641.563070,-0.676758,0.089355,-0.147949,1.525879,-3.723145,20.568848
1493852641.565623,-0.672852,0.072754,-0.145020,2.624512,-4.394531,21.301270
1493852641.568232,-0.625000,0.061523,-0.082520,3.784180,-4.394531,21.789551
1493852641.570838,-0.683105,0.069336,-0.192383,4.699707,-4.821777,23.620605
1493852641.573387,-0.674316,0.087402,-0.152832,3.417969,-5.859375,25.390625
1493852641.575930,-0.696289,0.067383,-0.144531,4.394531,-6.835938,27.404785
1493852641.578551,-0.668457,0.099121,-0.191406,6.164551,-7.690430,27.160645
1493852641.581180,-0.675781,0.103027,-0.133301,5.371094,-8.178711,27.770996
1493852641.583733,-0.691406,0.093750,-0.145020,6.896973,-8.666992,27.587891
1493852641.586284,-0.662109,0.074219,-0.150391,7.385254,-8.850098,26.367188
1493852641.588943,-0.704102,0.114746,-0.195312,8.605957,-8.605957,23.193359
1493852641.591676,-0.685059,0.092773,-0.154785,9.826660,-7.690430,18.981934
1493852641.594360,-0.645996,0.073730,-0.158203,9.826660,-7.141113,15.991211
1493852641.597041,-0.682129,0.072266,-0.116699,10.375977,-6.103516,11.535645
1493852641.599737,-0.617676,0.078125,-0.180664,9.765625,-4.821777,7.690430
1493852641.602431,-0.617188,0.117676,-0.186523,8.911133,-6.530762,8.911133
1493852641.605112,-0.662109,0.123535,-0.117676,9.277344,-6.958008,14.282227
1493852641.607802,-0.673340,0.120605,-0.185059,11.535645,-8.239746,19.775391
1493852641.610496,-0.654297,0.143066,-0.120605,12.207031,-9.765625,24.169922
1493852641.613180,-0.680176,0.155762,-0.136719,12.573242,-10.498047,25.390625
1493852641.615864,-0.671387,0.142578,-0.228516,13.122559,-10.253906,22.644043
1493852641.618547,-0.602051,0.106445,-0.143066,30.090332,-9.277344,17.822266
1493852641.621230,-0.683594,0.124512,-0.131836,16.540527,-6.896973,14.221191
1493852641.623909,-0.734375,0.110840,-0.119141,16.723633,-5.737305,11.535645
1493852641.626594,-0.614746,0.126953,-0.087402,18.798828,-4.699707,10.131836
1493852641.629243,-0.597168,0.134277,-0.099609,17.333984,-3.723145,10.925293
1493852641.631963,-0.623535,0.116211,-0.102051,16.662598,-3.601074,13.366699
1493852641.634518,-0.593262,0.160645,-0.163574,15.625000,-3.662109,15.747070
1493852641.637070,-0.598633,0.172852,-0.095215,12.207031,-3.479004,16.906738
1493852641.639709,-0.578125,0.175781,-0.077148,12.451172,-2.441406,16.296387
1493852641.642420,-0.625000,0.190918,-0.099609,10.253906,-0.366211,13.854980
1493852641.645103,-0.634766,0.183105,-0.142090,11.474609,0.732422,10.192871
1493852641.647788,-0.637695,0.185059,-0.220215,9.643555,0.305176,5.798340
1493852641.650468,-0.573730,0.182617,-0.174805,8.972168,0.610352,4.150391
1493852641.653143,-0.632324,0.153809,-0.059570,9.460449,0.549316,1.342773
1493852641.655822,-0.552246,0.152832,-0.136719,9.033203,-0.183105,-15.197754
1493852641.658510,-0.655762,0.154297,-0.135254,7.995605,-0.793457,-1.037598
1493852641.661191,-0.668945,0.165527,-0.082520,6.347656,-1.464844,-0.488281
1493852641.663871,-0.615723,0.162598,-0.239746,4.699707,-2.319336,-1.220703
1493852641.666543,-0.621094,0.145020,-0.062012,4.150391,-2.197266,-2.075195
1493852641.669218,-0.667480,0.149902,-0.112793,4.333496,-2.258301,-2.319336
1493852641.671892,-0.736328,0.156738,-0.212402,3.845215,-2.685547,-3.051758
1493852641.674564,-0.625977,0.134766,-0.109375,4.028320,-2.868652,-2.807617
1493852641.677238,-0.645996,0.142578,-0.143066,3.173828,-3.173828,-4.028320
1493852641.679863,-0.609863,0.138672,-0.221680,3.295898,-3.234863,-3.906250
1493852641.682418,-0.630371,0.111816,-0.067383,3.845215,-3.784180,-4.516602
1493852641.684964,-0.630859,0.109375,-0.068359,4.577637,-3.662109,-4.638672
1493852641.687509,-0.644531,0.104980,-0.127930,5.249023,-5.676270,-5.187988
1493852641.690130,-0.638672,0.130859,-0.062500,4.821777,-6.225586,-5.310059
1493852641.692806,-0.627930,0.126953,-0.208496,2.868652,-5.859375,-6.164551
1493852641.695476,-0.639160,0.126465,-0.158691,3.417969,-8.117676,-6.835938
1493852641.698154,-0.750000,0.117188,-0.166016,3.784180,-8.239746,-6.652832
1493852641.700835,-0.623047,0.137695,-0.206543,4.028320,-8.483887,-6.408691
1493852641.703506,-0.636230,0.114746,-0.222656,3.173828,-9.155273,-6.591797
1493852641.706184,-0.624512,0.103516,-0.062988,2.441406,-8.972168,-6.774902
1493852641.708885,-0.648438,0.115234,-0.181152,3.173828,-10.437012,-6.286621
1493852641.711590,-0.659668,0.118652,-0.150879,2.563477,-11.169434,-5.920410
1493852641.714268,-0.640137,0.124512,-0.093750,1.770020,-11.413574,-6.103516
1493852641.716942,-0.630859,0.112793,-0.075684,3.540039,-11.535645,-5.554199
1493852641.719569,-0.652832,0.126465,-0.231934,2.319336,-12.023926,-5.432129
1493852641.722133,-0.633301,0.155762,-0.038574,2.075195,-11.962891,-5.187988
1493852641.724681,-0.644531,0.142578,-0.247559,1.159668,-12.939453,-5.065918
1493852641.727229,-0.659668,0.139648,-0.083496,0.915527,-13.244629,-5.432129
1493852641.729838,-0.619629,0.138672,-0.013672,0.549316,-13.000488,-5.676270
1493852641.732519,-0.639160,0.123535,-0.152344,0.366211,-12.512207,-6.408691
1493852641.735199,-0.746094,0.106934,-0.062012,1.464844,-12.756348,-6.103516
1493852641.737884,-0.511719,0.119629,-0.134277,3.784180,-12.451172,-5.981445
1493852641.740573,-0.607910,0.124512,-0.045898,2.746582,-10.925293,-5.859375
1493852641.743256,-0.654297,0.115234,-0.113281,1.770020,-10.375977,-6.164551
1493852641.745935,-0.645508,0.111816,-0.106934,-0.610352,-10.437012,-6.713867
1493852641.748625,-0.527832,0.132812,-0.140137,0.732422,-10.192871,-6.835938
1493852641.751314,-0.743652,0.113770,-0.040527,-0.488281,-9.338379,-8.117676
1493852641.753990,-0.626953,0.020020,-0.126465,-0.854492,-9.460449,-8.117676
1493852641.756668,-0.646484,0.134277,-0.157715,0.061035,-8.544922,-7.995605
1493852641.759352,-0.620605,0.121094,-0.079590,-0.610352,-8.300781,-8.789062
1493852641.762035,-0.636719,0.111816,-0.096680,-1.281738,-7.446289,-7.873535
1493852641.764709,-0.736328,0.109375,-0.089355,-2.197266,-6.652832,-7.995605
1493852641.767381,-0.640625,0.100586,-0.106934,-3.784180,-6.530762,-8.422852
1493852641.770043,-0.670898,0.102051,-0.085938,-3.234863,-6.286621,-8.666992
1493852641.772598,-0.612793,0.107422,-0.077637,-2.746582,-6.042480,-7.446289
1493852641.775253,-0.648926,0.099121,-0.125000,-1.037598,-5.249023,-6.713867
1493852641.777805,-0.628418,0.140137,-0.194336,-1.647949,-5.249023,-7.263184
1493852641.780425,-0.618652,0.150879,-0.076172,-1.831055,-5.798340,-7.873535
1493852641.783102,-0.656250,0.121094,-0.049805,-2.807617,-5.126953,-8.911133
1493852641.785780,-0.739746,0.159668,-0.143066,-4.333496,-4.638672,-9.033203
1493852641.788472,-0.509766,0.142578,-0.022949,-3.295898,-4.211426,-10.681152
1493852641.791171,-0.617188,0.111328,-0.115234,-4.699707,-4.577637,-10.131836
1493852641.793854,-0.637695,0.094238,-0.246094,-4.882812,-4.150391,-9.643555
1493852641.796530,-0.615723,0.109863,-0.135254,-5.371094,-3.845215,-10.253906
1493852641.799210,-0.549316,0.090820,-0.076172,-4.516602,-4.394531,-9.643555
1493852641.801888,-0.746094,0.122559,-0.176758,-5.187988,-4.211426,-9.582520
1493852641.804565,-0.621582,0.117676,-0.076172,-5.249023,-4.394531,-10.192871
1493852641.807245,-0.621582,0.089355,-0.101562,-4.699707,-4.516602,-10.070801
1493852641.809929,-0.630371,0.112793,-0.013672,-5.981445,-2.624512,-10.314941
1493852641.812616,-0.636719,0.089355,-0.096680,-4.699707,-2.380371,-10.070801
1493852641.815300,-0.635742,0.104004,-0.152832,-5.126953,-1.953125,-8.911133
1493852641.817981,-0.654785,0.121582,-0.119141,-3.662109,-2.746582,-8.728027
1493852641.820590,-0.621582,0.082520,-0.050293,-4.089355,-1.708984,-8.300781
1493852641.823131,-0.653809,0.122559,-0.163574,-3.173828,-2.746582,-8.483887
1493852641.825676,-0.640625,0.120605,-0.100586,-2.319336,-2.807617,-7.934570
1493852641.828241,-0.640137,0.095703,-0.115234,-3.173828,-2.380371,-7.446289
1493852641.830872,-0.630371,0.115234,-0.185547,-1.525879,-2.319336,-6.896973
1493852641.833551,-0.638184,0.129883,-0.144043,-2.014160,-2.197266,-6.286621
1493852641.836230,-0.660156,0.113770,-0.119629,-2.319336,-2.868652,-6.469727
1493852641.838914,-0.748047,0.118652,-0.111816,-2.258301,-3.479004,-6.896973
1493852641.841595,-0.645508,0.109375,-0.108887,-3.051758,-2.319336,-6.713867
1493852641.844265,-0.674316,0.108398,-0.146484,-2.014160,-2.746582,-6.530762
1493852641.846941,-0.654785,0.111328,-0.245605,-1.708984,-3.173828,-6.286621
1493852641.849626,-0.643066,0.098633,-0.020996,-2.868652,-3.784180,-5.798340
1493852641.852310,-0.674316,0.109863,-0.112793,-2.624512,-3.112793,-4.760742
1493852641.854986,-0.630371,0.096680,-0.130371,-2.014160,-2.990723,-3.784180
1493852641.857677,-0.619629,0.082520,-0.091309,-0.061035,-3.845215,-4.028320
1493852641.860373,-0.638672,0.083984,-0.017090,-0.671387,-3.051758,-2.990723
1493852641.863053,-0.664062,0.095215,-0.142090,-0.183105,-4.333496,-2.197266
1493852641.865729,-0.669434,0.099609,-0.179199,-0.671387,-4.028320,-1.525879
1493852641.868387,-0.642090,0.103516,-0.062500,0.793457,-3.723145,-0.366211
1493852641.870979,-0.633301,0.121582,-0.127930,0.366211,-3.784180,0.366211
1493852641.873524,-0.541504,0.099121,-0.115234,1.159668,-3.967285,0.732422
1493852641.876070,-0.739746,0.121582,-0.101074,1.770020,-3.662109,0.976562
1493852641.878617,-0.548340,0.087891,-0.168457,2.075195,-3.601074,1.525879
1493852641.881160,-0.636230,0.111328,-0.057617,1.159668,-3.234863,1.525879
1493852641.883699,-0.512695,0.121094,-0.140625,0.427246,-3.540039,1.708984
1493852641.886240,-0.632812,0.097656,-0.068359,1.403809,-4.089355,1.953125
1493852641.888818,-0.648926,0.127930,-0.138184,2.075195,-3.051758,1.892090
1493852641.891463,-0.730469,0.116699,-0.139648,2.502441,-3.173828,1.831055
1493852641.894135,-0.539551,0.120605,-0.058105,0.915527,-3.540039,2.868652
1493852641.896811,-0.649902,0.108887,-0.175293,0.854492,-2.563477,3.784180
1493852641.899493,-0.614746,0.125000,-0.046387,2.197266,-2.136230,3.601074
1493852641.902173,-0.623047,0.090820,-0.089844,2.685547,-1.342773,3.173828
1493852641.904847,-0.642578,0.097168,-0.116211,1.831055,-0.671387,2.441406
1493852641.907521,-0.638184,0.116699,-0.068359,0.915527,-0.671387,2.685547
1493852641.910205,-0.615234,0.205566,-0.060547,1.281738,-0.915527,2.441406
1493852641.912879,-0.667480,0.113281,-0.028809,1.892090,-0.244141,2.563477
1493852641.915660,-0.611328,0.107422,-0.135254,1.159668,0.122070,2.807617
1493852641.918344,-0.637695,0.100586,-0.070312,0.488281,-0.244141,3.479004
1493852641.921031,-0.654297,0.123535,-0.138672,1.098633,0.366211,3.051758
1493852641.923707,-0.645996,0.116211,-0.104004,0.610352,1.525879,3.906250
1493852641.926384,-0.625977,0.112793,-0.042480,0.305176,1.403809,3.295898
1493852641.929043,-0.680664,0.094238,-0.066406,0.732422,1.586914,3.967285
1493852641.931637,-0.634766,0.104004,-0.160645,0.122070,0.671387,3.723145
1493852641.934184,-0.643066,0.117676,-0.060059,-0.183105,1.037598,4.028320
1493852641.936728,-0.664062,0.109375,-0.150879,0.244141,0.976562,3.967285
1493852641.939334,-0.611328,0.126465,-0.121582,1.281738,0.549316,3.906250
1493852641.942008,-0.658203,0.097168,-0.065430,1.159668,0.366211,4.089355
1493852641.944684,-0.505859,0.106934,-0.150879,1.281738,0.427246,4.333496
1493852641.947359,-0.641113,0.242188,-0.133301,1.586914,0.976562,4.760742
1493852641.950032,-0.631348,0.122559,-0.231445,-0.122070,0.976562,4.638672
1493852641.952709,-0.650391,0.113281,-0.070312,1.098633,-0.244141,4.272461
1493852641.955386,-0.656250,0.125000,-0.139648,2.624512,-0.732422,5.981445
1493852641.958067,-0.660645,0.101074,-0.108398,1.037598,-0.549316,5.310059
1493852641.960752,-0.642090,0.121582,-0.151855,1.098633,0.061035,5.798340
1493852641.963428,-0.638672,0.116699,-0.142090,2.075195,-0.732422,5.920410
1493852641.966105,-0.677246,0.101074,-0.223633,2.868652,-1.159668,5.859375
1493852641.968787,-0.633301,0.097168,-0.080566,1.403809,-0.793457,6.286621
1493852641.971469,-0.670898,0.093262,-0.194336,2.502441,-1.342773,7.263184
1493852641.974149,-0.653809,0.112793,-0.109863,2.807617,-2.014160,6.835938
1493852641.976829,-0.638184,0.002930,-0.184570,2.746582,-1.953125,7.568359
1493852641.979475,-0.656738,0.134277,-0.196777,2.563477,-2.807617,8.422852
1493852641.982055,-0.655762,0.101074,-0.018066,3.112793,-1.892090,8.422852
1493852641.984601,-0.651855,0.112793,-0.155762,4.028320,-1.892090,9.033203
1493852641.987146,-0.626953,0.128906,-0.093262,4.577637,-2.502441,9.704590
1493852641.989699,-0.672852,0.108887,-0.070312,3.295898,-2.624512,9.033203
1493852641.992251,-0.648438,0.123535,-0.218262,4.089355,-2.746582,9.277344
1493852641.994797,-0.638184,0.000000,-0.117188,4.699707,-3.540039,9.399414
1493852641.997341,-0.655762,0.248047,-0.099609,5.310059,-3.295898,9.704590
1493852641.999949,-0.601562,0.001953,-0.120605,4.028320,-2.807617,9.460449
1493852642.002630,-0.662109,0.123047,-0.123047,3.723145,-2.563477,9.643555
1493852642.005305,-0.633301,0.135254,-0.140625,3.845215,-2.685547,10.437012
1493852642.007987,-0.749512,0.126953,-0.041016,3.417969,-2.441406,10.314941
1493852642.010670,-0.657715,0.134766,-0.129883,4.394531,-2.624512,9.765625
1493852642.013345,-0.648926,0.144531,-0.123535,6.042480,-3.906250,9.399414
1493852642.016026,-0.625977,0.126953,-0.187500,5.432129,-3.784180,9.399414
1493852642.018705,-0.654785,0.142090,-0.055664,4.455566,-2.990723,8.056641
1493852642.021384,-0.630371,0.185059,-0.174805,3.173828,-3.417969,7.751465
1493852642.024057,-0.501953,0.139648,-0.062012,3.540039,-3.662109,6.835938
1493852642.026731,-0.637695,0.246094,-0.136230,3.723145,-3.601074,7.263184
1493852642.029408,-0.638672,0.001465,-0.138184,2.075195,-3.051758,6.469727
1493852642.032086,-0.600098,0.139648,-0.059570,2.807617,-2.868652,6.896973
1493852642.034765,-0.627930,0.132324,-0.063965,2.380371,-3.112793,6.896973
1493852642.037443,-0.656738,0.144531,-0.129883,2.014160,-3.173828,6.774902
1493852642.040066,-0.645996,0.128906,-0.110840,2.807617,-3.784180,6.591797
1493852642.042613,-0.736328,0.108398,-0.082031,2.685547,-3.051758,7.080078
1493852642.045161,-0.523926,0.105469,-0.150879,1.892090,-3.540039,6.103516
1493852642.047735,-0.651855,0.149902,-0.141113,2.258301,-2.807617,7.080078
1493852642.050377,-0.746094,0.002930,-0.104980,2.380371,-2.990723,7.629395
1493852642.053053,-0.636230,0.126953,-0.116211,2.929688,-2.990723,7.446289
1493852642.055728,-0.652832,0.107422,-0.033203,2.380371,-4.089355,7.873535
1493852642.058407,-0.625000,0.140625,-0.190918,2.258301,-3.234863,7.202148
1493852642.061193,-0.642090,0.126465,-0.087891,3.356934,-3.906250,7.995605
1493852642.063868,-0.630859,0.116699,-0.158691,4.516602,-4.699707,7.507324
1493852642.066540,-0.674805,0.020020,-0.033203,3.479004,-3.845215,7.995605
1493852642.069218,-0.640625,0.128906,-0.159180,3.906250,-4.211426,7.934570
1493852642.071894,-0.658203,0.123535,-0.058105,4.455566,-5.126953,8.178711
1493852642.074570,-0.633301,0.125000,-0.161621,3.295898,-5.432129,8.666992
1493852642.077245,-0.666504,0.144531,-0.156250,4.150391,-6.408691,8.239746
1493852642.079871,-0.647949,0.117676,-0.069336,2.929688,-5.249023,8.911133
1493852642.082428,-0.632324,0.141113,-0.164062,2.929688,-6.469727,8.972168
1493852642.084968,-0.634766,0.156250,-0.128418,3.173828,-6.408691,8.911133
1493852642.087512,-0.655762,0.011719,-0.123535,2.502441,-6.835938,8.422852
1493852642.090125,-0.636719,0.246094,-0.088867,3.417969,-7.385254,8.300781
1493852642.092798,-0.645508,0.157715,-0.044922,3.540039,-6.469727,8.666992
1493852642.095473,-0.621094,0.138672,-0.203613,1.342773,-6.469727,8.178711
1493852642.098165,-0.628906,0.153809,-0.105469,1.037598,-7.141113,7.934570
1493852642.100860,-0.651855,0.150391,-0.107422,2.563477,-5.859375,7.690430
1493852642.103535,-0.668457,0.160645,-0.166016,1.342773,-6.042480,7.141113
1493852642.106205,-0.628906,0.137695,-0.052734,1.708984,-6.530762,6.835938
1493852642.108885,-0.653809,0.132324,-0.110840,1.525879,-7.202148,6.103516
1493852642.111568,-0.640625,0.117676,-0.083984,1.831055,-6.408691,7.080078
1493852642.114248,-0.656250,0.132324,-0.120605,4.028320,-6.347656,7.446289
1493852642.116928,-0.516113,0.103516,-0.089355,3.723145,-7.385254,7.934570
1493852642.119565,-0.660156,0.151855,-0.141113,3.967285,-7.202148,8.178711
1493852642.122138,-0.645508,0.128418,-0.091309,2.990723,-6.896973,8.239746
1493852642.124686,-0.668945,0.140137,-0.130859,2.746582,-6.469727,7.568359
1493852642.127225,-0.660645,0.160156,-0.067383,3.051758,-7.141113,6.591797
1493852642.129767,-0.646973,0.149902,-0.131836,3.906250,-7.202148,5.981445
1493852642.132313,-0.640625,0.175781,-0.132324,2.563477,-6.896973,5.676270
1493852642.134852,-0.617188,0.132324,-0.100586,1.708984,-6.896973,4.943848
1493852642.137391,-0.643066,0.156250,-0.162598,2.746582,-7.629395,4.943848
1493852642.139996,-0.515137,0.147461,-0.077148,2.807617,-6.591797,4.699707
1493852642.142676,-0.637695,0.140625,-0.136719,2.075195,-7.080078,4.211426
1493852642.145353,-0.663574,0.136230,-0.148926,2.258301,-7.995605,3.906250
1493852642.148052,-0.614746,0.162598,-0.089844,2.746582,-7.934570,3.601074
1493852642.150751,-0.647949,0.127930,-0.099609,1.892090,-7.934570,4.028320
1493852642.153427,-0.660156,0.132812,-0.147461,2.075195,-7.690430,3.051758
1493852642.156103,-0.649902,0.144043,-0.139648,2.380371,-7.446289,2.990723
1493852642.158785,-0.614258,0.172852,-0.201172,2.807617,-7.446289,2.502441
1493852642.161463,-0.647949,0.144043,-0.041504,3.234863,-7.934570,1.647949
1493852642.164135,-0.643066,0.152344,-0.147949,2.136230,-7.568359,1.464844
1493852642.166808,-0.519043,0.164062,-0.085449,1.708984,-7.568359,0.976562
1493852642.169487,-0.626953,0.148926,-0.097168,1.586914,-8.361816,1.281738
1493852642.172169,-0.620605,0.144531,-0.049805,0.793457,-8.178711,0.610352
1493852642.174844,-0.639160,0.133301,-0.099609,1.403809,-6.958008,0.122070
1493852642.177521,-0.675293,0.154785,-0.087402,1.647949,-7.446289,0.976562
1493852642.180146,-0.727051,0.154785,-0.129883,0.793457,-7.202148,1.281738
1493852642.182688,-0.543457,0.141113,-0.058594,1.403809,-7.446289,0.976562
1493852642.185233,-0.644531,0.143066,-0.133301,1.098633,-7.263184,1.220703
1493852642.187781,-0.650391,0.140137,-0.122559,1.586914,-7.934570,0.610352
1493852642.190398,-0.645508,0.163574,-0.087402,0.732422,-7.141113,-0.061035
1493852642.193074,-0.654297,0.155762,-0.102051,0.610352,-7.690430,-0.183105
1493852642.195750,-0.637695,0.133301,-0.106934,-0.122070,-7.568359,15.563965
1493852642.198455,-0.670898,0.165527,-0.024902,0.366211,-6.408691,0.183105
1493852642.201157,-0.644531,0.152344,-0.185059,0.427246,-6.347656,0.305176
1493852642.203830,-0.643066,0.141113,-0.106934,0.793457,-7.263184,-15.258789
1493852642.206614,-0.630859,0.127930,-0.106934,2.441406,-7.385254,-0.549316
1493852642.209298,-0.628906,0.145996,-0.136230,0.915527,-6.958008,-0.610352
1493852642.211978,-0.650391,0.152832,-0.058105,0.915527,-5.859375,-0.549316
1493852642.214655,-0.659668,0.163574,-0.069336,1.525879,-5.676270,-0.976562
1493852642.217330,-0.750000,0.147461,-0.173340,1.525879,-6.225586,-0.183105
1493852642.220007,-0.666504,0.136719,-0.065430,3.112793,-6.103516,-0.854492
1493852642.222684,-0.652832,0.152832,-0.151855,2.563477,-5.798340,-1.220703
1493852642.225358,-0.654297,0.160156,-0.197754,0.122070,-5.859375,-1.403809
1493852642.228064,-0.614258,0.121582,-0.099609,1.525879,-5.676270,-1.403809
1493852642.230702,-0.660645,0.131836,-0.097656,2.319336,-5.737305,-2.136230
1493852642.233250,-0.648926,0.146484,-0.160156,1.831055,-6.103516,-1.770020
1493852642.235796,-0.666992,0.119141,-0.093750,3.845215,-5.859375,-1.464844
1493852642.238371,-0.652832,0.132812,-0.114746,3.540039,-5.920410,-1.220703
1493852642.241014,-0.633301,0.147461,-0.171387,2.197266,-5.432129,-1.708984
1493852642.243686,-0.646484,0.141113,-0.083496,3.784180,-6.164551,-2.685547
1493852642.246358,-0.623535,0.138672,-0.148438,3.784180,-6.164551,-2.014160
1493852642.249054,-0.643066,0.148926,-0.140137,4.028320,-6.164551,-2.990723
1493852642.251753,-0.658691,0.154297,-0.117676,5.065918,-7.568359,-3.723145
1493852642.254424,-0.645996,0.160156,-0.105469,4.028320,-7.690430,-3.662109
1493852642.257098,-0.662109,0.148926,-0.189453,3.906250,-6.713867,-3.295898
1493852642.259781,-0.662109,0.147461,-0.065918,5.310059,-7.324219,-3.234863
1493852642.262464,-0.635742,0.153809,-0.028809,5.981445,-8.789062,-3.417969
1493852642.265143,-0.639160,0.159668,-0.123047,5.187988,-8.361816,-3.295898
1493852642.267817,-0.661621,0.150391,-0.088867,6.408691,-8.422852,-4.638672
1493852642.270494,-0.653809,0.142090,-0.144531,5.493164,-8.361816,-5.371094
1493852642.273171,-0.503906,0.168945,-0.087891,7.080078,-7.873535,-5.798340
1493852642.275847,-0.630859,0.234863,-0.108398,5.676270,-7.995605,-6.103516
1493852642.278511,-0.664062,0.135254,-0.024902,6.042480,-8.483887,-5.798340
1493852642.281108,-0.628418,0.136719,-0.191406,6.835938,-8.666992,-4.882812
1493852642.283654,-0.638672,0.116211,-0.007812,6.652832,-8.361816,-5.187988
1493852642.286199,-0.625000,0.127930,-0.233398,6.469727,-7.873535,-5.676270
1493852642.288779,-0.662598,0.138184,-0.089844,7.568359,-7.934570,-5.859375
1493852642.291430,-0.655762,0.119629,-0.019531,9.521484,-8.056641,-6.042480
1493852642.294106,-0.665039,0.144043,-0.158203,8.789062,-7.690430,-5.920410
1493852642.296778,-0.648438,0.141113,-0.128418,10.009766,-6.042480,-5.737305
1493852642.299478,-0.730469,0.152344,-0.159668,9.338379,-6.225586,-6.286621
1493852642.302176,-0.627930,0.230469,-0.228027,10.620117,-6.774902,-7.019043
1493852642.304858,-0.632324,0.120605,-0.161621,10.253906,-6.652832,-7.568359
1493852642.307539,-0.637695,0.106445,-0.173828,11.901855,-7.568359,-8.850098
1493852642.310224,-0.503418,0.094238,-0.177734,13.671875,-6.958008,-10.742188
1493852642.312902,-0.512695,0.023438,-0.169434,15.258789,-5.615234,-11.779785
1493852642.315586,-0.597656,0.041016,-0.282715,18.493652,-4.943848,-14.587402
1493852642.318274,-0.586914,0.028809,-0.328613,21.240234,-3.479004,-17.150879
1493852642.320961,-0.630371,0.002930,-0.265137,22.094727,-3.723145,-18.859863
1493852642.323638,-0.708008,-0.008789,-0.244629,26.306152,-2.441406,-19.775391
1493852642.326319,-0.501953,-0.018555,-0.208984,28.137207,-1.525879,-19.592285
1493852642.328967,-0.643066,-0.028320,-0.247559,31.616211,-2.868652,-18.554688
1493852642.331544,-0.646973,-0.034668,-0.240234,32.958984,-4.333496,-16.784668
1493852642.334096,-0.607422,0.097656,-0.195312,36.315918,-3.051758,-15.625000
1493852642.336649,-0.642578,-0.014160,-0.348633,40.649414,-2.380371,-15.014648
1493852642.339242,-0.611816,-0.001465,-0.302734,44.555664,-2.136230,-15.747070
1493852642.341904,-0.630371,-0.012695,-0.354004,48.095703,-1.831055,-15.258789
1493852642.344585,-0.628906,0.017090,-0.243652,47.607422,-3.540039,-11.718750
1493852642.347383,-0.749512,0.030762,-0.215820,48.400879,-5.371094,-6.835938
1493852642.350101,-0.658203,0.053711,-0.103516,47.607422,-7.202148,-1.525879
1493852642.352781,-0.666504,0.109375,-0.192871,46.875000,-9.155273,2.807617
1493852642.355460,-0.647949,0.119141,-0.140625,49.438477,-9.765625,3.417969
1493852642.358146,-0.697754,0.113770,-0.183105,52.124023,-9.399414,0.793457
1493852642.360832,-0.747559,0.114746,-0.216309,57.250977,-7.934570,-3.784180
1493852642.363513,-0.573730,0.067383,-0.163574,61.462402,-5.981445,-7.995605
1493852642.366191,-0.570312,0.048828,-0.234863,62.927246,-4.272461,-9.216309
1493852642.368876,-0.563965,0.024414,-0.187988,64.270020,-5.187988,-10.803223
1493852642.371566,-0.625000,0.048340,-0.276855,63.537598,-7.507324,-10.925293
1493852642.374246,-0.636719,0.047852,-0.183105,64.331055,-9.887695,-8.728027
1493852642.376926,-0.684570,0.080078,-0.228027,63.903809,-10.803223,-5.004883
1493852642.379571,-0.678223,0.074219,-0.136230,67.382812,-11.535645,-3.540039
1493852642.382146,-0.652344,0.100586,-0.205078,68.176270,-10.742188,-3.417969
1493852642.384698,-0.653809,0.121094,-0.248047,71.533203,-7.995605,-3.662109
1493852642.387247,-0.646484,0.106445,-0.162598,74.462891,-5.981445,-3.234863
1493852642.389817,-0.626465,0.094238,-0.231934,76.599121,-5.737305,-3.540039
1493852642.392386,-0.622559,0.238281,-0.185547,76.354980,-6.591797,-4.516602
1493852642.394930,-0.638672,0.094238,-0.259277,75.378418,-10.314941,-5.798340
1493852642.397480,-0.645996,0.098633,-0.132812,78.857422,-8.728027,-6.713867
1493852642.400120,-0.623047,0.090820,-0.199219,80.139160,-7.507324,-7.690430
1493852642.402796,-0.623535,0.152832,-0.032715,79.895020,-7.385254,-7.141113
1493852642.405476,-0.688477,0.159668,-0.149902,75.317383,-9.582520,-5.737305
1493852642.408161,-0.702148,0.178711,-0.062012,74.890137,-11.108398,-5.310059
1493852642.410846,-0.682129,0.171387,-0.138184,74.340820,-12.207031,-5.554199
1493852642.413528,-0.624512,0.163574,-0.111816,76.965332,-11.657715,-6.896973
1493852642.416205,-0.650391,0.144043,-0.044922,77.514648,-9.399414,-8.850098
1493852642.418890,-0.634277,0.101074,-0.183105,77.026367,-5.493164,-10.253906
1493852642.421573,-0.722656,0.090820,-0.190918,76.843262,-2.075195,-11.535645
1493852642.424248,-0.519531,0.046387,-0.200195,75.683594,0.610352,-13.549805
1493852642.426929,-0.645508,0.048828,-0.283203,71.716309,0.854492,-15.502930
1493852642.429562,-0.603516,-0.002441,-0.317383,71.899414,-0.915527,-17.272949
1493852642.432126,-0.615723,-0.038086,-0.184082,75.073242,-1.342773,-19.897461
1493852642.434675,-0.614258,-0.084961,-0.353027,77.514648,0.122070,-22.277832
1493852642.437225,-0.630859,-0.119141,-0.423340,84.167480,2.929688,-24.108887
1493852642.439834,-0.599609,-0.147461,-0.360840,88.745117,6.286621,-24.841309
1493852642.442512,-0.625977,-0.164551,-0.345215,92.407227,9.277344,-25.695801
1493852642.445192,-0.680664,-0.182617,-0.332520,96.496582,9.765625,-25.573730
1493852642.447880,-0.737793,-0.175781,-0.314453,100.463867,11.535645,-23.437500
1493852642.450569,-0.631348,-0.231445,-0.312500,105.163574,9.643555,-21.179199
1493852642.453253,-0.656250,-0.223633,-0.332031,111.633301,9.216309,-18.066406
1493852642.455935,-0.687988,-0.241211,-0.259277,121.520996,9.521484,-15.136719
1493852642.458614,-0.719238,-0.223633,-0.399902,128.479004,9.521484,-13.122559
1493852642.461300,-0.701172,-0.247559,-0.376465,134.887695,8.056641,-11.718750
1493852642.463982,-0.673340,-0.255859,-0.349121,137.023926,7.019043,-11.779785
1493852642.466662,-0.674316,-0.310059,-0.291992,141.723633,7.019043,-11.718750
1493852642.469352,-0.706543,-0.284180,-0.345215,146.545410,6.347656,-11.291504
1493852642.472041,-0.745117,-0.289551,-0.357422,150.085449,5.554199,-9.765625
1493852642.474718,-0.739258,-0.280762,-0.407715,156.982422,4.211426,-8.178711
1493852642.477396,-0.715820,-0.269043,-0.369141,160.766602,2.258301,-7.080078
1493852642.480022,-0.731934,-0.263672,-0.392090,165.100098,0.732422,-5.920410
1493852642.482571,-0.688965,-0.279297,-0.321777,167.602539,-15.563965,-5.920410
1493852642.485121,-0.715820,-0.263672,-0.393066,171.020508,0.183105,-6.835938
1493852642.487781,-0.680664,-0.272949,-0.408203,174.804688,-0.915527,-7.751465
1493852642.490335,-0.704102,-0.219238,-0.390137,175.842285,-1.098633,-7.629395
1493852642.492882,-0.692871,-0.218262,-0.339844,178.161621,-2.807617,-8.361816
1493852642.495431,-0.672363,-0.203125,-0.346680,179.504395,-5.065918,-9.643555
1493852642.498070,-0.721680,-0.190918,-0.418945,181.335449,-5.554199,-10.986328
1493852642.500781,-0.696289,-0.178711,-0.287598,182.128906,-4.943848,-13.427734
1493852642.503465,-0.742188,-0.183105,-0.341309,185.607910,-4.089355,-16.052246
1493852642.506149,-0.670898,-0.121094,-0.359375,186.035156,-3.051758,-18.615723
1493852642.508852,-0.694824,-0.118652,-0.310547,186.767578,-3.234863,-20.324707
1493852642.511555,-0.709473,-0.098633,-0.321777,186.096191,-2.868652,-21.301270
1493852642.514237,-0.731445,-0.089844,-0.341797,184.326172,-1.342773,-21.972656
1493852642.516917,-0.687988,-0.072754,-0.350586,182.373047,-1.342773,-22.338867
1493852642.519600,-0.675781,-0.049805,-0.263184,181.274414,-1.953125,-21.911621
1493852642.522285,-0.707031,-0.043457,-0.283691,179.138184,-0.793457,-22.399902
1493852642.524970,-0.672363,-0.059570,-0.333984,177.429199,0.549316,-24.230957
1493852642.527670,-0.690918,-0.043457,-0.171387,174.133301,1.525879,-26.611328
1493852642.530370,-0.674805,-0.030273,-0.263672,171.997070,1.403809,-28.198242
1493852642.533054,-0.696289,0.005859,-0.289551,165.588379,1.342773,-29.663086
1493852642.535738,-0.711914,0.120117,-0.172852,159.851074,0.793457,-31.372070
1493852642.538425,-0.706055,0.020996,-0.247559,157.043457,1.220703,-33.142090
1493852642.541113,-0.701172,0.015137,-0.234863,152.099609,3.051758,-34.240723
1493852642.543791,-0.701172,-0.002441,-0.214355,148.559570,3.540039,-36.560059
1493852642.546474,-0.693359,0.011230,-0.251953,143.249512,4.455566,-37.353516
1493852642.549162,-0.696777,-0.125000,-0.233398,136.352539,5.554199,-37.902832
1493852642.551847,-0.688477,-0.117188,-0.172852,131.835938,5.920410,-38.391113
1493852642.554530,-0.675293,0.015137,-0.207031,127.868652,6.713867,-39.245605
1493852642.557213,-0.651855,-0.001465,-0.157715,122.070312,7.873535,-39.672852
1493852642.559903,-0.687012,0.004883,-0.130371,117.309570,7.385254,-40.039062
1493852642.562591,-0.660156,0.019531,-0.222168,113.525391,8.911133,-40.466309
1493852642.565270,-0.636719,0.029297,-0.164062,109.069824,10.986328,-41.015625
1493852642.567960,-0.680176,0.046875,-0.204590,104.553223,11.474609,-40.710449
1493852642.570648,-0.655762,0.065918,-0.191406,99.426270,11.901855,-41.503906
1493852642.573331,-0.524902,0.042480,-0.202148,95.031738,11.474609,-42.541504
1493852642.576016,-0.641113,0.071777,-0.175293,93.261719,12.939453,-43.884277
1493852642.578709,-0.613281,0.067383,-0.111816,91.186523,14.770508,-46.447754
1493852642.581402,-0.578613,0.062988,-0.233887,89.782715,16.845703,-49.194336
1493852642.584090,-0.583496,0.036133,-0.138672,87.219238,18.066406,-50.354004
1493852642.586771,-0.621094,0.061523,-0.189453,84.655762,18.127441,-48.950195
1493852642.589428,-0.511230,0.038086,-0.148926,81.115723,18.249512,-45.837402
1493852642.592018,-0.664551,0.081543,-0.212891,80.505371,18.310547,-42.663574
1493852642.594567,-0.636230,0.085938,-0.138184,76.782227,17.944336,-40.283203
1493852642.597119,-0.638184,0.100586,-0.101562,75.073242,17.761230,-38.452148
1493852642.599733,-0.597656,0.118652,-0.162598,72.204590,17.517090,-36.499023
1493852642.602417,-0.581543,0.248047,-0.001465,71.105957,16.296387,-35.400391
1493852642.605102,-0.626953,0.103027,-0.043457,69.824219,15.075684,-35.400391
1493852642.607790,-0.573730,0.131836,-0.156738,68.115234,15.197754,-34.179688
1493852642.610528,-0.585449,0.158691,-0.119141,67.443848,15.930176,-33.691406
1493852642.613211,-0.583984,0.179688,-0.166016,64.819336,18.676758,-33.630371
1493852642.615892,-0.547852,0.157715,-0.245605,62.927246,19.653320,-33.386230
1493852642.618581,-0.568359,0.153809,-0.164551,61.340332,18.371582,-33.325195
1493852642.621269,-0.515625,0.174805,-0.123047,62.866211,18.249512,-31.616211
1493852642.623953,-0.512695,0.159668,-0.097656,63.110352,18.798828,-30.273438
1493852642.626745,-0.566406,0.168945,-0.192383,62.744141,20.080566,-29.235840
1493852642.629436,-0.550293,0.166504,-0.010254,61.401367,19.287109,-28.564453
1493852642.632143,-0.548828,0.183594,-0.102051,62.072754,18.798828,-26.977539
1493852642.634834,-0.594727,0.179199,-0.058594,61.706543,18.249512,-24.414062
1493852642.637502,-0.552734,0.189453,-0.116699,62.194824,19.165039,-22.399902
1493852642.640125,-0.567383,0.155762,-0.024414,62.377930,19.775391,-18.859863
1493852642.642721,-0.553711,0.179199,-0.004395,63.720703,18.310547,-15.502930
1493852642.645319,-0.559570,0.181641,-0.115234,61.767578,13.977051,-12.207031
1493852642.647877,-0.550781,0.186523,0.094727,77.697754,10.864258,-10.070801
1493852642.650481,-0.558594,0.194336,0.107910,64.270020,13.549805,-8.422852
1493852642.653207,-0.514648,0.244629,-0.086914,66.528320,15.930176,-7.690430
1493852642.655948,-0.520508,0.249512,0.010742,68.603516,16.296387,-5.493164
1493852642.658610,-0.534668,0.371582,-0.023438,66.711426,13.427734,-2.502441
1493852642.661263,-0.519531,0.282715,-0.093262,65.063477,9.826660,0.488281
1493852642.663954,-0.544434,0.310547,-0.098145,64.147949,8.239746,2.014160
1493852642.666657,-0.532715,0.332031,0.002930,65.124512,7.751465,3.479004
1493852642.669317,-0.541992,0.306152,-0.056641,66.711426,8.605957,4.394531
1493852642.671980,-0.431152,0.314453,0.034668,68.725586,8.544922,5.493164
1493852642.674658,-0.513184,0.329590,-0.030273,68.786621,7.446289,8.972168
1493852642.677335,-0.487793,0.356934,-0.075195,70.190430,7.568359,14.343262
1493852642.680017,-0.515625,0.400879,-0.105469,68.542480,5.371094,18.371582
1493852642.682705,-0.505371,0.445801,-0.031738,67.626953,2.868652,21.179199
1493852642.685386,-0.385742,0.473145,0.004395,66.650391,2.563477,23.925781
1493852642.688062,-0.475098,0.611328,-0.022949,66.833496,5.249023,28.137207
1493852642.690667,-0.493652,0.526855,-0.036133,66.589355,5.737305,46.264648
1493852642.693213,-0.453125,0.569824,0.079102,64.758301,4.699707,36.560059
1493852642.695760,-0.468262,0.610840,0.034668,64.697266,2.563477,41.564941
1493852642.698345,-0.505859,0.640625,0.087402,64.819336,1.098633,45.410156
1493852642.701001,-0.458496,0.687012,0.064941,67.932129,0.732422,48.889160
1493852642.703683,-0.515625,0.775879,0.159668,68.481445,0.366211,52.124023
1493852642.706368,-0.515625,0.802246,0.041992,66.040039,1.525879,54.321289
1493852642.709074,-0.536621,0.875000,0.118652,59.875488,1.647949,54.870605
1493852642.711780,-0.552246,0.921875,0.138672,52.673340,0.183105,57.312012
1493852642.714464,-0.501465,0.963379,0.188477,45.288086,-1.403809,61.767578
1493852642.717152,-0.515137,0.957520,0.145508,40.039062,-3.906250,66.467285
1493852642.719858,-0.539551,0.947754,0.203125,33.630371,-7.690430,70.556641
1493852642.722560,-0.566406,0.925293,0.185547,26.245117,-10.559082,70.800781
1493852642.725245,-0.655762,0.907715,0.210449,13.183594,-17.456055,62.988281
1493852642.727934,-0.757324,0.763184,0.138672,-3.540039,-22.705078,46.081543
1493852642.730623,-0.725586,0.569824,0.068359,-19.592285,-20.812988,24.719238
1493852642.733313,-0.735840,0.326660,0.192871,-30.212402,6.958008,5.310059
1493852642.735992,-0.696289,0.046875,0.123047,-35.461426,10.559082,-7.995605
1493852642.738658,-0.661621,-0.125977,0.079102,-37.963867,26.977539,-12.878418
1493852642.741253,-0.729004,-0.272461,-0.074219,-39.794922,36.499023,-9.826660
1493852642.743801,-0.815430,-0.344727,-0.076172,-40.527344,38.330078,-6.835938
1493852642.746348,-0.865234,-0.354492,-0.101074,-42.297363,35.949707,-1.098633
1493852642.748914,-1.032715,-0.318848,-0.214355,-39.978027,31.677246,2.685547
1493852642.751482,-1.037109,-0.247070,-0.121582,-39.428711,29.663086,4.089355
1493852642.754028,-1.109863,0.043457,-0.065918,-37.292480,24.780273,5.981445
1493852642.756569,-1.109375,0.171387,-0.395020,-51.513672,1.342773,5.310059
1493852642.759158,-0.949219,0.134766,-0.037109,-57.922363,6.896973,4.638672
1493852642.761820,-0.864746,0.159668,-0.110840,-35.217285,25.207520,8.666992
1493852642.764503,-0.805664,0.242188,-0.300293,-20.263672,49.804688,14.587402
1493852642.767298,-0.825684,0.300293,-0.253418,-7.446289,56.030273,18.432617
1493852642.769986,-0.833008,0.310059,-0.332520,-12.573242,48.095703,15.808105
1493852642.772678,-0.825195,0.294922,-0.308105,-11.413574,45.837402,9.216309
1493852642.775361,-0.833496,0.330078,-0.447754,-3.295898,51.147461,0.061035
1493852642.778057,-0.904785,0.349121,-0.384766,-2.746582,53.039551,-7.080078
1493852642.780759,-1.114746,0.355469,-0.408203,-6.286621,45.654297,-11.108398
1493852642.783440,-1.041992,0.315918,-0.359375,-11.169434,32.531738,-12.451172
1493852642.786124,-1.090820,0.127930,-0.330078,-10.742188,19.653320,-12.451172
1493852642.788781,-1.054688,0.197754,-0.312012,-5.981445,6.225586,-11.169434
1493852642.791364,-1.036621,0.116211,-0.188965,0.793457,-7.751465,-9.338379
1493852642.793911,-0.917969,0.082520,-0.279785,8.361816,-18.188477,-5.920410
1493852642.796463,-0.849121,0.065918,-0.301758,11.901855,-23.254395,-2.624512
1493852642.799050,-0.731934,0.046387,-0.188965,16.357422,-25.634766,0.000000
1493852642.801709,-0.644043,0.030762,-0.227051,18.920898,-27.160645,0.488281
1493852642.804390,-0.591309,0.004883,-0.105469,20.629883,-27.221680,-0.549316
1493852642.807073,-0.553711,0.010742,-0.162598,20.202637,-26.489258,-1.220703
1493852642.809762,-0.495605,0.112793,-0.104980,19.592285,-26.123047,-2.807617
1493852642.812451,-0.509277,-0.006348,-0.009766,18.737793,-27.526855,-6.408691
1493852642.815135,-0.528809,-0.001465,-0.098633,15.930176,-27.343750,-7.995605
1493852642.817821,-0.567383,-0.032227,-0.099121,14.160156,-26.977539,-8.361816
1493852642.820505,-0.429199,-0.053711,-0.111816,10.925293,-25.634766,-8.361816
1493852642.823185,-0.524902,-0.019043,-0.144531,9.460449,-21.972656,-7.690430
1493852642.825862,-0.520996,-0.053711,-0.065918,8.605957,-19.592285,-7.507324
1493852642.828544,-0.536621,-0.065430,-0.069336,6.591797,-17.395020,-6.713867
1493852642.831231,-0.602051,-0.046387,-0.109863,5.187988,-15.075684,-5.065918
1493852642.833914,-0.489746,-0.032715,-0.058594,2.990723,-13.244629,-3.417969
1493852642.836594,-0.526367,-0.011230,-0.070801,0.915527,-11.169434,-3.479004
1493852642.839238,-0.496582,0.030273,-0.035156,0.183105,-10.375977,-3.479004
1493852642.841811,-0.513184,0.020508,-0.110840,-2.014160,-9.094238,-4.699707
1493852642.844354,-0.502441,0.015625,-0.017090,-3.479004,-7.141113,-5.737305
1493852642.846895,-0.548828,0.033203,-0.095703,-4.882812,-4.760742,-5.859375
1493852642.849502,-0.581543,0.060059,-0.158691,-5.615234,-2.685547,-6.347656
1493852642.852185,-0.578613,0.046875,-0.224121,-8.300781,-1.464844,-7.995605
1493852642.854863,-0.591309,0.037109,-0.100586,-9.582520,1.037598,-10.070801
1493852642.857543,-0.566406,0.035156,-0.134277,-11.108398,2.502441,-12.145996
1493852642.860219,-0.597168,0.019043,-0.209961,-12.023926,6.652832,-13.000488
1493852642.862895,-0.603027,0.054688,-0.224609,-11.474609,29.296875,-13.610840
1493852642.865578,-0.660645,0.052246,-0.153809,-12.695312,16.784668,-14.892578
1493852642.868289,-0.664062,0.096680,-0.263184,-15.197754,16.052246,-15.136719
1493852642.870997,-0.688965,0.081543,-0.187500,-17.578125,0.366211,-17.028809
1493852642.873680,-0.706055,0.093262,-0.182617,-16.113281,13.366699,-17.822266
1493852642.876367,-0.691406,0.208496,-0.337402,-16.479492,9.948730,-18.432617
1493852642.879074,-0.748047,0.073730,-0.242188,-15.380859,6.652832,-18.737793
1493852642.881783,-0.779297,0.099121,-0.223633,-16.235352,3.906250,-19.775391
1493852642.884465,-0.865234,0.106445,-0.193359,-15.319824,-0.183105,-20.507812
1493852642.887147,-0.717773,0.072754,-0.127930,-12.573242,-3.540039,-20.141602
1493852642.889787,-0.705078,0.036621,-0.111328,-11.474609,-5.981445,-20.446777
1493852642.892354,-0.722168,0.044434,-0.160645,-8.850098,-7.812500,-20.324707
1493852642.894903,-0.694336,0.050293,-0.162598,-8.178711,-10.253906,-19.592285
1493852642.897457,-0.671387,0.004395,-0.149902,-7.568359,-11.596680,-18.432617
1493852642.900110,-0.656250,0.004395,-0.005371,-8.117676,-13.061523,-17.456055
1493852642.902793,-0.664551,-0.001465,-0.046387,-5.493164,-15.197754,-16.174316
1493852642.905474,-0.673340,-0.050293,-0.116211,-3.967285,-16.174316,-15.319824
1493852642.908273,-0.653809,-0.049805,-0.158691,14.587402,-16.784668,-14.221191
1493852642.910968,-0.650391,-0.047363,-0.035156,1.770020,-16.418457,-12.207031
1493852642.913653,-0.627930,-0.030762,-0.202148,4.333496,-14.587402,-9.704590
1493852642.916334,-0.622559,-0.041504,-0.099609,4.516602,-15.441895,-8.605957
1493852642.919015,-0.511230,-0.054199,-0.172852,5.981445,-15.136719,-6.530762
1493852642.921700,-0.630859,-0.020996,-0.195312,6.225586,-13.244629,-4.638672
1493852642.924384,-0.646973,0.100586,-0.220215,6.958008,-12.512207,-2.868652
1493852642.927059,-0.617188,0.027344,-0.035645,6.713867,-12.268066,-2.197266
1493852642.929690,-0.614746,0.011230,-0.162598,6.652832,-11.535645,-2.197266
1493852642.932251,-0.646484,0.021484,-0.128418,5.737305,-10.375977,-3.112793
1493852642.934793,-0.620605,0.052246,-0.142578,6.835938,-10.986328,-3.601074
1493852642.937339,-0.618652,0.031738,-0.231934,7.385254,-10.437012,-2.929688
1493852642.939955,-0.606934,0.088867,-0.175781,5.798340,-9.765625,-4.394531
1493852642.942636,-0.609375,0.067871,-0.119141,3.295898,-8.361816,-6.225586
1493852642.945311,-0.501953,0.070801,-0.172852,-0.549316,-7.263184,-7.202148
1493852642.947991,-0.650879,0.078613,-0.183594,-1.647949,-6.469727,-9.826660
1493852642.950673,-0.628906,0.082520,-0.248047,-3.295898,-6.530762,-12.084961
1493852642.953355,-0.640137,0.056152,-0.175293,-3.479004,-6.713867,-13.427734
1493852642.956034,-0.617676,0.066406,-0.185547,-4.699707,-7.934570,-14.953613
1493852642.958721,-0.642578,0.061523,-0.126465,-5.798340,-7.202148,-15.380859
1493852642.961409,-0.646484,0.046875,-0.152344,-7.080078,-7.690430,-17.333984
1493852642.964090,-0.656738,0.044922,-0.057617,-7.934570,-7.324219,-17.517090
1493852642.966768,-0.670410,0.042480,-0.132812,-8.605957,-7.629395,-17.578125
1493852642.969467,-0.658691,0.065918,-0.179199,-8.422852,-7.934570,-18.432617
1493852642.972168,-0.640625,0.067871,-0.193359,-8.728027,-8.850098,-19.775391
1493852642.974847,-0.666504,0.058594,-0.116211,-10.375977,-8.483887,-20.141602
1493852642.977527,-0.662109,0.021484,-0.152344,-10.925293,-8.911133,-20.141602
1493852642.980156,-0.626953,0.045898,-0.235840,-12.023926,-9.460449,-19.836426
1493852642.982706,-0.648438,0.048340,-0.144531,-12.939453,-8.300781,-21.118164
1493852642.985257,-0.650391,0.038574,-0.058105,-13.061523,-8.544922,-21.911621
1493852642.987808,-0.656738,0.012695,-0.039062,-12.451172,-9.582520,-21.545410
1493852642.990358,-0.674316,0.008789,-0.165527,-11.352539,-10.070801,-21.362305
1493852642.992910,-0.662598,-0.008301,-0.225586,-10.192871,-11.169434,-21.484375
1493852642.995461,-0.660156,-0.020508,-0.228027,-9.704590,-10.986328,-21.301270
1493852642.998023,-0.656250,-0.018555,-0.036621,-7.324219,-11.413574,-18.981934
1493852643.000659,-0.685547,-0.063965,-0.200195,-5.798340,-11.535645,-17.700195
1493852643.003345,-0.658203,-0.075684,-0.162598,-4.394531,-14.404297,-16.845703
1493852643.006028,-0.640625,-0.084961,-0.171387,-1.525879,-15.991211,-15.075684
1493852643.008717,-0.680664,-0.097656,-0.062012,-0.732422,-16.601562,-11.291504
1493852643.011407,-0.654297,-0.065430,-0.147461,0.915527,-18.066406,-8.422852
1493852643.014093,-0.669434,-0.034180,-0.164062,1.403809,-17.395020,-5.615234
1493852643.016773,-0.691406,-0.036621,-0.159668,4.455566,-17.761230,-2.685547
1493852643.019427,-0.636719,-0.019531,-0.169434,5.737305,-18.371582,-0.366211
1493852643.022015,-0.741699,0.002441,-0.132812,7.812500,-19.042969,0.549316
1493852643.024564,-0.541504,0.002930,-0.128906,7.873535,-19.165039,0.793457
1493852643.027108,-0.744629,0.020508,-0.190430,10.131836,-18.981934,1.037598
1493852643.029726,-0.629883,0.017090,-0.101074,9.826660,-19.042969,1.831055
1493852643.032414,-0.659668,0.028809,-0.151855,8.483887,-19.348145,1.098633
1493852643.035094,-0.649902,0.054199,-0.194336,8.422852,-19.470215,0.915527
1493852643.037776,-0.658691,0.036621,-0.232422,9.277344,-20.019531,-0.122070
1493852643.040392,-0.689941,0.039551,-0.134766,8.972168,-20.141602,-0.488281
1493852643.042945,-0.647949,0.072754,-0.228516,9.338379,-20.385742,-1.098633
1493852643.045600,-0.676758,0.026855,-0.108398,6.958008,-22.521973,-1.770020
1493852643.048169,-0.654785,0.063965,-0.136719,5.126953,-22.827148,-1.647949
1493852643.050806,-0.666504,0.036621,-0.180664,6.042480,-23.254395,-1.770020
1493852643.053482,-0.625977,0.051758,-0.169434,4.882812,-22.644043,-2.258301
1493852643.056160,-0.652832,0.034180,-0.128906,4.211426,-24.291992,-2.197266
1493852643.058870,-0.600098,0.036133,-0.226562,1.586914,-23.986816,-2.929688
1493852643.061580,-0.647949,-0.005371,-0.106934,1.403809,-25.146484,-3.540039
1493852643.064266,-0.659668,0.017090,-0.150879,0.366211,-24.780273,-4.211426
1493852643.066945,-0.669434,0.018555,-0.108887,2.563477,-25.085449,-4.943848
1493852643.069625,-0.672852,0.041016,-0.155762,1.831055,-25.512695,-5.737305
1493852643.072305,-0.635742,0.015625,-0.242188,2.014160,-26.855469,-6.652832
1493852643.074982,-0.662109,0.033203,-0.236328,2.441406,-26.916504,-6.286621
1493852643.077669,-0.633301,0.033203,-0.187500,0.854492,-25.878906,-6.347656
1493852643.080357,-0.627930,0.022461,-0.127930,0.610352,-26.306152,-6.835938
1493852643.083034,-0.606934,0.026855,-0.125488,-0.610352,-28.320312,-6.408691
1493852643.085710,-0.638184,0.010742,-0.078125,-1.403809,-28.320312,-6.958008
1493852643.088376,-0.650879,0.023438,-0.164062,-1.037598,-28.869629,-7.690430
1493852643.090979,-0.668945,0.005859,-0.097656,-1.647949,-28.442383,-7.629395
1493852643.093531,-0.644043,-0.005371,-0.128418,-1.892090,-28.686523,-6.835938
1493852643.096078,-0.680176,-0.018066,-0.202637,-2.929688,-29.663086,-6.469727
1493852643.098655,-0.675781,-0.006836,-0.233887,-2.014160,-30.151367,-7.690430
1493852643.101304,-0.674316,-0.001465,-0.175781,-1.586914,-30.334473,-7.080078
1493852643.103984,-0.672852,-0.018555,-0.117676,-1.098633,-30.944824,-6.103516
1493852643.106664,-0.658203,-0.040039,-0.080566,-0.854492,-31.677246,-4.577637
1493852643.109356,-0.658691,-0.051758,-0.062012,1.403809,-32.592773,-3.112793
1493852643.112045,-0.687012,-0.033691,-0.021484,2.197266,-32.775879,-1.159668
1493852643.114725,-0.665039,-0.020996,-0.082520,7.080078,-34.790039,-0.671387
1493852643.117404,-0.700684,0.007812,-0.078613,8.117676,-36.743164,15.258789
1493852643.120099,-0.662109,0.019043,-0.150879,10.742188,-37.719727,0.122070
1493852643.122782,-0.632324,0.044922,-0.136230,11.840820,-38.085938,0.366211
1493852643.125462,-0.648926,0.022461,-0.193359,10.192871,-37.292480,-15.380859
1493852643.128145,-0.638672,0.022949,-0.148438,10.253906,-38.330078,-0.488281
1493852643.130751,-0.652832,0.015625,-0.194336,7.995605,-37.658691,-1.770020
1493852643.133293,-0.687012,0.038574,-0.096680,7.019043,-38.269043,-2.624512
1493852643.135840,-0.639160,0.041016,-0.130859,6.408691,-38.513184,-3.723145
1493852643.138444,-0.668457,0.053711,-0.125000,6.713867,-38.085938,-4.821777
1493852643.141054,-0.648926,0.026367,-0.130859,5.676270,-39.001465,-4.882812
1493852643.143600,-0.627930,0.052246,-0.104980,6.225586,-39.978027,-5.126953
1493852643.146139,-0.654297,0.016602,-0.065430,4.882812,-40.527344,-4.943848
1493852643.148728,-0.530762,0.024414,-0.092773,5.371094,-40.893555,-4.882812
1493852643.151394,-0.543945,0.008789,-0.085938,4.943848,-40.527344,-3.784180
1493852643.154077,-0.626953,-0.107910,-0.169922,4.577637,-40.161133,-4.699707
1493852643.156757,-0.642578,0.000000,-0.128906,3.051758,-39.123535,-4.577637
1493852643.159431,-0.668457,-0.019043,-0.010254,4.089355,-39.123535,-5.493164
1493852643.162110,-0.626953,0.014648,-0.128418,3.845215,-39.184570,-5.859375
1493852643.164790,-0.648926,0.024902,-0.088867,2.014160,-38.635254,-7.263184
1493852643.167467,-0.640137,0.026367,-0.047852,2.319336,-38.452148,-7.446289
