1493852595.390920,-0.632812,0.043945,-0.091797,5.737305,-11.047363,-13.366699
1493852595.393512,-0.660156,0.048340,-0.033203,4.516602,-10.314941,-15.686035
1493852595.396061,-0.628418,0.027344,-0.221680,6.225586,-9.704590,-16.967773
1493852595.398624,-0.664062,0.000000,-0.180664,6.469727,-10.009766,-18.798828
1493852595.401187,-0.664551,-0.117676,-0.197754,6.958008,-10.803223,-18.066406
1493852595.403735,-0.663574,-0.020996,-0.155762,9.277344,-11.230469,-16.418457
1493852595.406281,-0.666992,0.113770,-0.173340,12.268066,-13.549805,-15.258789
1493852595.408921,-0.624512,0.004883,-0.166504,12.756348,-14.953613,-13.916016
1493852595.411563,-0.652832,0.010742,-0.162109,11.474609,-17.272949,-12.573242
1493852595.414113,-0.634766,0.031250,-0.178711,12.145996,-18.127441,-10.192871
1493852595.416664,-0.636719,0.018555,-0.190430,12.878418,-18.554688,-9.216309
1493852595.419296,-0.658691,0.015625,-0.084961,14.221191,-18.127441,-8.789062
1493852595.421926,-0.660156,0.012207,-0.164062,15.625000,-16.479492,-9.277344
1493852595.424989,-0.662109,0.027344,-0.173828,20.080566,-15.197754,-10.925293
1493852595.428099,-0.630859,0.025391,-0.102051,20.507812,-15.686035,-12.512207
1493852595.430766,-0.624512,0.056152,-0.019043,20.324707,-14.953613,-15.014648
1493852595.433330,-0.611816,0.060059,-0.043945,22.521973,-15.197754,-31.066895
1493852595.435886,-0.644043,0.031250,-0.041992,24.658203,-15.502930,-16.479492
1493852595.438884,-0.646973,0.058594,-0.204590,24.719238,-16.235352,-17.883301
1493852595.441945,-0.644043,0.031250,-0.136719,23.437500,-16.418457,-18.188477
1493852595.444619,-0.657715,0.031250,-0.069824,22.644043,-18.005371,-17.944336
1493852595.447294,-0.672852,0.036133,-0.088867,22.277832,-19.348145,-17.517090
1493852595.449974,-0.648926,0.033203,-0.138184,24.169922,-19.226074,-18.066406
1493852595.452658,-0.681152,0.026367,-0.053711,27.038574,-20.507812,-18.188477
1493852595.455675,-0.682617,0.010742,-0.208496,27.099609,-20.996094,-18.493652
1493852595.458699,-0.691406,0.045898,-0.158203,26.184082,-19.714355,-19.958496
1493852595.461392,-0.665039,0.053711,-0.245605,25.390625,-19.897461,-21.423340
1493852595.464076,-0.642090,0.084961,-0.226562,22.705078,-19.042969,-22.949219
1493852595.466764,-0.672852,0.038574,-0.091797,21.057129,-19.531250,-24.169922
1493852595.469445,-0.646484,0.020996,-0.091309,21.484375,-19.775391,-24.108887
1493852595.472052,-0.666504,0.012695,-0.099609,22.094727,-19.287109,-25.390625
1493852595.474604,-0.654297,0.023438,-0.174805,20.080566,-19.226074,-26.123047
1493852595.477156,-0.711914,0.018555,-0.177246,17.700195,-20.263672,-26.306152
1493852595.479714,-0.657715,0.036621,-0.190430,17.761230,-22.399902,-26.794434
1493852595.482271,-0.648926,0.041504,-0.148926,20.751953,-22.949219,-27.954102
1493852595.484820,-0.668457,0.014648,-0.095703,23.620605,-23.925781,-28.564453
1493852595.487368,-0.658203,0.030273,-0.171387,24.291992,-23.315430,-28.747559
1493852595.489975,-0.680176,0.031738,-0.168945,24.719238,-22.277832,-30.151367
1493852595.492583,-0.641113,0.034668,-0.222656,26.977539,-21.789551,-32.104492
1493852595.495131,-0.648438,0.021484,-0.134277,26.123047,-20.446777,-34.179688
1493852595.497681,-0.640625,0.046875,-0.121094,25.756836,-19.958496,-37.719727
1493852595.500430,-0.660645,0.044922,-0.228027,22.949219,-19.775391,-40.222168
1493852595.502981,-0.658203,0.047852,-0.096680,22.705078,-18.432617,-42.724609
1493852595.505535,-0.715820,0.036133,-0.022949,22.338867,-18.676758,-43.945312
1493852595.508178,-0.711914,0.020996,-0.074219,22.033691,-16.662598,-43.762207
1493852595.510894,-0.765625,0.030762,-0.007324,18.371582,-16.662598,-43.151855
1493852595.513579,-0.729492,0.075195,-0.048340,13.549805,-19.348145,-42.602539
1493852595.516264,-0.644043,0.030762,-0.024414,13.000488,-21.972656,-40.954590
1493852595.518955,-0.712402,0.031250,-0.054688,17.272949,-22.766113,-39.184570
1493852595.521648,-0.688965,0.019531,-0.082031,24.414062,-22.338867,-38.940430
1493852595.524334,-0.729492,0.002930,-0.060059,26.550293,-20.751953,-39.855957
1493852595.527019,-0.719727,0.017090,-0.062500,24.780273,-20.019531,-42.663574
1493852595.529817,-0.679199,-0.004883,-0.111328,23.925781,-18.737793,-44.738770
1493852595.532401,-0.698242,0.005371,-0.122070,23.437500,-18.676758,-44.982910
1493852595.534954,-0.706055,0.030273,-0.032715,23.925781,-20.385742,-44.616699
1493852595.537509,-0.678223,0.011230,-0.012207,22.583008,-22.338867,-43.273926
1493852595.540124,-0.724609,-0.010742,-0.079590,23.071289,-23.315430,-38.574219
1493852595.542809,-0.743652,-0.033691,-0.057617,22.216797,-25.390625,-31.494141
1493852595.545494,-0.761719,0.016602,-0.123047,24.291992,-29.174805,-25.512695
1493852595.548182,-0.859375,0.036621,-0.057617,24.597168,-30.395508,-24.902344
1493852595.550872,-0.754883,0.079590,-0.095215,24.597168,-27.770996,-31.433105
1493852595.553558,-0.724121,0.089355,-0.162109,24.108887,-22.583008,-41.442871
1493852595.556241,-0.719727,0.028320,-0.104980,24.475098,-18.310547,-48.706055
1493852595.558934,-0.704590,0.041504,-0.140137,24.719238,-15.869141,-52.734375
1493852595.561629,-0.731445,0.032715,-0.064453,25.878906,-14.343262,-56.518555
1493852595.564354,-0.746094,0.013672,-0.154297,25.695801,-12.084961,-60.791016
1493852595.567088,-0.718262,0.007812,-0.020020,26.367188,-10.192871,-62.866211
1493852595.569734,-0.726562,-0.007324,-0.101074,27.404785,-8.789062,-63.171387
1493852595.572306,-0.723633,-0.019043,-0.034180,27.648926,-7.812500,-63.232422
1493852595.574855,-0.745605,-0.019043,-0.069336,28.259277,-6.408691,-62.988281
1493852595.577401,-0.763184,-0.018066,-0.076172,28.442383,-6.286621,-63.598633
1493852595.580014,-0.764648,0.012207,-0.110840,28.625488,-7.568359,-65.185547
1493852595.582699,-0.662109,0.002930,-0.039551,28.930664,-7.141113,-65.979004
1493852595.585382,-0.761719,0.015137,-0.085449,30.334473,-7.568359,-66.711426
1493852595.588069,-0.766602,0.026855,-0.091797,31.677246,-7.812500,-68.237305
1493852595.590757,-0.777344,0.030762,-0.118652,32.348633,-8.911133,-68.908691
1493852595.593438,-0.757812,0.046875,-0.043457,32.958984,-10.070801,-68.908691
1493852595.596123,-0.796387,0.046387,-0.060059,33.935547,-12.084961,-68.847656
1493852595.598786,-0.802734,0.072266,-0.058105,34.057617,-12.756348,-69.274902
1493852595.601382,-0.815918,0.111328,-0.070801,34.179688,-14.648438,-70.922852
1493852595.603938,-0.767578,0.093262,-0.041504,34.851074,-16.540527,-73.547363
1493852595.606491,-0.813477,0.107422,-0.077637,32.958984,-16.967773,-91.247559
1493852595.609065,-0.794922,0.085449,-0.001465,30.029297,-17.333984,-80.078125
1493852595.611636,-0.832031,0.109863,-0.002441,27.404785,-18.676758,-82.214355
1493852595.614181,-0.797852,0.126953,-0.023438,25.634766,-19.409180,-84.411621
1493852595.616729,-0.817871,0.119141,0.002441,25.085449,-19.592285,-87.402344
1493852595.619341,-0.849609,0.154297,-0.075684,23.437500,-19.714355,-90.820312
1493852595.621959,-0.890137,0.142578,-0.014648,21.118164,-19.958496,-92.529297
1493852595.624513,-0.880859,0.169434,-0.017578,19.348145,-21.179199,-95.336914
1493852595.627063,-0.888672,0.163574,0.022949,16.967773,-22.521973,-98.815918
1493852595.629736,-0.897949,0.198730,-0.001465,14.526367,-23.254395,-105.224609
1493852595.632474,-0.892578,0.179199,-0.037109,11.657715,-24.536133,-109.924316
1493852595.635141,-0.960938,0.164551,-0.080078,10.375977,-24.475098,-116.149902
1493852595.637811,-0.951660,0.169922,-0.089355,8.789062,-25.024414,-119.995117
1493852595.640479,-0.970703,0.231445,-0.105469,5.798340,-24.230957,-129.089355
1493852595.643144,-0.945312,0.176758,-0.028809,3.601074,-20.446777,-154.479980
1493852595.645810,-0.942871,0.181641,-0.060059,0.183105,-14.648438,-148.681641
1493852595.648480,-0.915527,0.164551,-0.047852,-1.037598,-11.596680,-153.991699
1493852595.651150,-0.986328,0.088867,-0.019043,-3.540039,-12.817383,-154.357910
1493852595.653814,-0.995605,0.122559,-0.058105,-5.004883,-17.456055,-151.611328
1493852595.656481,-1.015625,0.129883,-0.062500,-5.004883,-22.033691,-151.062012
1493852595.659142,-1.062012,0.175781,-0.202148,-5.737305,-20.874023,-155.517578
1493852595.661790,-1.087891,0.216797,-0.156250,-7.629395,-16.540527,-162.109375
1493852595.664433,-1.097656,0.185547,-0.300293,-8.666992,-12.634277,-169.372559
1493852595.667191,-1.246582,0.149902,-0.203613,-7.812500,-13.122559,-175.048828
1493852595.669843,-1.228516,0.155762,-0.237793,-5.249023,-16.113281,-176.696777
1493852595.672447,-1.145508,0.224609,-0.202148,0.061035,-17.700195,-176.940918
1493852595.674994,-1.165039,0.109863,-0.270996,7.019043,-22.705078,-176.025391
1493852595.677541,-1.203613,0.127930,-0.291016,13.427734,-28.076172,-173.400879
1493852595.680140,-1.300293,0.148926,-0.296387,18.127441,-34.179688,-170.043945
1493852595.682817,-1.362305,0.125000,-0.339844,21.301270,-40.771484,-168.823242
1493852595.685497,-1.431641,0.322266,-0.258301,25.451660,-46.325684,-166.442871
1493852595.688182,-1.450195,0.386230,-0.366699,26.916504,-47.912598,-185.058594
1493852595.690866,-1.492188,0.500488,-0.455566,27.648926,-45.532227,-178.222656
1493852595.693542,-1.481934,0.548828,-0.431641,28.686523,-39.916992,-192.749023
1493852595.696224,-1.501465,0.584961,-0.543945,27.954102,-32.714844,-208.312988
1493852595.698900,-1.487793,0.605957,-0.519043,29.846191,-23.986816,-220.397949
1493852595.701507,-1.502930,0.626465,-0.582031,27.282715,-18.432617,-230.224609
1493852595.704057,-1.457031,0.675781,-0.522949,25.878906,-16.662598,-237.731934
1493852595.706607,-1.481445,0.694824,-0.421387,26.184082,-18.005371,-242.980957
1493852595.709162,-1.489746,0.733887,-0.482910,30.151367,-20.019531,-247.985840
1493852595.711720,-1.548340,0.792969,-0.358887,33.996582,-25.634766,-254.760742
1493852595.714271,-1.516602,0.802246,-0.291016,39.001465,-33.630371,-262.390137
1493852595.716820,-1.479492,0.814453,-0.309570,42.541504,-43.090820,-265.930176
1493852595.719373,-1.519043,0.789062,-0.185547,39.367676,-48.889160,-274.902344
1493852595.721925,-1.509277,0.753906,-0.048828,31.738281,-50.659180,-284.790039
1493852595.724473,-1.542480,0.710449,-0.111816,27.038574,-46.386719,-296.203613
1493852595.727020,-1.539062,0.587891,-0.117676,12.084961,-37.292480,-312.011719
1493852595.729625,-1.580078,0.407715,-0.037109,-5.065918,-17.333984,-331.176758
1493852595.732293,-1.627930,0.227051,-0.102051,-16.479492,-29.052734,-349.731445
1493852595.734964,-1.646484,0.041504,-0.188965,-18.798828,-34.851074,-369.445801
1493852595.737632,-1.667969,-0.101074,-0.121582,-11.840820,-48.645020,-384.765625
1493852595.740356,-1.614258,-0.172363,-0.204590,4.272461,-62.622070,-393.981934
1493852595.743024,-1.507324,-0.143555,-0.155762,26.245117,-66.894531,-395.996094
1493852595.745687,-1.563477,0.041016,-0.287598,46.936035,-69.702148,-382.568359
1493852595.748362,-1.570801,0.281738,-0.455566,60.668945,-82.641602,-355.590820
1493852595.751037,-1.488281,0.463379,-0.384766,76.477051,-96.801758,-322.143555
1493852595.753706,-1.387695,0.548340,-0.392578,88.500977,-97.229004,-290.893555
1493852595.756371,-1.367188,0.576660,-0.560547,90.209961,-81.665039,-285.827637
1493852595.759058,-1.347168,0.520020,-0.472656,82.580566,-64.514160,-281.677246
1493852595.761733,-1.314941,0.445801,-0.345215,68.481445,-55.603027,-307.128906
1493852595.764378,-1.286621,0.302246,-0.470215,59.997559,-58.227539,-309.448242
1493852595.767023,-1.134766,0.218262,-0.561035,54.809570,-66.833496,-327.697754
1493852595.769660,-1.205566,0.183594,-0.407715,54.931641,-74.584961,-342.224121
1493852595.772250,-1.167480,0.187988,-0.416504,57.800293,-78.369141,-350.646973
1493852595.774806,-1.121094,0.203125,-0.475098,63.415527,-74.707031,-350.769043
1493852595.777360,-1.109863,0.244629,-0.552246,67.993164,-70.800781,-344.665527
1493852595.779976,-1.044922,0.268066,-0.475098,64.880371,-59.387207,-331.542969
1493852595.782665,-0.958496,0.263672,-0.437988,57.495117,-43.457031,-313.354492
1493852595.785348,-0.878418,0.321777,-0.509766,50.842285,-25.329590,-293.518066
1493852595.788052,-0.816406,0.358398,-0.441895,48.217773,-6.164551,-274.047852
1493852595.790755,-0.648438,0.379883,-0.447266,48.156738,9.643555,-254.211426
1493852595.793436,-0.648438,0.433594,-0.525879,54.382324,21.789551,-234.069824
1493852595.796118,-0.559570,0.476562,-0.528809,65.917969,30.822754,-215.942383
1493852595.798804,-0.487793,0.496582,-0.490234,82.214355,38.696289,-199.218750
1493852595.801600,-0.310547,0.536621,-0.476562,105.834961,48.461914,-181.640625
1493852595.804287,-0.219727,0.521484,-0.337891,144.897461,64.697266,-162.292480
1493852595.806970,-0.167480,0.291016,-0.269043,192.932129,80.627441,-144.104004
1493852595.809670,-0.174805,0.153809,-0.369629,233.032227,90.576172,-136.169434
1493852595.812371,-0.128906,-0.055176,-0.076172,264.526367,102.111816,-148.193359
1493852595.815050,-0.248047,-0.244141,0.168457,293.884277,118.225098,-177.062988
1493852595.817737,-0.216309,-0.403809,-0.173340,308.288574,120.361328,-233.764648
1493852595.820354,-0.195312,-0.326660,-0.197754,290.344238,108.825684,-238.525391
1493852595.822907,-0.247070,-0.118164,-0.818848,171.936035,66.040039,-227.722168
1493852595.825460,-0.157227,-0.033691,-0.571777,10.803223,11.230469,-159.057617
1493852595.828030,-0.099121,-0.161133,-0.142578,-61.706543,-42.053223,-60.607910
1493852595.830672,-0.057129,-0.460449,0.150879,-112.792969,-78.491211,35.766602
1493852595.833359,-0.095215,-0.424805,0.077148,-62.622070,-86.730957,112.487793
1493852595.836043,-0.221191,-0.330078,-0.030762,15.319824,-67.993164,157.958984
1493852595.838737,-0.132812,-0.060547,-0.160156,55.053711,-51.757812,182.434082
1493852595.841429,-0.250977,0.250488,-0.132324,50.964355,-27.954102,200.378418
1493852595.844111,-0.274902,0.627441,-0.028809,32.348633,-2.258301,222.229004
1493852595.846792,-0.233398,0.904785,-0.214355,21.545410,21.911621,247.192383
1493852595.849435,-0.204590,1.084961,-0.148926,18.615723,24.658203,270.874023
1493852595.852011,-0.096191,1.209961,-0.147461,25.451660,28.076172,282.531738
1493852595.854567,-0.054199,1.192871,-0.360840,21.606445,30.029297,265.991211
1493852595.857123,0.012207,1.223145,-0.187988,22.460938,22.460938,271.850586
1493852595.859736,0.061523,1.119141,-0.186523,-7.324219,37.353516,250.244141
1493852595.862417,0.220215,1.079590,-0.071777,-24.169922,36.865234,221.252441
1493852595.865097,0.128418,1.053711,-0.103027,-28.747559,38.574219,187.133789
1493852595.867786,0.144531,0.968262,-0.115723,-27.832031,47.546387,151.428223
1493852595.870406,0.131836,0.837402,-0.096191,-25.634766,60.607910,118.835449
1493852595.872957,0.108887,0.705566,0.111328,-20.446777,78.979492,93.444824
1493852595.875511,0.054199,0.620117,-0.074707,-21.179199,103.088379,80.261230
1493852595.878076,-0.016113,0.505371,-0.004395,-24.230957,100.341797,79.040527
1493852595.880713,-0.028320,0.414551,-0.014648,-32.104492,107.299805,86.242676
1493852595.883399,-0.124512,0.307129,-0.036133,-38.940430,108.459473,98.815918
1493852595.886081,-0.151367,0.249512,-0.089355,-42.480469,106.018066,112.731934
1493852595.888745,-0.211426,0.217773,-0.020996,-44.372559,101.196289,124.572754
1493852595.891340,-0.214355,0.208496,-0.007812,-42.541504,94.299316,129.516602
1493852595.893894,-0.279785,0.228516,-0.072754,-38.635254,87.890625,138.610840
1493852595.896447,-0.242188,0.217773,0.019531,-35.949707,83.435059,146.423340
1493852595.899033,-0.260254,0.223633,0.016113,-35.217285,83.557129,155.639648
1493852595.901690,-0.221680,0.352051,-0.054688,-36.865234,85.327148,165.649414
1493852595.904376,-0.267578,0.218262,-0.034180,-38.146973,86.669922,178.039551
1493852595.907059,-0.243652,0.197754,0.012207,-42.480469,87.707520,192.077637
1493852595.909750,-0.356934,0.226562,-0.002441,-45.776367,88.806152,205.017090
1493852595.912439,-0.246094,0.178711,0.032715,-48.950195,92.590332,217.346191
1493852595.915118,-0.237305,0.202637,-0.037109,-53.527832,94.177246,229.492188
1493852595.917800,-0.222168,0.203613,-0.105957,-56.335449,98.999023,238.952637
1493852595.920413,-0.279297,0.216797,-0.118652,-58.227539,102.966309,246.215820
1493852595.922966,-0.249512,0.227051,0.040039,-55.419922,104.187012,251.892090
1493852595.925520,-0.291504,0.208496,-0.116699,-53.527832,104.736328,254.455566
1493852595.928112,-0.331543,0.247559,-0.017578,-49.499512,105.529785,258.056641
1493852595.930768,-0.333008,0.300293,-0.015137,-45.776367,106.811523,261.779785
1493852595.933449,-0.273438,0.273926,0.029297,-42.663574,106.933594,266.235352
1493852595.936130,-0.416504,0.304199,-0.016602,-36.743164,105.224609,269.531250
1493852595.938932,-0.427734,0.310059,-0.010742,-29.663086,101.623535,271.728516
1493852595.941622,-0.440918,0.302246,0.026367,-23.864746,101.257324,271.972656
1493852595.944304,-0.474609,0.302246,0.008789,-16.662598,100.952148,272.155762
1493852595.946985,-0.461914,0.309082,-0.075195,-9.338379,100.891113,272.460938
1493852595.949695,-0.462891,0.320801,-0.094238,-2.990723,101.806641,273.925781
1493852595.952405,-0.537109,0.304199,0.034668,0.854492,102.722168,274.658203
1493852595.955090,-0.468750,0.318359,-0.023438,6.042480,102.111816,276.184082
1493852595.957778,-0.379883,0.300781,0.030762,10.986328,100.524902,277.038574
1493852595.960399,-0.521484,0.330078,-0.027344,12.634277,97.534180,279.357910
1493852595.962952,-0.610840,0.333008,-0.022949,16.845703,95.642090,280.822754
1493852595.965506,-0.395996,0.310059,0.079102,21.789551,94.665527,283.020020
1493852595.968062,-0.551758,0.351562,-0.014648,25.146484,94.299316,285.705566
1493852595.970613,-0.565430,0.368652,-0.015625,28.015137,93.994141,287.658691
1493852595.973161,-0.578613,0.361328,0.029297,30.212402,92.590332,288.574219
1493852595.975708,-0.610840,0.359863,0.088867,30.456543,90.759277,291.076660
1493852595.978300,-0.521973,0.355469,0.099609,30.883789,90.515137,294.555664
1493852595.980966,-0.614746,0.386719,0.020508,30.822754,90.026855,296.691895
1493852595.983649,-0.644531,0.251465,0.074219,31.982422,88.928223,299.377441
1493852595.986336,-0.646973,0.370605,0.121094,16.113281,89.721680,301.818848
1493852595.989025,-0.653809,0.368652,0.069336,31.433105,88.195801,304.870605
1493852595.991711,-0.689941,0.363770,0.129883,15.625000,89.050293,307.983398
1493852595.994393,-0.718262,0.492188,0.098633,31.555176,88.867188,311.157227
1493852595.997082,-0.741211,0.358398,0.035156,15.869141,90.393066,315.795898
1493852595.999774,-0.796875,0.358398,0.117188,31.677246,89.782715,319.702148
1493852596.002461,-0.774902,0.380371,0.071777,32.104492,90.454102,324.096680
1493852596.005145,-0.769531,0.392578,0.057129,31.982422,91.186523,329.467773
1493852596.007846,-0.801758,0.366211,0.118652,31.616211,108.459473,334.777832
1493852596.010551,-0.791504,0.389648,0.092773,31.982422,94.665527,338.867188
1493852596.013236,-0.794922,0.407715,0.016113,30.151367,96.923828,343.566895
1493852596.015920,-0.833008,0.398926,0.053711,28.503418,100.585938,346.374512
1493852596.018579,-0.844238,0.447754,0.011230,25.390625,102.844238,348.022461
1493852596.021168,-0.959961,0.484863,0.009277,23.803711,104.431152,348.144531
1493852596.023722,-0.904297,0.472656,0.047363,20.385742,105.285645,348.144531
1493852596.026273,-0.915527,0.484375,0.019531,17.089844,106.201172,347.229004
1493852596.028858,-0.986328,0.474609,-0.019531,12.390137,107.116699,346.374512
1493852596.031512,-1.016602,0.474121,-0.024414,10.925293,107.788086,345.336914
1493852596.034196,-1.121582,0.428711,0.004395,8.850098,108.947754,344.543457
1493852596.036880,-1.125000,0.419434,-0.020508,7.690430,108.703613,345.336914
1493852596.039569,-1.205078,0.378418,0.000000,6.469727,107.971191,347.656250
1493852596.042255,-1.262695,0.416504,-0.102051,6.103516,107.849121,350.158691
1493852596.044935,-1.316406,0.398926,-0.101074,5.981445,107.727051,352.233887
1493852596.047616,-1.371094,0.418945,-0.154785,6.225586,107.971191,353.027344
1493852596.050343,-1.358398,0.411621,-0.027344,6.469727,109.863281,353.393555
1493852596.053022,-1.437012,0.380371,-0.103516,4.394531,112.426758,353.881836
1493852596.055706,-1.467285,0.397461,-0.103516,2.990723,114.807129,354.919434
1493852596.058391,-1.499512,0.358398,-0.086914,1.403809,117.736816,355.163574
1493852596.061076,-1.532715,0.311035,-0.113281,0.488281,121.826172,355.895996
1493852596.063761,-1.604492,0.243652,-0.068359,-1.586914,124.633789,353.881836
1493852596.066442,-1.677246,0.193359,-0.173828,-3.051758,125.488281,352.905273
1493852596.069090,-1.626465,0.124512,-0.138672,-4.455566,126.159668,351.318359
1493852596.071671,-1.763672,0.091309,-0.214355,-3.601074,125.854492,352.539062
1493852596.074221,-1.849121,0.042480,-0.216309,-3.417969,125.000000,354.919434
1493852596.076771,-1.895508,-0.013184,-0.251953,-2.685547,124.145508,356.628418
1493852596.079513,-1.883301,-0.032227,-0.239746,-2.624512,125.183105,361.145020
1493852596.082215,-1.958008,-0.124512,-0.194336,-2.624512,126.770020,364.807129
1493852596.084894,-1.931152,-0.130859,-0.145020,-4.028320,129.272461,368.225098
1493852596.087577,-1.972656,-0.200195,-0.256836,-6.896973,130.004883,369.323730
1493852596.090309,-1.896484,-0.229004,-0.190918,-8.850098,131.713867,370.361328
1493852596.092989,-2.006836,-0.268555,-0.222168,-9.643555,131.225586,370.056152
1493852596.095665,-2.011719,-0.313477,-0.192383,-9.338379,129.821777,368.896484
1493852596.098348,-2.076660,-0.403809,-0.027832,-8.850098,128.295898,367.675781
1493852596.101034,-2.034180,-0.440430,-0.161621,-4.760742,126.159668,364.746094
1493852596.103715,-2.012695,-0.506836,-0.126953,-3.173828,126.892090,359.497070
1493852596.106400,-2.034668,-0.596680,-0.085449,-2.075195,127.929688,352.233887
1493852596.109089,-2.069824,-0.660156,-0.082031,-1.220703,128.417969,341.125488
1493852596.111779,-2.015625,-0.778809,-0.151855,0.366211,128.356934,328.796387
1493852596.114460,-2.011230,-0.875977,-0.083984,4.028320,127.685547,314.697266
1493852596.117141,-1.939453,-0.974609,-0.103516,7.263184,124.816895,298.767090
1493852596.119770,-1.928223,-1.073730,-0.006836,9.460449,123.718262,284.484863
1493852596.122327,-1.972168,-1.171875,0.073242,9.826660,122.863770,269.897461
1493852596.124875,-1.844727,-1.286621,0.249512,10.681152,122.558594,256.774902
1493852596.127420,-1.820312,-1.357422,0.308105,11.047363,120.605469,243.225098
1493852596.130034,-1.729980,-1.435547,0.326172,13.183594,118.530273,226.745605
1493852596.132720,-1.744629,-1.538574,0.551758,11.840820,115.234375,216.674805
1493852596.135403,-1.730469,-1.676758,0.595703,15.014648,111.938477,201.782227
1493852596.138088,-1.645996,-1.770508,0.597168,16.296387,109.375000,174.987793
1493852596.140772,-1.621582,-1.921875,0.645996,12.756348,103.759766,179.382324
1493852596.143456,-1.591309,-2.042969,0.612793,3.112793,97.839355,148.986816
1493852596.146132,-1.498047,-2.146973,0.578125,-3.479004,89.599609,145.446777
1493852596.148808,-1.439453,-2.272949,0.734375,-6.591797,80.444336,123.657227
1493852596.151486,-1.386230,-2.395996,0.608887,-6.652832,70.373535,100.891113
1493852596.154164,-1.314941,-2.427246,0.521484,-5.126953,58.044434,77.026367
1493852596.156843,-1.277344,-2.460449,0.544922,1.281738,45.959473,53.222656
1493852596.159524,-1.312500,-2.255859,0.375977,10.253906,29.357910,29.052734
1493852596.162210,-1.267090,-1.824219,0.317383,30.700684,-5.737305,-7.812500
1493852596.164885,-1.028809,-1.431152,0.428711,5.187988,-54.321289,-76.110840
1493852596.167560,-1.156250,-1.745605,0.231445,-22.766113,-62.500000,-141.357422
1493852596.170173,-1.396484,-1.794922,0.277344,-19.042969,-61.523438,-170.898438
1493852596.172724,-1.450684,-1.995117,0.317871,-28.869629,-66.162109,-172.668457
1493852596.175273,-1.171875,-2.130371,0.307617,-30.334473,-51.208496,-143.249512
1493852596.177830,-1.244629,-1.931152,0.191406,-5.615234,-19.409180,-114.990234
1493852596.180452,-1.134766,-1.878906,0.151367,26.123047,-32.836914,-109.130859
1493852596.183136,-1.355469,-1.721680,0.151855,52.185059,-69.213867,-111.633301
1493852596.185818,-1.287109,-1.305664,0.034180,54.138184,-91.674805,-151.794434
1493852596.188507,-1.222656,-1.061035,0.055664,28.442383,-90.820312,-162.292480
1493852596.191193,-1.189453,-0.893555,0.247559,1.281738,-85.144043,-170.104980
1493852596.193870,-1.117676,-0.802734,0.207031,-8.483887,-81.726074,-164.428711
1493852596.196553,-1.114258,-0.833496,0.152344,-7.812500,-75.500488,-163.757324
1493852596.199258,-1.111328,-0.890137,0.142578,0.549316,-72.021484,-172.607422
1493852596.201962,-1.017578,-0.789551,-0.330566,33.142090,-37.414551,-189.758301
1493852596.204640,-0.901855,-0.380371,0.108398,111.755371,96.191406,-210.571289
1493852596.207324,-0.920898,0.354980,-0.177246,136.962891,224.609375,-198.852539
1493852596.210010,-1.111816,1.240723,-0.231445,143.127441,256.164551,-135.131836
1493852596.212692,-1.166504,2.013184,-1.058594,172.241211,205.200195,-29.968262
1493852596.215475,-1.277344,2.728027,-0.910645,235.412598,164.123535,91.186523
1493852596.218153,-1.284668,3.072754,-1.246582,248.046875,132.019043,195.312500
1493852596.220763,-1.400391,3.427734,-1.279297,225.585938,41.564941,249.023438
1493852596.223315,-1.740234,3.742188,-0.986328,205.444336,-58.471680,221.801758
1493852596.225868,-1.888672,3.654785,-0.751465,158.691406,-131.835938,82.885742
1493852596.228421,-1.429199,3.097168,-0.315918,140.563965,-167.785645,-134.338379
1493852596.230974,-0.515625,2.228516,-0.528809,134.094238,-232.666016,-330.749512
1493852596.233526,0.162109,1.372559,-0.363770,118.530273,-286.437988,-465.026855
1493852596.236079,0.439453,0.619629,-0.091309,93.444824,-323.303223,-498.901367
1493852596.238681,0.454590,-0.010742,0.233398,65.917969,-338.439941,-557.556152
1493852596.241354,0.351074,-0.474609,0.583984,44.250488,-328.247070,-602.844238
1493852596.244036,-0.043457,-0.886719,0.933105,24.963379,-290.100098,-637.451172
1493852596.246719,-0.338867,-1.151855,0.970703,21.179199,-214.111328,-660.095215
1493852596.249405,-0.654297,-1.107422,0.698242,-5.432129,-119.140625,-655.029297
1493852596.252086,-0.976074,-1.063477,0.171387,-38.391113,-37.963867,-613.037109
1493852596.254766,-1.209961,-1.154785,0.032715,-82.946777,-11.047363,-551.879883
1493852596.257448,-1.457031,-1.319824,-0.198730,-96.557617,0.915527,-497.619629
1493852596.260137,-1.578613,-1.492188,-0.326172,-90.454102,-28.259277,-448.303223
1493852596.262817,-1.703613,-1.312988,-0.294922,-63.293457,-74.707031,-392.700195
1493852596.265500,-1.710449,-1.186035,-0.113281,-38.513184,-119.445801,-322.753906
1493852596.268186,-1.537109,-0.962891,-0.043945,-19.165039,-152.343750,-239.685059
1493852596.270873,-1.385254,-0.555664,0.041504,-5.859375,-151.733398,-154.907227
1493852596.273557,-1.174805,-0.431152,-0.092773,8.483887,-129.882812,-75.195312
1493852596.276240,-0.919922,-0.205078,-0.141113,19.409180,-133.666992,-15.380859
1493852596.278897,-0.729980,-0.052246,-0.208496,26.062012,-124.328613,17.822266
1493852596.281483,-0.529297,0.099609,-0.358887,32.836914,-124.572754,24.780273
1493852596.284034,-0.321777,0.218750,-0.200684,38.757324,-127.990723,4.760742
1493852596.286584,-0.194824,0.242676,-0.205078,42.724609,-132.812500,-2.075195
1493852596.289186,-0.153809,0.261230,-0.224609,42.419434,-127.868652,-44.555664
1493852596.291855,-0.227539,0.244629,-0.188965,36.621094,-112.121582,-95.031738
1493852596.294536,-0.347656,0.200684,-0.170898,23.803711,-86.425781,-141.662598
1493852596.297215,-0.275391,0.078125,-0.164062,6.042480,-55.664062,-173.950195
1493852596.299900,-0.356934,-0.107422,-0.177734,-4.882812,-25.329590,-191.162109
1493852596.302590,-0.414551,-0.155762,-0.060547,-41.625977,43.823242,-200.012207
1493852596.305275,-0.662109,-0.404785,-0.210449,-47.424316,9.948730,-199.035645
1493852596.307959,-0.814453,-0.477051,-0.190430,-53.039551,-1.525879,-190.734863
1493852596.310645,-0.927246,-0.515137,-0.172852,-56.945801,-12.023926,-173.828125
1493852596.313325,-0.996094,-0.573730,-0.222656,-55.358887,-24.475098,-146.118164
1493852596.316004,-0.978027,-0.584961,-0.009277,-48.278809,-39.428711,-110.412598
1493852596.318689,-0.940430,-0.475098,-0.111328,-36.010742,-45.654297,-71.716309
1493852596.321378,-0.866211,-0.364258,-0.111816,-27.038574,-62.194824,-38.513184
1493852596.324113,-0.697754,-0.185547,-0.220215,-24.230957,-44.311523,-15.747070
1493852596.326842,-0.628418,-0.020508,-0.158691,-23.925781,-43.029785,-4.211426
1493852596.329490,-0.482910,0.090820,-0.187988,-28.137207,-39.062500,-7.629395
1493852596.332078,-0.504883,0.116699,-0.075195,-32.714844,-40.100098,-20.019531
1493852596.334704,-0.523438,0.070801,-0.078613,-28.198242,-42.541504,-35.095215
1493852596.337330,-0.592285,-0.014160,-0.031250,-20.690918,-40.527344,-45.471191
1493852596.339888,-0.591309,-0.060059,-0.077148,-18.737793,-34.912109,-31.433105
1493852596.342443,-0.745605,-0.138672,0.026367,-21.606445,-23.071289,-43.395996
1493852596.345009,-0.685059,-0.156250,-0.032715,-25.634766,-11.718750,-34.362793
1493852596.347578,-0.722168,-0.134277,-0.161621,-27.404785,-4.699707,-23.986816
1493852596.350352,-0.747070,-0.104492,-0.116211,-29.418945,-1.953125,-13.122559
1493852596.353031,-0.730469,-0.055176,-0.148438,-27.709961,-4.760742,-3.234863
1493852596.355711,-0.696777,-0.006836,-0.176758,-25.817871,-9.094238,3.906250
1493852596.358391,-0.719238,-0.001465,-0.111816,-19.836426,-13.610840,6.469727
1493852596.361072,-0.658203,0.019043,-0.160645,-17.944336,-17.028809,6.408691
1493852596.363751,-0.632324,0.028320,-0.119141,-15.625000,-16.174316,3.906250
1493852596.366432,-0.586914,0.028809,-0.241211,-14.343262,-12.939453,1.098633
1493852596.369116,-0.608887,-0.012695,-0.064453,-14.404297,-10.498047,-1.281738
1493852596.371803,-0.626465,-0.016113,-0.179688,-16.357422,-9.460449,-3.967285
1493852596.374480,-0.654297,-0.022949,-0.104004,-18.981934,-7.263184,-4.394531
1493852596.377156,-0.689941,-0.011230,-0.149902,-17.639160,-6.164551,-3.845215
1493852596.379799,-0.662109,-0.039062,-0.207031,-15.747070,-5.798340,-1.281738
1493852596.382375,-0.681152,-0.050781,-0.065430,-15.563965,-4.272461,1.892090
1493852596.384923,-0.650879,-0.045410,-0.104004,-14.343262,-2.441406,3.540039
1493852596.387467,-0.645508,-0.051758,-0.121582,-12.878418,1.770020,5.676270
1493852596.390105,-0.675781,-0.013184,-0.025391,-11.596680,4.089355,9.582520
1493852596.392782,-0.625000,0.007812,-0.199219,-10.620117,6.835938,12.451172
1493852596.395463,-0.659668,-0.050293,-0.087891,-7.629395,7.751465,14.892578
1493852596.398145,-0.638184,-0.043945,-0.097656,-6.103516,8.056641,16.174316
1493852596.400825,-0.683594,-0.034180,-0.187500,-2.807617,8.544922,17.944336
1493852596.403500,-0.682129,-0.118164,-0.126953,-1.892090,8.789062,20.446777
1493852596.406180,-0.660156,-0.023926,-0.165527,15.502930,9.155273,23.498535
1493852596.408881,-0.627930,-0.009277,-0.149902,2.075195,8.422852,26.184082
1493852596.411578,-0.678223,-0.028320,-0.124512,3.356934,8.605957,29.235840
1493852596.414255,-0.673340,0.122559,-0.238281,5.554199,7.324219,32.531738
1493852596.416927,-0.656738,0.014648,-0.194824,8.178711,7.568359,34.545898
1493852596.419551,-0.681152,0.028320,-0.283203,11.291504,6.591797,36.254883
1493852596.422112,-0.664551,0.039062,-0.144531,13.183594,5.737305,37.475586
1493852596.424660,-0.646973,0.037109,-0.232422,14.526367,4.089355,36.987305
1493852596.427207,-0.688477,0.048828,-0.206543,17.150879,3.479004,37.414551
1493852596.429815,-0.634277,0.089844,-0.249512,18.981934,2.868652,36.071777
1493852596.432489,-0.621582,0.063965,-0.143066,20.141602,2.868652,35.583496
1493852596.435166,-0.622559,0.096680,-0.176758,20.996094,3.173828,35.034180
1493852596.437866,-0.522949,0.105469,-0.135254,20.629883,3.601074,33.203125
1493852596.440569,-0.623047,0.221680,-0.137695,20.507812,4.028320,30.883789
1493852596.443245,-0.593262,0.104004,-0.210449,19.714355,4.577637,27.465820
1493852596.445922,-0.596680,0.118652,-0.177734,18.310547,6.713867,23.071289
1493852596.448601,-0.663574,0.088867,-0.157715,19.409180,8.239746,19.775391
1493852596.451283,-0.738281,0.106934,-0.232422,21.545410,7.690430,15.808105
1493852596.453963,-0.591797,0.130371,-0.164062,21.179199,9.521484,13.854980
1493852596.456640,-0.624512,0.006836,-0.170898,18.432617,11.779785,13.305664
1493852596.459325,-0.605469,0.128906,-0.179688,17.578125,14.282227,12.145996
1493852596.462008,-0.601562,0.142090,-0.194824,14.892578,16.601562,10.986328
1493852596.464684,-0.615234,0.125000,-0.202637,14.465332,16.418457,8.972168
1493852596.467360,-0.596680,0.144531,-0.266113,13.305664,15.808105,7.019043
1493852596.469997,-0.630859,0.146484,-0.187988,13.061523,15.380859,2.380371
1493852596.472566,-0.608887,0.130371,-0.225586,10.498047,15.991211,-1.037598
1493852596.475112,-0.600098,0.242188,-0.217773,10.864258,16.784668,-4.272461
1493852596.477661,-0.619629,0.091309,-0.243652,9.460449,14.709473,-6.835938
1493852596.480272,-0.672363,0.054199,-0.271484,10.864258,10.498047,-9.582520
1493852596.482816,-0.662598,0.061523,-0.176758,11.291504,6.774902,-11.230469
1493852596.485363,-0.652832,0.070312,-0.229004,11.901855,4.211426,-11.901855
1493852596.487939,-0.650391,0.028320,-0.273438,11.352539,1.708984,-11.840820
1493852596.490696,-0.682617,0.046387,-0.166992,11.291504,-0.854492,-11.047363
1493852596.493382,-0.648438,0.050781,-0.251465,12.634277,-4.760742,-9.338379
1493852596.496060,-0.672852,0.041504,-0.316406,13.793945,-8.666992,-8.728027
1493852596.498744,-0.649902,0.078125,-0.238281,13.366699,-12.084961,-8.911133
1493852596.501428,-0.649902,0.095215,-0.253906,14.404297,-13.549805,-10.437012
1493852596.504107,-0.614258,0.095703,-0.294434,14.099121,-14.465332,-11.779785
1493852596.506788,-0.603516,0.091309,-0.242188,14.770508,-14.831543,-13.977051
1493852596.509478,-0.717285,0.110840,-0.253906,15.563965,-30.944824,-15.563965
1493852596.512165,-0.511230,0.062988,-0.147949,17.028809,-18.554688,-17.578125
1493852596.514844,-0.646973,0.074219,-0.197754,17.517090,-21.545410,-19.226074
1493852596.517527,-0.626953,0.085938,-0.183594,18.371582,-22.644043,-20.874023
1493852596.520156,-0.637695,0.044434,-0.218262,16.540527,-23.010254,-22.033691
1493852596.522705,-0.667480,0.035156,-0.187988,13.977051,-22.521973,-24.536133
1493852596.525256,-0.634766,0.028809,-0.208496,15.258789,-23.315430,-25.451660
1493852596.527817,-0.653809,0.003418,-0.040527,18.127441,-24.536133,-27.038574
1493852596.530447,-0.668945,0.026367,-0.134277,19.653320,-24.047852,-27.038574
1493852596.533130,-0.691406,0.034180,-0.154297,19.042969,-23.315430,-25.634766
1493852596.535814,-0.668457,0.072754,-0.226074,21.667480,-23.986816,-22.644043
1493852596.538503,-0.664062,0.097656,-0.162109,22.216797,-25.085449,-21.301270
1493852596.541193,-0.634277,0.113281,-0.178711,21.423340,-26.977539,-22.338867
1493852596.543871,-0.648926,0.083496,-0.129883,20.385742,-27.221680,-25.634766
1493852596.546555,-0.652832,0.091309,-0.255859,19.287109,-27.648926,-29.052734
1493852596.549265,-0.664062,0.080566,-0.157715,17.822266,-31.250000,-32.409668
1493852596.551976,-0.664551,0.089844,-0.182617,0.610352,-31.005859,-34.362793
1493852596.554657,-0.634766,0.065430,-0.141113,12.878418,-28.320312,-35.339355
1493852596.557343,-0.660645,0.037109,-0.072266,13.244629,-27.587891,-37.475586
1493852596.560025,-0.683105,0.012207,-0.197266,16.906738,-27.770996,-38.024902
1493852596.562707,-0.697754,0.014648,-0.217773,16.906738,-25.939941,-37.353516
1493852596.565386,-0.721191,-0.000977,-0.229980,14.465332,-25.207520,-35.217285
1493852596.568061,-0.753418,-0.005371,-0.147461,15.075684,-26.000977,-33.508301
1493852596.570669,-0.750488,0.028809,-0.320801,17.333984,-29.418945,-32.653809
1493852596.573220,-0.737305,0.034180,-0.233398,19.592285,-35.644531,-32.714844
1493852596.575774,-0.730469,0.005859,-0.218750,22.216797,-39.245605,-32.165527
1493852596.578354,-0.745117,0.002441,-0.140137,25.329590,-40.649414,-31.066895
1493852596.581006,-0.713379,0.028809,-0.173340,25.634766,-41.137695,-32.714844
1493852596.583690,-0.735352,0.031738,-0.275391,23.620605,-39.123535,-33.325195
1493852596.586372,-0.714355,0.014648,-0.216309,24.230957,-36.254883,-34.057617
1493852596.589079,-0.710449,0.042480,-0.197754,28.076172,-33.935547,-34.790039
1493852596.591784,-0.654297,0.049805,-0.298828,27.648926,-32.714844,-35.522461
1493852596.594464,-0.702637,0.019043,-0.136719,28.686523,-30.761719,-36.926270
1493852596.597144,-0.721191,0.041016,-0.309082,28.686523,-32.958984,-38.146973
1493852596.599831,-0.729492,0.052734,-0.222656,28.747559,-35.217285,-40.039062
1493852596.602516,-0.745117,0.034668,-0.212402,29.907227,-37.475586,-41.687012
1493852596.605196,-0.714844,0.014648,-0.126953,31.433105,-38.635254,-42.541504
1493852596.607882,-0.741699,0.015625,-0.155762,34.179688,-36.315918,-43.945312
1493852596.610573,-0.745117,0.036133,-0.196777,39.367676,-35.095215,-45.288086
1493852596.613254,-0.729980,0.029297,-0.232422,34.912109,-34.729004,-48.461914
1493852596.615937,-0.724609,0.041016,-0.202637,32.653809,-35.217285,-52.124023
1493852596.618598,-0.729980,0.031250,-0.145020,37.414551,-33.081055,-54.748535
1493852596.621192,-0.695312,0.067383,-0.132324,41.564941,-30.517578,-58.715820
1493852596.623747,-0.702148,0.080078,-0.212402,38.940430,-26.794434,-66.345215
1493852596.626304,-0.774414,0.048340,-0.212402,33.752441,-24.353027,-71.044922
1493852596.629002,-0.772949,0.087891,-0.171875,29.296875,-26.550293,-78.430176
1493852596.631663,-0.905762,0.022461,-0.224609,27.221680,-33.630371,-82.275391
1493852596.634350,-0.907715,0.012695,-0.162109,28.137207,-41.381836,-81.604004
1493852596.637033,-0.949219,-0.119629,-0.197266,27.343750,-49.865723,-81.298828
1493852596.639719,-0.917480,-0.041504,-0.239746,28.747559,-51.818848,-84.960938
1493852596.642406,-0.925781,-0.084961,-0.306152,42.297363,-46.508789,-88.195801
1493852596.645088,-0.866699,-0.055664,-0.399902,53.833008,-38.940430,-93.078613
1493852596.647774,-0.925293,-0.025879,-0.403809,51.452637,-39.672852,-100.463867
1493852596.650457,-0.950195,0.029297,-0.395996,48.706055,-43.884277,-106.506348
1493852596.653138,-0.953125,0.060059,-0.216309,48.828125,-50.048828,-108.642578
1493852596.655821,-0.966309,0.162598,-0.021484,45.471191,-57.983398,-104.980469
1493852596.658509,-1.027344,0.139648,0.163574,49.621582,-57.739258,-92.834473
1493852596.661195,-0.974121,0.131836,0.113281,55.603027,-41.381836,-77.331543
1493852596.663875,-1.036621,0.164551,0.042480,66.406250,-29.602051,-67.993164
1493852596.666553,-1.089355,0.151855,-0.004395,62.438965,-32.531738,-65.002441
1493852596.669240,-1.132812,0.136230,-0.054688,54.199219,-46.020508,-65.795898
1493852596.671864,-1.178711,0.107422,-0.043457,56.274414,-60.058594,-63.903809
1493852596.674417,-1.191406,0.173828,-0.014648,61.950684,-65.124512,-63.476562
1493852596.676969,-1.171387,0.285156,-0.054199,64.880371,-71.411133,-70.556641
1493852596.679577,-1.196777,0.336914,0.084473,60.729980,-70.800781,-87.524414
1493852596.682258,-1.123047,0.470703,-0.022461,52.917480,-66.101074,-109.191895
1493852596.684941,-1.118652,0.449707,-0.049805,42.419434,-57.312012,-129.943848
1493852596.687620,-1.126953,0.613281,0.031738,38.024902,-51.269531,-145.080566
1493852596.690349,-1.138672,0.359375,-0.024902,34.423828,-50.476074,-155.151367
1493852596.693031,-1.114746,0.393066,-0.036133,36.926270,-53.405762,-156.799316
1493852596.695716,-1.195801,0.316406,-0.071777,29.174805,-53.283691,-163.574219
1493852596.698401,-1.186035,0.340820,-0.173340,18.249512,-42.480469,-186.523438
1493852596.701087,-1.245605,0.492676,-0.119629,8.483887,-31.433105,-180.480957
1493852596.703767,-1.294922,0.496582,-0.134766,0.915527,-26.062012,-192.810059
1493852596.706449,-1.329102,0.415527,-0.221680,1.708984,-25.207520,-200.744629
1493852596.709140,-1.386230,0.465332,-0.243652,1.281738,-26.000977,-207.763672
1493852596.711831,-1.407715,0.464355,-0.315918,0.427246,-23.559570,-216.308594
1493852596.714509,-1.487305,0.560059,-0.294434,-4.089355,-22.949219,-226.257324
1493852596.717188,-1.399902,0.640625,-0.246582,-9.704590,-16.052246,-244.384766
1493852596.719836,-1.468750,0.669922,-0.287109,-12.817383,-1.770020,-268.005371
1493852596.722416,-1.499512,0.635254,-0.466309,-16.601562,5.859375,-282.958984
1493852596.724967,-1.571777,0.531738,-0.431152,-22.094727,-1.647949,-285.888672
1493852596.727516,-1.606934,0.518066,-0.435547,-24.230957,-24.963379,-280.151367
1493852596.730059,-1.671875,0.524902,-0.559082,-18.615723,-24.902344,-271.057129
1493852596.732611,-1.748535,0.491699,-0.419922,-10.375977,-39.489746,-251.464844
1493852596.735158,-1.830078,0.464844,-0.557129,-1.770020,-50.048828,-260.437012
1493852596.737731,-1.938965,0.447754,-0.558105,7.202148,-63.903809,-247.863770
1493852596.740384,-1.981934,0.546387,-0.522949,19.714355,-89.233398,-226.379395
1493852596.743062,-2.020508,0.769531,-0.561035,38.085938,-118.408203,-205.505371
1493852596.745745,-1.902344,1.051270,-0.628418,58.044434,-134.765625,-208.618164
1493852596.748450,-1.883789,1.251953,-0.827637,68.725586,-125.976562,-239.135742
1493852596.751154,-1.966797,1.266113,-0.897949,81.848145,-99.182129,-278.259277
1493852596.753835,-1.945312,1.390625,-0.919434,62.500000,-71.289062,-312.072754
1493852596.756518,-1.907715,1.374512,-0.883301,47.485352,-55.786133,-335.571289
1493852596.759202,-1.946289,1.265137,-0.749512,23.376465,-51.391602,-352.111816
1493852596.761885,-1.937988,1.080566,-0.765137,16.357422,-52.612305,-366.516113
1493852596.764566,-1.937012,0.680176,-0.660156,-2.868652,-51.879883,-381.286621
1493852596.767356,-1.947754,0.403809,-0.668945,-21.850586,-49.072266,-399.414062
1493852596.770000,-2.094238,0.100586,-0.568359,-41.259766,-41.748047,-418.579102
1493852596.772576,-2.036133,-0.106934,-0.616699,-58.349609,-20.690918,-436.218262
1493852596.775126,-2.068848,-0.168945,-0.531738,-62.683105,-24.658203,-447.082520
1493852596.777673,-2.016602,-0.104980,-0.464355,-52.978516,-13.000488,-451.721191
1493852596.780347,-1.910156,0.054688,-0.418945,-22.033691,-7.080078,-446.044922
1493852596.783025,-1.935059,0.436035,-0.507812,34.973145,-15.075684,-423.889160
1493852596.785707,-1.873047,0.800781,-0.730469,116.882324,-37.353516,-402.770996
1493852596.788392,-1.692871,0.896484,-0.952637,203.247070,-72.265625,-374.206543
1493852596.791079,-1.462891,1.007812,-0.753906,241.210938,-125.610352,-344.726562
1493852596.793760,-1.377930,1.182129,-0.763672,216.613770,-180.603027,-319.152832
1493852596.796438,-1.320801,1.189453,-0.837891,170.349121,-216.186523,-315.490723
1493852596.799124,-1.205566,1.117188,-0.833984,117.126465,-227.233887,-305.725098
1493852596.801810,-1.183105,1.122070,-0.820312,70.312500,-212.524414,-304.931641
1493852596.804488,-1.213867,1.086426,-0.658691,61.035156,-171.569824,-310.729980
1493852596.807169,-1.156738,0.873047,-0.685547,79.284668,-107.116699,-322.631836
1493852596.809818,-1.004883,0.548828,-0.634277,97.473145,-36.193848,-337.707520
1493852596.812395,-0.971680,0.549316,-0.477051,98.144531,23.254395,-354.980469
1493852596.814944,-0.993164,0.417969,-0.591309,95.275879,66.894531,-368.469238
1493852596.817493,-0.836914,0.350586,-0.662109,90.637207,100.769043,-374.511719
1493852596.820127,-0.786133,0.325684,-0.640137,97.412109,113.342285,-371.887207
1493852596.822810,-0.687012,0.350586,-0.521484,116.455078,127.929688,-354.492188
1493852596.825489,-0.603516,0.408203,-0.421875,151.000977,132.873535,-322.021484
1493852596.828225,-0.473633,0.433105,-0.299316,213.623047,140.991211,-275.268555
1493852596.830965,-0.448242,0.314453,-0.116211,317.382812,160.644531,-228.271484
1493852596.833642,-0.863281,0.182617,0.278320,429.443359,184.204102,-216.369629
1493852596.836311,-1.266113,0.085938,0.507324,518.127441,215.820312,-266.601562
1493852596.839023,-0.294434,-0.274902,-0.421875,533.325195,206.298828,-338.500977
1493852596.841736,0.301270,-0.238281,-1.422363,386.413574,105.224609,-337.585449
1493852596.844404,0.400879,-0.194824,-0.762695,147.033691,2.380371,-261.901855
1493852596.847071,0.605469,-0.125977,-0.449219,-90.393066,-113.647461,-139.587402
1493852596.849713,0.521484,-0.347168,0.415527,-182.189941,-179.687500,13.793945
1493852596.852291,0.424316,-0.477051,0.521484,-150.695801,-178.161621,66.528320
1493852596.854844,0.257812,-0.344727,0.163574,-64.025879,-123.352051,166.381836
1493852596.857396,0.034180,0.013184,-0.046875,-15.502930,-26.000977,238.037109
1493852596.859950,-0.086426,0.589355,-0.288574,-7.019043,58.715820,293.884277
1493852596.862499,-0.241211,1.081055,-0.363770,-36.071777,102.172852,342.651367
1493852596.865044,-0.356445,1.602051,-0.471191,-76.049805,105.773926,380.554199
1493852596.867590,-0.354492,1.935547,-0.350586,-92.895508,86.975098,392.028809
1493852596.870199,-0.347168,2.222656,-0.306641,-73.974609,48.217773,380.615234
1493852596.872895,-0.274902,2.205566,-0.346680,-42.907715,11.108398,336.791992
1493852596.875579,-0.213867,2.134766,-0.092773,-21.423340,-11.535645,277.221680
1493852596.878270,-0.003418,1.973633,-0.037109,-28.076172,-8.056641,227.294922
1493852596.880958,0.009277,1.659180,0.016113,-55.114746,25.146484,143.676758
1493852596.883640,0.131836,1.494629,0.147949,-87.097168,87.463379,74.279785
1493852596.886319,0.224609,1.171875,0.004395,-109.619141,157.104492,25.390625
1493852596.889002,0.272949,0.938965,-0.089355,-124.267578,209.899902,-3.479004
1493852596.891684,0.293945,0.751953,-0.134277,-131.958008,231.079102,-14.648438
1493852596.894365,0.257324,0.546875,-0.208984,-132.202148,223.876953,-11.474609
1493852596.897048,0.193359,0.280762,-0.275879,-130.981445,197.021484,5.493164
1493852596.899684,0.123535,0.269043,-0.159668,-110.839844,162.536621,33.691406
1493852596.902364,0.009277,0.202148,-0.144043,-117.065430,132.080078,70.312500
1493852596.904912,-0.062012,0.189453,-0.185547,-108.947754,120.422363,111.755371
1493852596.907463,-0.157227,0.180664,-0.036621,-104.980469,106.994629,147.521973
1493852596.910106,-0.242188,0.251953,-0.005371,-104.736328,106.933594,176.269531
1493852596.912787,-0.309570,0.328125,0.018066,-104.736328,116.760254,196.655273
1493852596.915474,-0.349609,0.422363,-0.074219,-103.454590,124.694824,208.740234
1493852596.918160,-0.415527,0.498047,-0.113770,-97.961426,125.549316,214.965820
1493852596.920851,-0.378906,0.555176,-0.102539,-87.890625,118.225098,216.247559
1493852596.923537,-0.348633,0.541992,-0.004883,-76.782227,110.290527,213.806152
1493852596.926219,-0.272461,0.558105,0.018066,-61.218262,107.116699,210.693359
1493852596.928904,-0.246094,0.516113,0.089355,-53.283691,109.802246,209.594727
1493852596.931589,-0.221191,0.386230,0.047852,-49.560547,117.065430,210.571289
1493852596.934270,-0.162598,0.443848,0.003418,-48.400879,124.084473,231.323242
1493852596.936954,-0.219238,0.427734,0.099121,-47.607422,127.929688,222.900391
1493852596.939615,-0.220215,0.386230,0.067383,-44.372559,129.882812,231.994629
1493852596.942206,-0.350586,0.394043,0.101562,-38.024902,129.455566,239.440918
1493852596.944755,-0.301758,0.387695,0.164062,-18.859863,128.417969,247.619629
1493852596.947303,-0.356934,0.398926,0.091309,-26.977539,125.976562,254.577637
1493852596.949925,-0.405762,0.413574,0.118652,-19.897461,123.596191,260.314941
1493852596.952634,-0.451172,0.449219,0.132324,-12.329102,120.483398,265.869141
1493852596.955328,-0.544434,0.476074,0.147461,-6.103516,118.103027,271.606445
1493852596.957997,-0.524902,0.502930,0.239258,0.366211,113.586426,277.343750
1493852596.960655,-0.558105,0.513184,0.253418,10.437012,94.177246,283.935547
1493852596.963331,-0.584961,0.524902,0.202148,17.395020,106.872559,289.367676
1493852596.966023,-0.611816,0.541504,0.221191,26.428223,103.637695,295.593262
1493852596.968710,-0.636230,0.529785,0.209473,32.531738,102.661133,299.926758
1493852596.971397,-0.605469,0.580566,0.236328,37.780762,100.402832,303.161621
1493852596.974080,-0.583496,0.544922,0.192871,41.870117,97.045898,306.579590
1493852596.976763,-0.591797,0.570312,0.216309,45.288086,94.482422,309.509277
1493852596.979475,-0.583008,0.576660,0.227539,46.447754,93.261719,313.293457
1493852596.982182,-0.602051,0.580566,0.229980,49.133301,92.041016,317.565918
1493852596.984863,-0.623535,0.645508,0.297852,51.635742,97.595215,321.960449
1493852596.987541,-0.668457,0.595703,0.133789,54.016113,91.674805,323.425293
1493852596.990170,-0.696289,0.609375,0.267578,53.833008,90.209961,326.660156
1493852596.992723,-0.702637,0.614258,0.275391,52.368164,91.125488,329.040527
1493852596.995276,-0.726074,0.607422,0.255859,53.039551,91.430664,331.176758
1493852596.997836,-0.741211,0.616699,0.241699,52.246094,93.200684,334.167480
1493852597.000463,-0.853027,0.636719,0.211914,51.452637,94.848633,337.524414
1493852597.003148,-0.639648,0.604004,0.269531,47.119141,95.825195,340.515137
1493852597.005829,-0.778320,0.620117,0.239746,42.724609,96.069336,345.092773
1493852597.008521,-0.787598,0.593750,0.233887,40.222168,98.449707,350.524902
1493852597.011212,-0.815918,0.598145,0.136230,35.522461,99.609375,355.773926
1493852597.013894,-0.844727,0.598145,0.228027,31.799316,100.708008,359.924316
1493852597.016574,-0.834473,0.601562,0.201172,25.512695,100.708008,363.403320
1493852597.019274,-0.840820,0.610840,0.151855,22.766113,101.196289,367.370605
1493852597.021976,-0.927734,0.603027,0.241211,18.432617,102.050781,370.544434
1493852597.024658,-0.948242,0.622070,0.233887,14.953613,102.966309,373.352051
1493852597.027340,-0.972168,0.612305,0.136230,11.840820,104.675293,375.915527
1493852597.030026,-0.996582,0.602051,0.117188,7.080078,106.140137,378.356934
1493852597.032712,-1.022949,0.595215,0.066406,2.868652,106.506348,380.798340
1493852597.035396,-1.063477,0.593262,0.001465,-0.793457,107.482910,383.605957
1493852597.038074,-1.119629,0.585449,0.104004,-3.356934,107.543945,384.765625
1493852597.040791,-1.142578,0.589844,-0.068359,-8.850098,110.534668,386.840820
1493852597.043344,-1.177734,0.582520,-0.008789,-11.413574,110.778809,387.573242
1493852597.045898,-1.322266,0.570312,-0.051758,-14.648438,113.464355,388.671875
1493852597.048496,-1.257324,0.549316,-0.030273,-16.540527,114.562988,389.282227
1493852597.051160,-1.345215,0.531250,-0.089844,-17.517090,115.234375,390.930176
1493852597.053841,-1.367188,0.507324,-0.156250,-16.235352,115.539551,394.470215
1493852597.056520,-1.444824,0.449707,-0.228027,-16.723633,115.966797,397.766113
1493852597.059205,-1.479980,0.428711,-0.137695,-15.197754,116.760254,401.855469
1493852597.061888,-1.494141,0.413574,-0.195312,-13.122559,115.905762,407.592773
1493852597.064571,-1.568359,0.376953,-0.134277,-11.291504,115.783691,412.048340
1493852597.067252,-1.632812,0.499512,-0.217773,-8.422852,115.844727,414.855957
1493852597.069936,-1.623047,0.335938,-0.181152,-7.507324,117.126465,417.724609
1493852597.072620,-1.707031,0.352051,-0.208984,-5.371094,118.530273,419.799805
1493852597.075301,-1.735840,0.296387,-0.153809,-6.164551,119.445801,420.532227
1493852597.077984,-1.845215,0.302734,-0.140137,-6.042480,121.765137,420.837402
1493852597.080668,-1.902344,0.142090,-0.165527,-9.460449,140.075684,420.288086
1493852597.083348,-1.964355,0.207520,-0.163574,-12.756348,126.892090,418.334961
1493852597.086030,-1.960938,0.104004,-0.200195,-17.883301,129.638672,415.527344
1493852597.088694,-2.075684,0.017578,-0.112793,-21.240234,129.638672,411.926270
1493852597.091290,-2.121094,-0.065430,-0.144043,-22.644043,125.732422,409.851074
1493852597.093842,-2.228027,-0.165527,-0.156738,-23.498535,122.802734,408.447266
1493852597.096394,-2.240723,-0.285156,-0.198730,-20.629883,121.337891,405.395508
1493852597.098948,-2.256348,-0.388672,-0.127930,-18.249512,120.422363,400.512695
1493852597.101495,-2.374512,-0.551758,-0.158691,-17.761230,121.643066,394.226074
1493852597.104040,-2.337402,-0.650391,-0.199219,-15.625000,122.192383,386.047363
1493852597.106591,-2.383301,-0.800781,-0.135254,-13.061523,122.375488,376.342773
1493852597.109247,-2.423828,-0.931152,-0.056152,-11.962891,122.497559,366.821289
1493852597.111968,-2.461426,-1.054688,-0.194824,-8.483887,121.643066,356.445312
1493852597.114633,-2.447266,-1.165039,-0.143066,-3.112793,120.117188,347.229004
1493852597.117300,-2.453613,-1.292480,-0.082520,6.530762,116.821289,337.341309
1493852597.119977,-2.367676,-1.436035,-0.043945,16.967773,113.464355,326.965332
1493852597.122652,-2.349121,-1.556152,0.026367,27.526855,111.022949,316.101074
1493852597.125319,-2.128906,-1.618652,-0.033203,35.888672,107.788086,304.199219
1493852597.127993,-2.191406,-1.687500,0.060547,44.006348,105.651855,290.649414
1493852597.130667,-2.064453,-1.770996,0.075195,50.170898,100.402832,268.066406
1493852597.133336,-2.007324,-1.835449,0.248535,53.344727,96.557617,252.441406
1493852597.136004,-1.955566,-1.895996,0.374512,56.884766,92.956543,234.741211
1493852597.138676,-1.890137,-1.916992,0.369141,55.297852,90.270996,230.590820
1493852597.141352,-1.835449,-1.947754,0.492188,53.039551,86.975098,210.266113
1493852597.144023,-1.837891,-1.887695,0.634277,45.959473,82.458496,190.246582
1493852597.146693,-1.842285,-2.076172,0.604980,38.818359,76.354980,169.311523
1493852597.149368,-1.842285,-2.124512,0.719727,31.188965,68.908691,149.169922
1493852597.152040,-1.869141,-2.176758,0.645996,27.404785,59.753418,129.882812
1493852597.154706,-1.806152,-2.220215,0.750488,24.108887,49.255371,110.656738
1493852597.157374,-1.734375,-2.210449,0.749512,1.281738,40.405273,91.552734
1493852597.160076,-1.470703,-1.629883,0.560547,-29.541016,46.569824,52.856445
1493852597.162787,-1.111328,-1.673828,0.500488,-56.518555,49.621582,-28.930664
1493852597.165468,-1.392090,-2.636719,0.737305,-50.537109,-4.760742,-109.558105
1493852597.168151,-1.695801,-3.209961,0.658203,-40.832520,-69.641113,-123.291016
1493852597.170842,-1.906250,-2.989746,0.340820,-3.662109,-91.369629,-104.797363
1493852597.173522,-1.923340,-2.658691,0.484863,-18.798828,-62.316895,-93.994141
1493852597.176205,-1.756348,-2.701172,0.704590,-46.386719,-24.780273,-73.608398
1493852597.179001,-1.659668,-2.656250,0.641113,-8.117676,-34.790039,-46.264648
1493852597.181685,-1.295898,-2.434082,0.364746,59.326172,-74.340820,-45.288086
1493852597.184371,-1.224121,-2.326660,0.365234,72.631836,-77.453613,-59.326172
1493852597.187054,-1.203613,-1.846191,0.462891,42.541504,-56.091309,-65.612793
1493852597.189744,-1.113281,-1.567383,0.492188,12.695312,-43.457031,-75.927734
1493852597.192432,-1.144531,-1.492676,0.563965,2.807617,-62.500000,-101.806641
1493852597.195111,-1.206543,-1.468262,0.515625,0.122070,-73.364258,-133.117676
1493852597.197794,-1.150879,-1.520996,0.368652,-4.760742,-69.152832,-156.799316
1493852597.200405,-1.318848,-1.330078,0.444824,-1.892090,-76.171875,-173.767090
1493852597.202954,-1.448730,-0.761230,-0.656738,18.371582,-61.340332,-195.739746
1493852597.205505,-1.289062,-0.544434,-0.107422,136.901855,88.562012,-202.270508
1493852597.208071,-1.121582,0.186523,-0.079590,227.600098,289.367676,-198.486328
1493852597.210710,-1.091797,1.173340,-0.970215,226.867676,355.285645,-133.911133
1493852597.213400,-1.125977,2.007812,-1.609863,250.549316,320.434570,-16.174316
1493852597.216080,-1.356445,2.824707,-1.144531,287.719727,282.165527,106.628418
1493852597.218765,-2.996094,4.115723,-1.322266,270.263672,233.398438,197.265625
1493852597.221450,-3.528320,4.878906,-0.947754,294.738770,174.865723,229.003906
1493852597.224134,-2.514160,3.794434,-1.478027,278.625488,51.086426,177.368164
1493852597.226818,-0.465820,2.635254,-2.113281,269.226074,-133.789062,43.395996
1493852597.229456,0.755371,1.801270,-1.981934,274.597168,-341.979980,-121.459961
1493852597.232027,0.730469,1.691895,-0.919922,309.936523,-505.432129,-296.997070
1493852597.234579,0.334961,1.556641,-0.270020,314.514160,-571.594238,-457.153320
1493852597.237131,-0.161133,1.139160,0.678711,281.066895,-645.202637,-607.116699
1493852597.239746,-0.189941,0.477051,1.273926,200.744629,-629.333496,-742.858887
1493852597.242429,0.167480,-0.270508,1.832031,105.651855,-528.808594,-855.285645
1493852597.245116,0.291016,-0.875977,1.466309,31.921387,-367.553711,-876.464844
1493852597.247808,0.067871,-1.462402,0.909668,-26.367188,-186.462402,-856.567383
1493852597.250431,-0.500488,-1.516602,0.486816,-82.397461,-28.991699,-834.716797
1493852597.252985,-0.972168,-1.731934,-0.138184,-120.178223,66.711426,-797.729492
1493852597.255540,-1.387695,-1.704590,-0.474121,-112.426758,76.232910,-752.868652
1493852597.258127,-1.668945,-1.867188,-0.804199,-99.365234,28.747559,-683.715820
1493852597.260782,-1.967285,-2.143066,-0.413574,-92.773438,-46.569824,-588.500977
1493852597.263465,-2.369629,-2.181152,-0.220703,-58.166504,-140.197754,-465.576172
1493852597.266145,-2.169434,-1.837891,-0.087891,-3.601074,-210.937500,-318.481445
1493852597.268821,-1.558594,-1.476074,-0.089844,34.301758,-244.140625,-172.790527
1493852597.271502,-1.030762,-0.937012,0.009277,54.687500,-222.106934,-54.199219
1493852597.274187,-0.647949,-0.678223,-0.101562,79.284668,-209.594727,17.883301
1493852597.276873,-0.422852,-0.368652,-0.246582,102.966309,-204.345703,45.410156
1493852597.279562,-0.338379,-0.164551,-0.365234,107.543945,-179.016113,34.667969
1493852597.282254,-0.281250,0.095703,-0.594238,90.026855,-153.137207,0.976562
1493852597.284935,-0.183594,0.287109,-0.338867,63.598633,-123.901367,-34.667969
1493852597.287616,-0.285156,0.351562,-0.549316,36.376953,-103.881836,-73.791504
1493852597.290346,-0.286621,0.342773,-0.315918,1.831055,-85.510254,-118.957520
1493852597.293029,-0.341309,0.160645,0.024414,-29.418945,-81.604004,-156.616211
1493852597.295714,-0.466309,-0.099121,-0.046875,-39.550781,-93.688965,-183.532715
1493852597.298381,-0.575195,-0.490234,-0.039062,-64.331055,-90.881348,-192.199707
1493852597.300977,-0.690918,-0.583008,0.088867,-80.627441,-80.627441,-197.021484
1493852597.303530,-0.753418,-0.662109,-0.006836,-84.594727,-63.964844,-177.307129
1493852597.306080,-0.769531,-0.669434,-0.017090,-73.486328,-44.738770,-135.925293
1493852597.308659,-0.798828,-0.599609,-0.126465,-50.903320,-31.005859,-86.914062
1493852597.311306,-0.750488,-0.372070,-0.367676,-53.283691,-26.428223,-46.325684
1493852597.314097,-0.767578,-0.221191,-0.287598,-42.663574,-36.376953,-21.667480
1493852597.316784,-0.721680,-0.136230,-0.262695,-29.785156,-50.903320,-13.122559
1493852597.319489,-0.634766,-0.088379,-0.244629,-0.549316,-67.871094,-15.625000
1493852597.322189,-0.607910,-0.052246,-0.194824,-7.690430,-76.782227,-18.859863
1493852597.324871,-0.575684,-0.042480,-0.017578,-9.826660,-71.411133,-18.676758
1493852597.327557,-0.546387,-0.046387,-0.008789,-20.385742,-60.119629,-17.028809
1493852597.330245,-0.583496,-0.047852,0.000488,-29.113770,-54.321289,-17.089844
1493852597.332933,-0.597168,-0.063965,-0.024414,-30.578613,-43.457031,-18.432617
1493852597.335620,-0.612793,-0.086426,-0.054199,-30.700684,-19.226074,-18.981934
1493852597.338324,-0.649902,-0.053711,-0.028320,-30.456543,-26.184082,-16.540527
1493852597.341027,-0.656738,-0.027344,-0.153809,-28.381348,-1.098633,-12.512207
1493852597.343711,-0.639160,-0.002930,-0.192383,-30.029297,-8.972168,-9.582520
1493852597.346391,-0.654297,0.002441,-0.116211,-31.921387,-3.784180,-8.178711
1493852597.349043,-0.638184,-0.000977,-0.082031,-34.667969,-3.906250,-8.117676
1493852597.351623,-0.634766,-0.024414,-0.233887,-34.912109,-6.286621,-11.657715
1493852597.354172,-0.665039,-0.034180,-0.054688,-32.836914,-7.934570,-13.427734
1493852597.356721,-0.644531,-0.069824,-0.099121,-30.090332,-7.568359,-16.662598
1493852597.359290,-0.617188,-0.090820,-0.078125,-26.733398,-5.371094,-16.479492
1493852597.361861,-0.655762,-0.132812,-0.098633,-25.573730,-1.098633,-13.122559
1493852597.364408,-0.634277,-0.142578,-0.155762,-22.033691,2.746582,-7.385254
1493852597.366948,-0.664062,-0.139648,-0.217773,-17.333984,5.004883,-1.281738
1493852597.369555,-0.650391,-0.100586,-0.162109,-12.634277,7.019043,2.075195
1493852597.372235,-0.702637,-0.069824,-0.023438,-10.925293,7.629395,5.310059
1493852597.374915,-0.714355,-0.004883,-0.116699,-10.681152,7.995605,9.094238
1493852597.377594,-0.646484,0.016602,-0.203125,-9.155273,10.314941,11.840820
1493852597.380330,-0.660156,0.001465,-0.132324,-6.469727,13.854980,12.329102
1493852597.383011,-0.648438,0.004883,-0.152832,-3.112793,16.662598,12.512207
1493852597.385693,-0.623047,0.043945,-0.152344,-2.136230,20.324707,12.023926
1493852597.388379,-0.744141,0.026367,-0.168457,-1.464844,22.521973,10.437012
1493852597.391068,-0.632812,0.011230,-0.224609,-2.868652,24.353027,9.094238
1493852597.393748,-0.630371,0.041504,-0.320312,-3.540039,24.719238,7.934570
1493852597.396425,-0.667480,-0.003418,-0.158203,-5.371094,23.803711,7.690430
1493852597.399072,-0.665039,0.000000,-0.261230,-2.929688,22.521973,6.347656
1493852597.401649,-0.660156,-0.010742,-0.263184,-3.112793,20.385742,7.629395
1493852597.404194,-0.702637,-0.049805,-0.318848,-2.685547,17.761230,10.131836
1493852597.406745,-0.689941,-0.047852,-0.356934,-0.488281,13.793945,13.488770
1493852597.409345,-0.706055,-0.071289,-0.150391,0.366211,7.873535,18.615723
1493852597.412012,-0.722656,-0.063477,-0.257324,3.784180,5.065918,23.986816
1493852597.414689,-0.708496,-0.053711,-0.331055,7.568359,-1.220703,29.907227
1493852597.417369,-0.725586,-0.050293,-0.220703,11.474609,-6.896973,33.996582
1493852597.420070,-0.723633,-0.006836,-0.337891,14.038086,-12.695312,36.071777
1493852597.422772,-0.671387,0.036621,-0.162109,16.540527,-17.089844,38.146973
1493852597.425453,-0.688965,0.024902,-0.101562,15.869141,-19.775391,38.146973
1493852597.428142,-0.647949,0.049805,-0.314941,17.456055,-21.606445,36.193848
1493852597.430831,-0.619629,0.065918,-0.287598,19.897461,-16.784668,32.470703
1493852597.433513,-0.626953,0.045898,-0.345703,16.906738,-14.221191,28.015137
1493852597.436193,-0.652344,0.046875,-0.275879,12.695312,-11.779785,21.972656
1493852597.438879,-0.595215,0.073730,-0.362793,10.803223,-9.948730,17.028809
1493852597.441566,-0.584961,0.047852,-0.250488,10.192871,-9.582520,13.244629
1493852597.444247,-0.583984,0.076172,-0.318359,9.338379,-9.948730,11.047363
1493852597.446924,-0.595703,0.030273,-0.277832,9.643555,-11.657715,8.239746
1493852597.449551,-0.615723,0.002930,-0.352051,12.512207,-12.329102,7.141113
1493852597.452239,-0.656738,-0.004883,-0.346680,12.512207,-14.770508,5.310059
1493852597.454794,-0.666992,-0.001465,-0.408691,13.793945,-17.272949,5.187988
1493852597.457345,-0.650879,-0.022949,-0.341797,30.700684,-20.446777,5.126953
1493852597.459972,-0.628906,-0.030762,-0.345215,17.150879,-23.193359,5.310059
1493852597.462670,-0.670410,-0.034668,-0.244141,18.859863,-26.245117,6.164551
1493852597.465351,-0.652832,-0.016602,-0.315918,18.737793,-28.442383,7.751465
1493852597.468057,-0.636719,-0.044434,-0.291992,19.531250,-30.517578,9.826660
1493852597.470763,-0.621582,-0.049316,-0.183105,20.996094,-32.287598,10.986328
1493852597.473444,-0.631348,-0.055176,-0.231934,20.446777,-34.545898,12.451172
1493852597.476123,-0.507812,-0.043945,-0.190918,24.719238,-35.278320,14.282227
1493852597.478806,-0.525391,-0.029297,-0.229980,28.808594,-36.987305,15.930176
1493852597.481495,-0.591309,-0.011230,-0.250000,34.301758,-37.902832,16.845703
1493852597.484181,-0.622559,0.002930,-0.245605,36.865234,-39.367676,17.028809
1493852597.486867,-0.635742,-0.002930,-0.179199,37.475586,-39.550781,16.967773
1493852597.489558,-0.610840,0.004883,-0.227051,36.376953,-39.489746,16.113281
1493852597.492250,-0.608887,0.058594,-0.173340,34.484863,-40.283203,15.258789
1493852597.494934,-0.633301,0.046387,-0.205566,34.667969,-39.611816,12.390137
1493852597.497615,-0.583008,0.070801,-0.137695,36.499023,-37.536621,8.911133
1493852597.500274,-0.606934,0.070801,-0.236816,34.973145,-34.851074,4.516602
1493852597.502820,-0.597168,0.070312,-0.223633,31.188965,-34.729004,-14.160156
1493852597.505372,-0.598633,0.070801,-0.142578,29.174805,-33.020020,-5.126953
1493852597.507949,-0.578613,0.063965,-0.197266,28.869629,-32.165527,-10.864258
1493852597.510599,-0.576172,0.036133,-0.191406,29.541016,-28.442383,-15.625000
1493852597.513282,-0.516113,0.036133,-0.168457,30.822754,-24.597168,-20.019531
1493852597.515967,-0.614746,0.055664,-0.241699,29.296875,-23.071289,-24.169922
1493852597.518673,-0.591797,0.025391,-0.213867,27.343750,-21.301270,-28.137207
1493852597.521383,-0.600098,0.036621,-0.234375,25.939941,-21.179199,-33.874512
1493852597.524069,-0.599609,0.036621,-0.224609,24.475098,-19.775391,-39.062500
1493852597.526752,-0.593750,0.023438,-0.257324,24.719238,-16.601562,-44.311523
1493852597.529460,-0.614258,0.022949,-0.254883,26.794434,-14.709473,-47.302246
1493852597.532167,-0.639160,-0.021973,-0.158203,27.404785,-14.831543,-48.278809
1493852597.534852,-0.650391,0.023438,-0.259277,27.221680,-16.906738,-45.959473
1493852597.537539,-0.746582,-0.026855,-0.237793,29.296875,-19.836426,-39.306641
1493852597.540239,-0.636719,-0.012207,-0.233887,32.958984,-23.437500,-32.653809
1493852597.542925,-0.660156,-0.035156,-0.139648,37.719727,-24.963379,-31.494141
1493852597.545608,-0.687012,-0.009277,-0.182617,40.344238,-26.062012,-33.447266
1493852597.548283,-0.674316,0.005859,-0.173340,39.306641,-24.719238,-37.719727
1493852597.550888,-0.683105,0.030762,-0.276855,38.696289,-22.094727,-42.175293
1493852597.553440,-0.683594,0.026367,-0.206543,41.137695,-16.479492,-47.302246
1493852597.555993,-0.676758,0.019043,-0.238770,41.198730,-11.596680,-49.743652
1493852597.558576,-0.730469,0.016602,-0.295898,40.527344,-9.399414,-54.016113
1493852597.561227,-0.727539,-0.007324,-0.312012,40.222168,-8.544922,-56.396484
1493852597.563911,-0.831543,-0.025879,-0.248535,45.593262,-10.864258,-54.687500
1493852597.566597,-0.808594,-0.065430,-0.233887,49.682617,-14.892578,-52.062988
1493852597.569287,-0.846191,-0.026367,-0.126465,48.767090,-22.155762,-46.325684
1493852597.571975,-0.904297,-0.089355,-0.136719,49.560547,-27.099609,-37.902832
1493852597.574659,-0.992188,-0.130859,-0.104004,58.715820,-30.212402,-21.789551
1493852597.577343,-1.004883,-0.104492,-0.193359,63.964844,-31.311035,-2.563477
1493852597.580022,-1.005371,-0.067871,-0.075195,72.326660,-33.935547,11.230469
1493852597.582736,-0.968262,0.096680,-0.013184,76.782227,-36.804199,12.023926
1493852597.585446,-0.918945,0.200195,-0.109375,74.584961,-38.818359,-0.732422
1493852597.588127,-0.792969,0.277344,-0.177734,73.669434,-36.621094,-20.935059
1493852597.590937,-0.894043,0.262695,-0.044922,71.777344,-32.043457,-40.039062
1493852597.593651,-0.862793,0.224121,-0.202148,72.998047,-29.113770,-51.574707
1493852597.596334,-0.813477,0.205566,-0.106445,72.082520,-26.855469,-58.288574
1493852597.598985,-0.858887,0.190430,-0.041504,68.603516,-26.977539,-65.551758
1493852597.601607,-0.828613,0.201172,-0.072754,62.683105,-26.977539,-73.974609
1493852597.604194,-0.768555,0.176758,-0.062500,57.312012,-25.329590,-80.810547
1493852597.606742,-0.914062,0.200195,-0.111328,52.490234,-23.742676,-85.876465
1493852597.609298,-0.911621,0.226074,-0.145996,48.950195,-21.789551,-93.200684
1493852597.611912,-0.943359,0.227051,-0.106934,45.837402,-18.432617,-96.252441
1493852597.614520,-1.020508,0.223633,-0.142090,42.053223,-17.883301,-104.309082
1493852597.617069,-0.960938,0.251953,-0.142090,40.771484,-17.150879,-111.633301
1493852597.619684,-1.075195,0.126953,-0.251953,37.292480,-17.089844,-119.079590
1493852597.622370,-1.075195,0.244141,-0.196777,37.170410,-17.822266,-125.183105
1493852597.625056,-1.149902,0.192383,-0.302246,35.705566,-17.883301,-129.516602
1493852597.627739,-1.104492,0.230469,-0.226074,35.156250,-20.812988,-134.155273
1493852597.630424,-1.232910,0.301270,-0.150391,15.869141,-18.676758,-146.789551
1493852597.633105,-1.099609,0.270996,-0.123047,30.090332,-10.314941,-165.771484
1493852597.635790,-1.117676,0.262695,-0.139648,26.306152,-0.915527,-182.434082
1493852597.638477,-1.109375,0.200684,-0.187500,23.132324,-0.061035,-189.025879
1493852597.641161,-1.136719,0.180664,-0.191406,20.935059,-6.591797,-184.814453
1493852597.643840,-1.132324,0.191406,-0.183105,22.644043,-15.014648,-177.673340
1493852597.646524,-1.181152,0.205078,-0.133301,22.827148,-18.310547,-171.264648
1493852597.649164,-1.204590,0.227051,-0.150391,22.949219,-22.216797,-169.616699
1493852597.651737,-1.205078,0.294434,-0.272461,20.812988,-23.193359,-172.729492
1493852597.654284,-1.272949,0.299316,-0.244141,20.690918,-21.850586,-177.429199
1493852597.656831,-1.324219,0.311035,-0.304199,27.648926,-24.291992,-178.588867
1493852597.659429,-1.317871,0.294922,-0.314453,32.592773,-30.090332,-180.664062
1493852597.662096,-1.331055,0.289551,-0.373535,35.034180,-34.912109,-182.922363
1493852597.664777,-1.301758,0.388184,-0.312500,35.705566,-37.841797,-183.898926
1493852597.667459,-1.344727,0.421387,-0.308594,34.545898,-34.240723,-189.086914
1493852597.670149,-1.251465,0.454590,-0.353027,33.203125,-26.916504,-197.265625
1493852597.672836,-1.333496,0.533203,-0.460449,33.447266,-20.874023,-209.716797
1493852597.675522,-1.371094,0.546387,-0.390625,37.597656,-17.944336,-222.229004
1493852597.678212,-1.394531,0.560547,-0.449707,37.841797,-17.211914,-234.375000
1493852597.680901,-1.386719,0.585938,-0.505371,40.893555,-17.456055,-242.919922
1493852597.683587,-1.427246,0.596191,-0.432129,42.663574,-20.751953,-247.924805
1493852597.686269,-1.490723,0.632324,-0.416504,46.936035,-27.648926,-247.741699
1493852597.688955,-1.476074,0.700195,-0.453125,52.001953,-35.644531,-246.948242
1493852597.691643,-1.544922,0.781738,-0.486816,55.786133,-43.762207,-248.535156
1493852597.694330,-1.571777,0.860840,-0.310547,60.729980,-49.926758,-252.380371
1493852597.697013,-1.640625,0.935547,-0.392090,63.049316,-55.053711,-257.568359
1493852597.699649,-1.691406,1.037598,-0.390137,66.833496,-56.762695,-263.916016
1493852597.702217,-1.794434,1.009766,-0.553711,69.091797,-58.288574,-273.132324
1493852597.704769,-1.825684,1.249023,-0.471191,67.138672,-57.861328,-286.376953
1493852597.707321,-1.884766,1.101562,-0.527344,62.377930,-56.030273,-309.936523
1493852597.709938,-1.905762,0.994141,-0.550781,55.786133,-51.330566,-313.232422
1493852597.712624,-1.955078,0.791504,-0.609863,48.828125,-46.386719,-335.754395
1493852597.715309,-2.015137,0.643066,-0.527344,35.156250,-42.724609,-360.046387
1493852597.718000,-2.046875,0.446777,-0.690918,22.216797,-43.090820,-383.239746
1493852597.720692,-2.007812,0.302734,-0.623535,10.925293,-44.982910,-402.099609
1493852597.723376,-2.036621,0.227051,-0.627441,10.742188,-47.485352,-413.024902
1493852597.726171,-1.976074,0.330078,-0.506836,23.498535,-44.860840,-415.710449
1493852597.728877,-1.979004,0.445312,-0.478027,52.795410,-38.818359,-412.048340
1493852597.731586,-1.998047,0.589844,-0.538574,97.900391,-36.071777,-409.301758
1493852597.734271,-1.957031,0.714844,-0.593750,142.883301,-43.273926,-408.508301
1493852597.736955,-1.980957,0.780762,-0.426270,171.203613,-63.110352,-412.170410
1493852597.739663,-1.939941,0.871094,-0.465332,182.922363,-88.684082,-418.151855
1493852597.742369,-1.683105,0.970703,-0.662598,187.622070,-113.769531,-425.476074
1493852597.745051,-1.568848,1.029785,-0.709961,189.758301,-132.873535,-432.312012
1493852597.747740,-1.565430,1.081055,-0.845703,192.993164,-148.071289,-433.593750
1493852597.750356,-1.510254,0.949219,-0.885254,164.978027,-162.536621,-426.818848
1493852597.752907,-1.493652,0.913574,-0.940918,146.301270,-165.100098,-417.236328
1493852597.755457,-1.438965,0.943848,-0.833008,111.633301,-136.108398,-409.057617
1493852597.758019,-1.420898,0.756836,-0.772461,93.322754,-111.816406,-402.404785
1493852597.760653,-1.428711,0.707520,-0.872559,91.125488,-58.044434,-396.911621
1493852597.763338,-1.396484,0.599121,-0.840820,93.444824,-9.643555,-389.770508
1493852597.766018,-1.251465,0.505371,-0.604004,93.139648,23.742676,-377.197266
1493852597.768705,-1.316406,0.474121,-0.607910,90.454102,40.161133,-352.111816
1493852597.771392,-1.259766,0.523438,-0.666992,88.989258,40.588379,-328.613281
1493852597.774075,-1.229492,0.608887,-0.685547,91.003418,34.545898,-296.813965
1493852597.776757,-1.080078,0.705566,-0.640137,99.914551,30.334473,-259.704590
1493852597.779470,-0.885742,0.775391,-0.690918,120.971680,34.179688,-223.388672
1493852597.782184,-0.819336,0.863770,-0.601074,161.682129,51.635742,-190.612793
1493852597.784865,-0.598633,0.687500,-0.206543,228.637695,84.289551,-177.551270
1493852597.787549,-0.561035,0.385254,-0.151855,300.659180,106.384277,-164.245605
1493852597.790238,-0.748047,0.095703,-0.002441,336.853027,126.342773,-183.532715
1493852597.792926,-1.222168,0.169922,0.243652,383.300781,162.658691,-246.520996
1493852597.795612,-0.611328,-0.207031,0.439453,434.326172,189.453125,-339.843750
1493852597.798285,-0.022949,-0.168945,-0.933105,395.141602,140.319824,-384.094238
1493852597.800889,0.201172,-0.018555,-1.213379,240.661621,65.673828,-337.524414
1493852597.803438,0.261719,-0.006348,-1.199707,120.910645,-36.254883,-215.393066
1493852597.805985,0.295898,-0.222656,-0.834961,-107.971191,-112.182617,-49.438477
1493852597.808563,0.317871,-0.274414,-0.029297,-207.702637,-148.010254,123.657227
1493852597.811216,0.198730,-0.299805,0.079102,-182.556152,-179.321289,270.263672
1493852597.813900,0.079590,-0.002441,-0.105957,-110.046387,-160.522461,371.093750
1493852597.816589,-0.180664,0.485840,-0.206543,-53.955078,-113.952637,436.645508
1493852597.819280,-0.272949,1.076172,-0.257812,-38.269043,-57.678223,479.614258
1493852597.821970,-0.371094,1.867676,-0.285645,-36.437988,-18.676758,503.601074
1493852597.824656,-0.356934,2.186035,-0.279297,-22.766113,2.990723,507.446289
1493852597.827336,-0.294434,2.279785,-0.348145,-3.234863,10.925293,483.886719
1493852597.830018,-0.217773,2.308594,-0.373047,-5.493164,7.690430,425.231934
1493852597.832699,-0.024902,2.492676,-0.262695,-26.916504,0.366211,337.341309
1493852597.835381,0.046387,2.404297,-0.359375,-33.264160,6.591797,245.239258
1493852597.838098,0.125488,2.236816,-0.134277,-36.010742,26.550293,145.263672
1493852597.840816,0.157715,1.835449,-0.089844,-51.208496,59.570312,69.641113
1493852597.843501,0.214844,1.389648,-0.128906,-73.059082,106.201172,37.536621
1493852597.846185,0.182617,1.080566,-0.111328,-86.364746,153.198242,4.943848
1493852597.848860,0.209961,0.640625,-0.171875,-89.904785,187.072754,-2.685547
1493852597.851470,0.183594,0.485840,-0.157715,-90.026855,199.462891,7.324219
1493852597.854018,0.138184,0.251953,-0.230469,-87.402344,193.542480,28.503418
1493852597.856570,0.072266,0.246094,-0.327637,-83.251953,173.645020,59.204102
1493852597.859125,0.072266,0.131836,-0.278809,-76.538086,145.019531,96.557617
1493852597.861679,0.001465,0.082031,-0.306152,-72.021484,133.544922,139.099121
1493852597.864339,-0.110352,0.118652,-0.226562,-67.382812,109.130859,184.692383
1493852597.866891,-0.197754,0.198730,-0.130371,-64.453125,93.750000,222.412109
1493852597.869513,-0.281250,0.263184,-0.244141,-62.561035,89.904785,262.878418
1493852597.872209,-0.311035,0.406738,-0.166992,-62.988281,93.444824,294.860840
1493852597.874891,-0.348633,0.462891,-0.073730,-64.331055,99.304199,302.185059
1493852597.877573,-0.361328,0.594238,-0.116699,-62.072754,104.248047,315.063477
1493852597.880297,-0.322266,0.646484,-0.039551,-57.006836,106.628418,318.908691
1493852597.882982,-0.356445,0.721680,-0.102051,-48.583984,107.055664,315.979004
1493852597.885666,-0.354980,0.728027,-0.028809,-40.344238,108.337402,310.607910
1493852597.888353,-0.365234,0.750000,-0.098633,-36.193848,109.497070,303.710938
1493852597.891042,-0.360840,0.748047,-0.014648,-33.813477,112.365723,299.682617
1493852597.893723,-0.356934,0.718750,-0.026367,-34.790039,118.164062,297.607422
1493852597.896408,-0.344727,0.644531,-0.104004,-35.278320,123.596191,297.485352
1493852597.899060,-0.366699,0.601074,0.032227,-34.606934,127.075195,298.706055
1493852597.901643,-0.357422,0.570312,0.019531,-36.010742,128.479004,301.574707
1493852597.904194,-0.464355,0.539062,0.060059,-35.095215,128.662109,304.870605
1493852597.906744,-0.518555,0.516113,0.051758,-33.569336,126.647949,309.753418
1493852597.909344,-0.537598,0.512695,0.022949,-30.456543,122.741699,316.101074
1493852597.912016,-0.589355,0.512695,0.084961,-24.597168,118.469238,320.678711
1493852597.914698,-0.734375,0.510254,0.090820,-17.089844,114.929199,326.232910
1493852597.917381,-0.667480,0.525879,0.142090,-12.084961,113.281250,333.190918
1493852597.920103,-0.715820,0.560547,0.210449,-7.873535,111.328125,340.209961
1493852597.922784,-0.721191,0.605469,0.099121,-5.371094,108.764648,358.703613
1493852597.925466,-0.655762,0.597656,0.074219,-4.760742,105.468750,349.487305
1493852597.928154,-0.784668,0.501953,0.054199,-7.507324,102.233887,353.454590
1493852597.931061,-0.771484,0.523438,0.058594,-8.850098,98.937988,355.590820
1493852597.933896,-0.782227,0.630371,0.139648,-9.765625,96.008301,358.459473
1493852597.936446,-0.804199,0.628418,0.108398,-10.742188,93.261719,358.459473
1493852597.939065,-0.813477,0.587891,0.091797,-11.840820,91.735840,357.910156
1493852597.941732,-0.777344,0.582520,0.005371,-15.380859,91.186523,357.360840
1493852597.944427,-0.824219,0.546875,0.127441,-19.958496,92.346191,358.337402
1493852597.947122,-0.828613,0.552734,0.089844,-23.010254,92.529297,359.497070
1493852597.950213,-0.861328,0.554199,0.020508,-26.184082,92.529297,364.013672
1493852597.952769,-0.876465,0.520996,0.034668,-27.465820,93.383789,365.783691
1493852597.955317,-0.864258,0.523438,0.042480,-26.611328,96.008301,368.713379
1493852597.957875,-0.926758,0.470703,0.165527,-26.489258,98.266602,372.009277
1493852597.960511,-0.914551,0.489258,0.065430,-26.672363,99.365234,375.305176
1493852597.963199,-0.970215,0.466309,0.060059,-27.893066,97.717285,377.502441
1493852597.966112,-0.994141,0.449219,0.028809,-27.160645,98.205566,381.164551
1493852597.969030,-1.031250,0.458008,0.024902,-22.888184,97.656250,384.521484
1493852597.971720,-1.028320,0.457520,-0.062012,-19.165039,98.083496,388.305664
1493852597.974405,-1.063477,0.443359,-0.061523,-16.845703,98.327637,406.005859
1493852597.977093,-1.138184,0.414551,-0.108398,-15.075684,98.815918,392.517090
1493852597.979734,-1.167480,0.416992,-0.081543,-13.366699,99.121094,396.667480
1493852597.982301,-1.220703,0.393066,-0.097168,-9.460449,99.548340,401.672363
1493852597.984853,-1.228027,0.368652,-0.176758,-8.666992,100.769043,406.005859
1493852597.987403,-1.290039,0.374512,-0.166992,-3.356934,101.928711,408.813477
1493852597.989952,-1.306641,0.366211,-0.202148,-0.427246,102.111816,411.987305
1493852597.992501,-1.324707,0.369141,-0.212891,3.601074,103.149414,416.198730
1493852597.995046,-1.388672,0.342773,-0.140625,7.507324,105.102539,417.541504
1493852597.997594,-1.453613,0.365234,-0.211914,11.718750,106.933594,419.433594
1493852598.000168,-1.546875,0.319824,-0.183105,14.343262,109.130859,421.142578
1493852598.002843,-1.550293,0.346680,-0.197754,16.113281,112.487793,421.325684
1493852598.005396,-1.628418,0.309082,-0.144531,17.211914,117.126465,422.790527
1493852598.008024,-1.712891,0.270996,-0.166992,16.784668,122.070312,424.011230
1493852598.010651,-1.773926,0.245605,-0.241699,14.709473,124.450684,423.278809
1493852598.013201,-1.843750,0.190918,-0.139648,10.070801,125.976562,422.790527
1493852598.015751,-1.968750,0.035156,-0.186523,6.042480,129.455566,423.034668
1493852598.018389,-1.943848,0.082031,-0.141113,-0.061035,132.019043,422.973633
1493852598.021099,-2.075195,-0.110352,-0.109375,-5.798340,132.019043,424.255371
1493852598.023782,-2.125000,-0.055664,-0.219238,-12.512207,132.995605,426.513672
1493852598.026470,-2.210938,-0.127930,-0.124512,-18.493652,133.666992,429.504395
1493852598.029162,-2.353516,-0.214844,-0.147949,-22.277832,133.239746,431.945801
1493852598.031850,-2.298340,-0.294922,-0.121094,-25.756836,132.202148,432.250977
1493852598.034538,-2.353027,-0.380371,-0.215820,-29.174805,132.324219,431.457520
1493852598.037223,-2.401855,-0.506836,-0.241699,-30.517578,130.249023,428.894043
1493852598.039916,-2.400391,-0.556641,-0.233398,-33.203125,129.272461,408.630371
1493852598.042608,-2.456055,-0.687988,-0.150879,-34.362793,127.624512,418.334961
