1493852584.786452,-1.186035,0.445801,-0.056641,-12.145996,-45.043945,-154.174805
1493852584.794088,-1.228516,0.409668,-0.110840,-18.310547,-46.447754,-146.789551
1493852584.796641,-1.229980,0.349121,-0.026367,-21.545410,-45.593262,-149.658203
1493852584.799619,-1.173828,0.321777,-0.060059,-21.850586,-44.067383,-156.372070
1493852584.803523,-1.205566,0.277344,-0.006836,-24.047852,-44.555664,-161.987305
1493852584.807491,-1.189453,0.312500,-0.145020,-23.620605,-46.386719,-167.663574
1493852584.810637,-1.209961,0.359863,-0.142578,-21.728516,-45.837402,-170.166016
1493852584.813321,-1.232422,0.451660,-0.184570,-20.935059,-45.837402,-174.682617
1493852584.816003,-1.259766,0.500488,-0.091797,-28.015137,-44.677734,-177.612305
1493852584.818693,-1.265625,0.541016,-0.094238,-37.414551,-41.809082,-181.884766
1493852584.821379,-1.142578,0.537109,-0.018555,-45.715332,-36.621094,-185.485840
1493852584.824063,-1.241699,0.591309,-0.119141,-53.405762,-31.250000,-189.758301
1493852584.826749,-1.264160,0.554199,-0.034668,-64.758301,-25.329590,-195.739746
1493852584.829417,-1.299316,0.492676,-0.125000,-76.660156,-20.019531,-204.833984
1493852584.832017,-1.296387,0.392578,-0.041016,-86.486816,-12.207031,-209.899902
1493852584.834569,-1.339844,0.324707,-0.162109,-89.660645,-5.981445,-222.778320
1493852584.837119,-1.400391,0.279785,-0.127930,-93.322754,-1.037598,-235.595703
1493852584.839727,-1.384277,0.275879,-0.186523,-95.947266,-0.671387,-246.826172
1493852584.842397,-1.437500,0.215820,-0.137695,-92.224121,-4.638672,-253.295898
1493852584.845066,-1.453125,0.171387,-0.099609,-82.885742,-10.437012,-256.835938
1493852584.847740,-1.498535,0.129883,-0.138672,-72.753906,-16.296387,-259.704590
1493852584.850399,-1.502930,0.145996,-0.241211,-65.734863,-19.897461,-264.343262
1493852584.853109,-1.551758,0.211914,-0.085449,-62.561035,-23.437500,-267.150879
1493852584.855834,-1.550781,0.339844,-0.175781,-64.819336,-25.146484,-267.089844
1493852584.858512,-1.567871,0.417969,-0.145020,-70.251465,-27.770996,-264.282227
1493852584.861187,-1.519531,0.488281,-0.230469,-71.044922,-30.090332,-261.657715
1493852584.863853,-1.439453,0.533203,-0.131836,-65.368652,-30.456543,-263.122559
1493852584.866519,-1.369141,0.540527,-0.242188,-56.579590,-31.188965,-268.920898
1493852584.869191,-1.294922,0.605469,-0.126953,-44.494629,-34.057617,-276.489258
1493852584.871866,-1.168945,0.635742,-0.259766,-38.513184,-39.367676,-282.348633
1493852584.874532,-1.220215,0.705078,-0.238281,-35.644531,-45.532227,-284.301758
1493852584.877202,-1.205566,0.710449,-0.248047,-31.188965,-51.940918,-284.240723
1493852584.879974,-1.160645,0.666992,-0.302246,-28.808594,-57.983398,-285.156250
1493852584.882688,-1.005371,0.523438,-0.142578,-25.451660,-61.340332,-290.039062
1493852584.885235,-1.083496,0.376953,-0.212891,-22.399902,-58.532715,-310.302734
1493852584.887880,-1.120605,0.150879,-0.221680,-19.470215,-47.302246,-307.678223
1493852584.890528,-0.996582,-0.041504,-0.175293,-10.009766,-31.188965,-322.448730
1493852584.893076,-0.979980,-0.147949,-0.258301,6.164551,-20.874023,-333.129883
1493852584.895624,-0.953125,-0.247070,-0.255859,30.944824,-16.662598,-332.458496
1493852584.898230,-1.007812,-0.369141,-0.335938,37.109375,-21.484375,-316.894531
1493852584.900834,-1.023438,-0.182129,-0.391113,59.448242,-25.756836,-289.184570
1493852584.903378,-1.049805,-0.078125,-0.376953,78.430176,-36.743164,-254.638672
1493852584.905925,-1.032227,0.015137,-0.349121,85.327148,-49.255371,-217.102051
1493852584.908496,-0.974609,0.176758,-0.379883,86.364746,-56.945801,-182.922363
1493852584.911067,-0.963867,0.476074,-0.425293,82.641602,-58.471680,-165.832520
1493852584.913614,-0.881836,0.490234,-0.395020,80.810547,-54.809570,-144.592285
1493852584.916162,-0.825195,0.580566,-0.410156,83.679199,-50.231934,-135.559082
1493852584.918724,-0.624512,0.635742,-0.337891,94.604492,-42.236328,-134.582520
1493852584.921288,-0.490723,0.699219,-0.322266,112.060547,-21.545410,-135.864258
1493852584.923839,-0.218262,0.724609,-0.166016,139.160156,-4.516602,-136.962891
1493852584.926384,0.009277,0.689453,0.165527,188.964844,11.230469,-140.686035
1493852584.929107,-0.166504,0.767578,-0.075684,237.609863,31.677246,-145.080566
1493852584.931686,-0.334961,0.712891,-0.326172,239.807129,28.747559,-146.789551
1493852584.934240,-0.556641,0.609863,-0.368652,177.124023,13.671875,-153.869629
1493852584.936793,-0.614258,0.315918,-0.166992,68.847656,-7.385254,-164.123535
1493852584.939391,-0.650391,-0.006836,-0.124512,-21.362305,-16.235352,-166.870117
1493852584.942057,-0.611816,-0.207031,-0.080078,-59.509277,-21.728516,-147.949219
1493852584.944730,-0.519043,-0.334473,-0.056641,-34.973145,-26.672363,-105.957031
1493852584.947401,-0.412598,-0.418945,-0.026367,-16.723633,-31.127930,-53.283691
1493852584.950067,-0.357422,-0.364258,-0.071777,4.882812,-28.442383,-0.183105
1493852584.952760,-0.230469,-0.108887,-0.143066,30.700684,-17.272949,46.875000
1493852584.955477,-0.224121,0.272949,-0.306641,42.236328,-4.638672,85.327148
1493852584.958163,-0.223633,0.604492,-0.366699,51.391602,2.685547,115.112305
1493852584.960854,-0.359375,0.884277,-0.440918,41.442871,2.197266,133.544922
1493852584.963535,-0.337402,1.064453,-0.368652,18.554688,-0.732422,141.784668
1493852584.966219,-0.356934,1.166016,-0.285645,-0.427246,-28.137207,137.145996
1493852584.968904,-0.332031,1.182129,-0.313965,-7.507324,-23.559570,119.201660
1493852584.971588,-0.327637,1.091797,-0.177246,-0.183105,-27.099609,92.163086
1493852584.974268,-0.126465,1.005371,-0.186523,11.291504,-2.502441,65.368652
1493852584.976945,-0.145996,0.845215,-0.116699,20.324707,-0.732422,47.302246
1493852584.979574,-0.094238,0.674805,-0.040527,20.874023,19.226074,44.006348
1493852584.982140,-0.075195,0.570801,-0.166504,14.343262,35.827637,62.011719
1493852584.984693,-0.091797,0.466797,-0.148438,7.995605,44.067383,54.077148
1493852584.987244,-0.185547,0.430176,-0.219238,3.112793,43.273926,61.950684
1493852584.989866,-0.222656,0.396484,-0.249512,2.563477,37.597656,68.054199
1493852584.992552,-0.276855,0.391113,-0.009277,3.234863,31.921387,71.777344
1493852584.995219,-0.305664,0.350586,-0.074219,5.432129,28.930664,77.331543
1493852584.997888,-0.349121,0.362793,-0.099609,8.728027,31.677246,83.557129
1493852585.000547,-0.362305,0.367676,-0.063965,7.019043,36.987305,92.224121
1493852585.003195,-0.364258,0.358398,-0.106934,6.530762,40.954590,101.928711
1493852585.005939,-0.310059,0.315918,-0.055664,3.417969,43.640137,110.534668
1493852585.008769,-0.364258,0.286621,-0.060547,1.281738,44.860840,118.835449
1493852585.011448,-0.354980,0.296875,-0.117676,-15.075684,44.982910,125.000000
1493852585.013997,-0.341797,0.308594,-0.149902,0.610352,44.128418,132.080078
1493852585.016542,-0.464355,0.282715,-0.028809,0.732422,43.212891,139.221191
1493852585.019133,-0.356934,0.270996,-0.087891,1.403809,42.724609,146.362305
1493852585.021728,-0.357422,0.267578,-0.078125,1.098633,43.395996,153.686523
1493852585.024274,-0.396484,0.134277,-0.124512,0.427246,44.555664,157.165527
1493852585.026820,-0.382324,0.369141,-0.046875,0.000000,45.959473,164.245605
1493852585.029371,-0.434570,0.271484,-0.060059,-1.159668,45.898438,171.875000
1493852585.031920,-0.405762,0.272949,-0.101562,15.502930,46.203613,179.138184
1493852585.034471,-0.411133,0.255371,-0.057617,-0.122070,45.776367,185.485840
1493852585.037019,-0.390625,0.259766,-0.084961,1.708984,45.593262,191.589355
1493852585.039567,-0.397461,0.260254,-0.001465,4.028320,45.593262,197.326660
1493852585.042115,-0.429688,0.257324,-0.059570,6.408691,46.142578,199.707031
1493852585.044662,-0.441406,0.264648,-0.077637,8.666992,46.691895,204.650879
1493852585.047210,-0.436035,0.257324,-0.002441,11.291504,46.508789,208.801270
1493852585.049807,-0.423340,0.279297,-0.091797,14.404297,47.119141,212.890625
1493852585.052478,-0.447266,0.286621,-0.010742,30.761719,47.546387,216.735840
1493852585.055172,-0.450195,0.291016,-0.022461,16.723633,47.668457,218.994141
1493852585.057875,-0.424805,0.321777,-0.062988,20.385742,48.217773,221.801758
1493852585.060576,-0.491699,0.316895,-0.005859,21.301270,48.400879,224.670410
1493852585.063262,-0.394043,0.323242,-0.009766,23.681641,48.339844,226.928711
1493852585.065948,-0.492676,0.329590,-0.095703,24.414062,49.438477,229.003906
1493852585.068732,-0.519531,0.328613,-0.013672,25.756836,50.048828,230.834961
1493852585.071330,-0.529297,0.305176,0.104004,26.123047,49.377441,232.910156
1493852585.073883,-0.519043,0.328125,-0.074219,27.526855,49.438477,234.863281
1493852585.076437,-0.544922,0.323242,-0.005371,25.817871,51.147461,236.206055
1493852585.079028,-0.525391,0.316895,-0.108398,26.428223,52.490234,237.609863
1493852585.081688,-0.527344,0.288574,-0.032715,26.123047,52.551270,240.539551
1493852585.084375,-0.547852,0.302246,0.019043,26.000977,54.077148,243.164062
1493852585.087061,-0.583008,0.265137,-0.050293,25.695801,54.138184,244.689941
1493852585.089753,-0.573730,0.265625,-0.012695,25.512695,53.527832,247.558594
1493852585.092443,-0.625977,0.238281,0.042969,26.184082,54.077148,251.098633
1493852585.095129,-0.594727,0.283691,-0.062500,26.062012,54.565430,255.004883
1493852585.097816,-0.618652,0.251465,-0.019531,26.550293,56.030273,258.911133
1493852585.100502,-0.623535,0.366699,0.029297,25.329590,57.189941,263.122559
1493852585.103187,-0.604492,0.259277,-0.062500,25.512695,57.617188,266.967773
1493852585.105873,-0.623047,0.257812,-0.039062,25.085449,59.387207,271.301270
1493852585.108566,-0.636230,0.241211,0.000000,25.085449,60.546875,274.536133
1493852585.111260,-0.746582,0.255859,-0.068359,24.353027,61.645508,278.076172
1493852585.113947,-0.626465,0.263184,0.030762,22.888184,63.476562,280.822754
1493852585.116633,-0.652832,0.275879,-0.058105,20.935059,64.819336,283.569336
1493852585.119280,-0.638672,0.294434,-0.060547,18.188477,67.199707,285.156250
1493852585.121865,-0.709961,0.294434,-0.106445,0.793457,69.213867,288.452148
1493852585.124420,-0.699219,0.293945,-0.022949,14.099121,69.885254,290.893555
1493852585.126971,-0.677246,0.313965,-0.009766,10.620117,72.143555,293.945312
1493852585.129567,-0.760254,0.302734,-0.074219,9.521484,74.218750,295.104980
1493852585.132292,-0.721680,0.328125,-0.088867,6.591797,75.317383,297.180176
1493852585.134972,-0.761230,0.324219,-0.038086,4.394531,77.026367,299.316406
1493852585.137520,-0.787109,0.318359,-0.050293,3.051758,78.186035,300.292969
1493852585.140241,-0.831543,0.327637,-0.109863,0.793457,78.735352,301.757812
1493852585.142791,-0.796875,0.287598,-0.045898,-0.549316,78.735352,302.307129
1493852585.145338,-0.830078,0.318359,-0.130859,-1.770020,79.956055,303.771973
1493852585.147940,-0.849121,0.319824,-0.144043,-3.051758,80.322266,304.382324
1493852585.150541,-0.873535,0.303711,-0.063965,-3.906250,80.383301,305.114746
1493852585.153090,-0.907715,0.296387,-0.074219,-6.347656,81.970215,305.786133
1493852585.155641,-0.911133,0.287598,-0.074219,-6.713867,82.397461,305.908203
1493852585.158188,-0.967285,0.294434,-0.190430,-6.896973,83.435059,306.457520
1493852585.160738,-0.974609,0.272949,-0.115234,-7.568359,84.106445,306.152344
1493852585.163285,-1.007812,0.274902,-0.139648,-9.826660,85.083008,305.297852
1493852585.165831,-1.003418,0.273438,-0.129883,-10.742188,86.303711,306.152344
1493852585.168381,-1.028320,0.260254,-0.131836,-10.742188,87.829590,305.786133
1493852585.170931,-1.083008,0.140137,-0.197266,-9.582520,88.989258,304.992676
1493852585.173476,-1.095703,0.358398,-0.111816,-10.009766,90.026855,303.955078
1493852585.176024,-1.119141,0.226562,-0.192871,-8.239746,90.698242,303.894043
1493852585.178600,-1.148926,0.222656,-0.143066,-6.408691,91.552734,303.344727
1493852585.181251,-1.126465,0.192383,-0.158203,-5.859375,92.102051,302.917480
1493852585.183936,-1.192383,0.166016,-0.220215,-7.568359,94.604492,301.025391
1493852585.186618,-1.190430,0.142090,-0.220703,-6.591797,95.275879,300.354004
1493852585.189310,-1.359863,0.121094,-0.154297,-7.690430,97.900391,299.865723
1493852585.192000,-1.366699,0.121094,-0.199219,-7.202148,99.182129,298.828125
1493852585.194684,-1.289062,0.039062,-0.179199,-7.324219,100.830078,299.316406
1493852585.197368,-1.363281,0.000000,-0.217773,-9.460449,103.454590,299.804688
1493852585.200071,-1.369141,-0.037109,-0.218262,-9.643555,105.529785,301.269531
1493852585.202776,-1.383789,-0.097168,-0.196777,-9.399414,107.116699,303.833008
1493852585.205561,-1.422852,-0.123047,-0.159668,-9.399414,107.727051,307.495117
1493852585.208276,-1.513672,-0.138184,-0.126953,-9.582520,108.215332,326.477051
1493852585.210991,-1.532227,-0.136230,-0.246582,-7.568359,107.055664,314.331055
1493852585.213670,-1.541992,-0.142578,-0.173828,-6.591797,107.238770,317.260742
1493852585.216351,-1.507324,-0.245605,-0.213867,-2.319336,107.727051,317.626953
1493852585.219020,-1.502930,-0.003418,-0.155762,-1.159668,108.886719,317.749023
1493852585.221623,-1.502930,-0.158203,-0.149902,0.366211,110.961914,316.040039
1493852585.224174,-1.539062,-0.149414,-0.214355,0.793457,112.792969,313.049316
1493852585.226725,-1.555664,-0.178223,-0.123047,2.014160,114.318848,308.593750
1493852585.229335,-1.531250,-0.200195,-0.020996,3.723145,115.417480,305.053711
1493852585.232006,-1.521484,-0.216797,-0.023926,4.333496,118.286133,300.903320
1493852585.234672,-1.552734,-0.247559,-0.152344,4.760742,120.178223,297.424316
1493852585.237339,-1.504883,-0.286621,-0.069336,6.469727,121.520996,294.250488
1493852585.240007,-1.571777,-0.339844,-0.132324,6.225586,122.497559,291.809082
1493852585.242672,-1.550293,-0.339355,-0.023438,7.324219,123.413086,288.757324
1493852585.245338,-1.585449,-0.364746,-0.042480,8.300781,123.107910,286.376953
1493852585.248006,-1.552246,-0.376465,-0.102539,7.690430,121.520996,284.057617
1493852585.250661,-1.585938,-0.421387,0.070312,10.253906,121.337891,282.836914
1493852585.253314,-1.583984,-0.433594,0.010254,11.474609,120.483398,279.785156
1493852585.255963,-1.521484,-0.433105,0.076172,11.352539,119.995117,276.428223
1493852585.258667,-1.519531,-0.469727,0.151855,10.498047,118.591309,271.850586
1493852585.261387,-1.501465,-0.460449,0.137695,10.681152,117.248535,267.578125
1493852585.264069,-1.466797,-0.465820,0.142578,11.535645,115.478516,263.244629
1493852585.266752,-1.494629,-0.517578,0.211426,10.253906,114.013672,256.835938
1493852585.269424,-1.442383,-0.502441,0.214844,9.704590,112.548828,250.244141
1493852585.272021,-1.407227,-0.541992,0.296387,6.896973,112.731934,243.469238
1493852585.274571,-1.424805,-0.595703,0.244141,5.310059,110.290527,236.206055
1493852585.277126,-1.392090,-0.603516,0.290527,1.831055,109.375000,227.355957
1493852585.279691,-1.428711,-0.659668,0.303711,-0.488281,108.764648,219.299316
1493852585.282252,-1.497559,-0.674805,0.271484,-4.760742,106.994629,210.510254
1493852585.284799,-1.498535,-0.772949,0.296387,-7.751465,105.712891,190.673828
1493852585.287348,-1.264648,-0.846191,0.277344,-11.962891,102.966309,197.631836
1493852585.289967,-1.358887,-0.876465,0.206543,-15.380859,99.548340,188.415527
1493852585.292656,-1.360352,-0.956543,0.252441,-17.944336,95.153809,177.978516
1493852585.295339,-1.352539,-1.066406,0.251465,-19.775391,90.270996,165.649414
1493852585.298024,-1.305176,-1.109375,0.214355,-22.033691,86.608887,152.954102
1493852585.300710,-1.280762,-1.186035,0.300781,-24.353027,83.740234,142.211914
1493852585.303394,-1.265137,-1.226562,0.331543,-25.939941,80.932617,131.591797
1493852585.306075,-1.248047,-1.299316,0.341309,-25.573730,76.293945,121.459961
1493852585.308761,-1.212891,-1.327637,0.414062,-26.000977,70.434570,109.985352
1493852585.311450,-1.234863,-1.328613,0.305664,-25.512695,65.979004,97.900391
1493852585.314135,-1.199219,-1.329102,0.320801,-26.611328,61.340332,84.106445
1493852585.316822,-1.180664,-1.331055,0.441406,-26.306152,57.128906,70.373535
1493852585.319512,-1.173828,-1.324219,0.433594,-27.954102,52.307129,55.358887
1493852585.322200,-1.130859,-1.277344,0.468750,-30.273438,48.522949,40.344238
1493852585.324887,-1.097656,-1.270996,0.438477,-33.081055,45.410156,25.390625
1493852585.327569,-1.244629,-1.240723,0.428711,-34.667969,40.466309,10.803223
1493852585.330180,-1.239746,-1.201172,0.430664,-38.940430,38.696289,-2.868652
1493852585.332728,-1.120605,-1.211914,0.467285,-43.823242,33.020020,-17.333984
1493852585.335279,-1.122559,-1.164062,0.395508,-47.302246,30.334473,-30.456543
1493852585.337865,-1.099609,-1.156738,0.366211,-52.856445,25.878906,-37.170410
1493852585.340518,-1.091309,-1.114258,0.315918,-57.373047,21.728516,-49.438477
1493852585.343313,-1.122559,-1.140137,0.365234,-60.546875,16.418457,-75.561523
1493852585.345997,-1.149902,-1.106934,0.317383,-65.612793,10.803223,-71.472168
1493852585.348684,-1.116699,-1.114746,0.320312,-68.115234,5.737305,-81.298828
1493852585.351368,-1.027832,-1.092285,0.259277,-70.678711,0.549316,-89.538574
1493852585.354048,-1.144531,-1.067871,0.253418,-72.998047,-5.310059,-97.412109
1493852585.356726,-1.152832,-1.046387,0.223633,-75.500488,-10.375977,-105.651855
1493852585.359406,-1.087891,-0.996582,0.247559,-78.552246,-14.770508,-113.830566
1493852585.362091,-1.097656,-0.967285,0.256836,-80.322266,-18.737793,-120.483398
1493852585.364775,-1.091309,-0.905762,0.225586,-82.885742,-22.644043,-127.258301
1493852585.367460,-1.055664,-0.858887,0.147461,-85.327148,-24.536133,-134.582520
1493852585.370158,-1.097656,-0.767090,0.238281,-86.486816,-27.893066,-140.869141
1493852585.372846,-1.086914,-0.702148,0.135254,-87.280273,-30.578613,-146.240234
1493852585.375527,-1.000977,-0.607422,0.108398,-89.660645,-32.287598,-150.146484
1493852585.378197,-1.393555,0.393066,-0.258301,-165.832520,-51.635742,-150.329590
1493852585.380799,-0.955078,0.324219,-0.258301,-214.416504,12.145996,-158.752441
1493852585.383353,-0.221191,0.234375,1.380859,-199.157715,129.638672,-175.842285
1493852585.385903,-0.141602,0.352051,0.110840,-89.172363,160.949707,-189.880371
1493852585.388504,-0.610840,0.879883,0.178223,6.835938,163.269043,-179.687500
1493852585.391167,-0.978516,1.610840,-0.589844,4.882812,79.040527,-127.746582
1493852585.393847,-1.140625,2.236816,-0.125000,-23.376465,6.042480,-50.903320
1493852585.396527,-1.341309,2.694336,-0.194336,-49.255371,-57.617188,18.188477
1493852585.399213,-1.486328,3.054688,-0.113770,-60.729980,-98.632812,36.376953
1493852585.401903,-1.313965,3.117676,-0.216797,-67.504883,-122.253418,4.760742
1493852585.404581,-0.931641,2.666992,-0.187988,-72.021484,-130.371094,-70.373535
1493852585.407262,-0.595703,2.192383,-0.142090,-72.631836,-113.342285,-134.582520
1493852585.409954,-0.472656,1.660156,-0.032715,-80.322266,-81.298828,-267.028809
1493852585.412642,-0.429199,1.142090,0.035156,-108.764648,-45.898438,-386.840820
1493852585.415325,-0.523438,0.561035,0.177246,-149.963379,-12.695312,-478.515625
1493852585.418010,-0.715820,-0.159180,0.177246,-168.457031,20.202637,-547.546387
1493852585.420628,-0.702637,-0.738281,0.241699,-162.170410,42.785645,-605.834961
1493852585.423183,-0.824219,-1.313477,0.256836,-155.944824,56.579590,-651.428223
1493852585.425735,-0.904785,-1.856445,0.147461,-143.432617,61.157227,-676.208496
1493852585.428311,-1.123047,-2.231445,0.179199,-134.887695,33.081055,-666.137695
1493852585.430884,-1.289062,-2.379883,0.121094,-116.882324,42.724609,-609.558105
1493852585.433434,-1.588867,-2.472168,-0.049805,-106.506348,22.644043,-508.056641
1493852585.435985,-1.875977,-2.447754,0.046387,-91.857910,-5.493164,-365.112305
1493852585.438563,-2.097168,-2.114258,0.216309,-59.753418,-39.367676,-294.799805
1493852585.441213,-2.151855,-1.556641,0.307617,-9.460449,-68.359375,-152.282715
1493852585.443890,-2.028320,-0.955566,0.362305,38.818359,-87.036133,-55.847168
1493852585.446571,-1.755371,-0.460938,0.116211,80.505371,-99.853516,-10.314941
1493852585.449277,-1.294922,-0.080078,0.252930,112.792969,-100.708008,1.953125
1493852585.451980,-0.969727,0.301270,0.014160,142.211914,-116.882324,2.502441
1493852585.454659,-0.654297,0.576172,-0.026855,217.285156,-143.920898,-3.234863
1493852585.457341,-0.301758,0.719238,-0.065430,187.316895,-123.229980,-20.507812
1493852585.460029,-0.033691,0.796875,-0.179199,143.798828,-98.510742,-52.001953
1493852585.462710,0.197754,0.858398,-0.181641,118.164062,-69.458008,-95.520020
1493852585.465393,0.342773,0.847656,-0.263672,109.008789,-40.954590,-147.521973
1493852585.468078,0.165527,0.816895,-0.261719,83.923340,-15.502930,-198.120117
1493852585.470767,0.002441,0.679688,-0.443359,60.119629,2.258301,-236.328125
1493852585.473449,-0.220215,0.498535,-0.515137,34.667969,18.981934,-253.967285
1493852585.476129,-0.488281,0.281250,-0.631348,2.502441,25.817871,-255.798340
1493852585.478780,-0.736816,0.069824,-0.698730,-35.949707,35.522461,-251.525879
1493852585.481474,-0.854004,-0.342773,-0.664062,-79.345703,46.936035,-245.300293
1493852585.484027,-1.024414,-0.411133,-0.649902,-120.788574,46.752930,-238.464355
1493852585.486578,-1.153809,-0.735840,-0.730469,-161.560059,31.616211,-219.238281
1493852585.489172,-1.168945,-0.798828,-0.187988,-191.589355,11.230469,-209.045410
1493852585.491833,-1.277344,-0.969727,-0.189453,-207.153320,-33.325195,-190.979004
1493852585.494514,-1.247559,-1.087891,0.202637,-180.541992,-66.467285,-176.696777
1493852585.497196,-1.240234,-1.095703,0.282227,-136.474609,-99.304199,-142.150879
1493852585.499884,-1.212402,-0.870605,0.159668,-79.833984,-103.149414,-99.426270
1493852585.502571,-1.129883,-0.386719,-0.105469,-33.447266,-96.984863,-53.039551
1493852585.505250,-0.924805,-0.209473,-0.207520,-13.488770,-85.388184,-16.113281
1493852585.507938,-0.772949,0.043945,-0.245605,-16.418457,-85.144043,4.272461
1493852585.510624,-0.566406,0.145996,-0.075195,-28.747559,-96.069336,4.943848
1493852585.513306,-0.407227,0.134277,0.096191,-40.771484,-114.135742,-8.117676
1493852585.515992,-0.609375,0.091797,0.347656,-43.273926,-124.084473,-23.437500
1493852585.518697,-0.479492,0.059570,0.339355,-42.785645,-123.229980,-33.264160
1493852585.521398,-0.511230,0.073730,0.298828,-28.198242,-102.600098,-37.170410
1493852585.524084,-0.531250,0.114746,0.095215,-23.376465,-71.289062,-37.414551
1493852585.526767,-0.513672,0.159668,0.028320,-45.166016,-43.701172,-37.170410
1493852585.529438,-0.595703,0.240234,-0.042480,-57.678223,-32.592773,-42.541504
1493852585.532039,-0.639160,0.002930,-0.054688,-52.307129,-46.875000,-48.889160
1493852585.534595,-0.640137,0.058105,-0.039062,-54.016113,-36.071777,-53.161621
1493852585.537150,-0.688965,0.062012,0.005371,-43.884277,-47.485352,-53.161621
1493852585.539706,-0.739258,0.019043,0.025879,-32.775879,-56.335449,-52.246094
1493852585.542263,-0.702637,-0.119629,0.074219,-26.672363,-61.035156,-49.133301
1493852585.544813,-0.723633,-0.027344,0.193359,-26.733398,-59.692383,-46.325684
1493852585.547359,-0.688477,-0.041504,0.111328,-27.526855,-55.480957,-43.457031
1493852585.549991,-0.651855,-0.035156,0.141602,-26.489258,-46.630859,-38.940430
1493852585.552690,-0.664551,0.013672,0.099121,-24.536133,-39.611816,-32.958984
1493852585.555375,-0.626465,0.082031,0.097168,-22.277832,-34.484863,-27.832031
1493852585.558067,-0.634277,0.102051,0.100586,-21.667480,-34.179688,-24.658203
1493852585.560758,-0.629883,0.094238,0.044434,-19.348145,-33.020020,-25.329590
1493852585.563444,-0.643066,0.138672,-0.012207,-17.578125,-31.555176,-28.747559
1493852585.566127,-0.646973,0.136230,0.023926,-16.235352,-29.296875,-33.630371
1493852585.568813,-0.669434,0.130371,0.053223,-16.906738,-27.404785,-37.231445
1493852585.571497,-0.627930,0.141113,0.064941,-17.944336,-24.719238,-39.611816
1493852585.574179,-0.680176,0.070312,0.137695,-16.967773,-18.859863,-39.062500
1493852585.576863,-0.674316,0.087891,0.010742,-17.089844,-15.441895,-38.818359
1493852585.579556,-0.621094,0.065430,0.030273,-14.953613,-13.000488,-39.062500
1493852585.582248,-0.675781,0.048340,0.006348,-13.061523,-11.474609,-38.574219
1493852585.584934,-0.675781,0.011230,-0.003418,-13.427734,-9.765625,-39.428711
1493852585.587612,-0.672363,0.031250,-0.062012,-15.930176,-7.568359,-40.344238
1493852585.590267,-0.693359,0.027344,0.056152,-16.357422,-6.896973,-38.818359
1493852585.592815,-0.702637,0.028809,-0.020508,-15.502930,-5.554199,-37.231445
1493852585.595369,-0.685059,0.037109,0.024414,-14.770508,-6.713867,-32.592773
1493852585.597950,-0.715820,0.054199,-0.026855,-10.498047,-9.338379,-28.137207
1493852585.600598,-0.720215,0.050293,0.004883,-5.920410,-11.108398,-25.878906
1493852585.603277,-0.674316,0.013672,-0.059082,-3.845215,-10.498047,-26.733398
1493852585.605958,-0.660156,0.016602,-0.029297,-3.845215,-9.216309,-28.930664
1493852585.608665,-0.662109,-0.005371,0.009277,-3.845215,-6.652832,-30.578613
1493852585.611371,-0.713379,0.013184,-0.009277,-5.859375,-4.638672,-29.174805
1493852585.614053,-0.731445,0.029297,-0.085449,-6.042480,-4.455566,-25.756836
1493852585.616841,-0.695312,0.042480,-0.112793,-4.272461,-7.385254,-22.705078
1493852585.619525,-0.683105,0.063965,-0.021484,1.098633,-10.131836,-20.446777
1493852585.622210,-0.669434,0.056641,-0.018555,5.065918,-13.244629,-20.446777
1493852585.624889,-0.653809,0.031738,-0.038574,7.995605,-14.404297,-21.301270
1493852585.627570,-0.712402,0.030273,-0.003418,8.972168,-14.221191,-22.399902
1493852585.630253,-0.674316,0.015625,0.100586,8.850098,-12.573242,-23.559570
1493852585.632935,-0.668945,0.036621,-0.046875,9.399414,-12.329102,-23.498535
1493852585.635617,-0.676758,0.022949,0.011230,11.047363,-12.451172,-21.911621
1493852585.638299,-0.670410,0.034180,-0.015625,13.671875,-13.122559,-21.972656
1493852585.640909,-0.710449,0.046387,0.002930,16.906738,-13.793945,-21.484375
1493852585.643463,-0.634766,0.022949,0.042480,19.165039,-15.258789,-20.751953
1493852585.646017,-0.688477,0.072754,-0.005371,20.141602,-15.930176,-20.507812
1493852585.648577,-0.646973,0.059570,0.061523,20.263672,-14.709473,-21.179199
1493852585.651134,-0.694824,0.082031,0.029297,19.836426,-13.000488,-21.179199
1493852585.653688,-0.662109,0.056641,0.067871,19.653320,-11.596680,-22.277832
1493852585.656242,-0.649902,0.058105,0.043457,19.104004,-10.375977,-22.888184
1493852585.658830,-0.627930,0.067383,-0.005859,18.310547,-10.192871,-23.376465
1493852585.661488,-0.614746,0.071777,-0.090820,19.409180,-9.887695,-23.437500
1493852585.664168,-0.646484,0.088867,0.004883,18.981934,-9.765625,-24.291992
1493852585.666851,-0.586914,0.074219,-0.003418,18.310547,-9.155273,-24.902344
1493852585.669536,-0.517090,0.058594,0.034180,15.563965,-7.812500,-26.916504
1493852585.672223,-0.638184,0.054199,-0.043945,13.916016,-7.812500,-27.648926
1493852585.674904,-0.673340,0.054199,-0.026367,13.977051,-6.713867,-27.526855
1493852585.677586,-0.604980,0.060059,-0.118652,12.756348,-5.493164,-27.526855
1493852585.680382,-0.683105,0.058105,-0.035156,12.573242,-5.676270,-26.245117
1493852585.683062,-0.674805,0.039062,-0.061523,13.366699,-6.896973,-24.902344
1493852585.685742,-0.641113,0.047852,-0.038086,14.404297,-9.399414,-23.559570
1493852585.688447,-0.696289,0.034180,-0.069336,15.869141,-11.108398,-24.108887
1493852585.691153,-0.671387,0.030762,-0.097656,17.028809,-11.596680,-24.658203
1493852585.693833,-0.659668,0.015137,-0.037109,17.395020,-12.451172,-25.451660
1493852585.696517,-0.674805,0.123535,-0.056152,18.310547,-12.878418,-25.268555
1493852585.699162,-0.681152,0.010742,-0.078125,17.333984,-13.610840,-24.658203
1493852585.701739,-0.645508,0.028809,0.034180,18.066406,-15.136719,-23.010254
1493852585.704296,-0.658691,0.042480,-0.065430,19.958496,-16.906738,-21.301270
1493852585.706853,-0.660156,0.038086,-0.033203,19.897461,-17.700195,-20.141602
1493852585.709477,-0.628418,0.048340,-0.027344,19.592285,-18.737793,-21.240234
1493852585.712172,-0.684570,0.045898,0.062012,20.996094,-18.554688,-22.888184
1493852585.714854,-0.619629,0.062988,-0.069336,19.287109,-18.005371,-23.742676
1493852585.717535,-0.623535,0.025391,0.005371,18.005371,-17.700195,-25.207520
1493852585.720226,-0.660156,0.056152,-0.024414,17.150879,-18.310547,-25.878906
1493852585.722911,-0.646484,0.032715,0.021973,18.249512,-18.005371,-26.123047
1493852585.725595,-0.613281,0.043945,0.019043,19.104004,-17.639160,-26.306152
1493852585.728289,-0.678223,0.041504,0.058105,18.310547,-17.761230,-27.221680
1493852585.730977,-0.645508,0.034180,-0.039062,16.906738,-17.333984,-28.625488
1493852585.733658,-0.665039,0.017578,0.010742,16.296387,-16.052246,-29.296875
1493852585.736340,-0.654785,0.037109,0.031738,17.333984,-15.869141,-29.968262
1493852585.738993,-0.630859,0.034180,0.105469,15.930176,-15.808105,-29.846191
1493852585.741575,-0.660156,0.019043,0.114258,15.075684,-15.808105,-29.785156
1493852585.744128,-0.668945,0.015625,-0.113770,16.723633,-15.991211,-29.174805
1493852585.746681,-0.655762,0.012207,0.017090,16.113281,-16.357422,-29.113770
1493852585.749258,-0.696777,0.026367,0.092285,15.502930,-16.906738,-28.930664
1493852585.751838,-0.645508,0.031250,-0.084961,16.662598,-17.089844,-29.602051
1493852585.754504,-0.654785,0.031738,0.022949,16.845703,-17.761230,-30.273438
1493852585.757056,-0.685059,0.021484,-0.001465,18.188477,-19.348145,-30.822754
1493852585.759691,-0.672852,0.051758,-0.038086,17.395020,-19.104004,-32.226562
1493852585.762400,-0.682129,0.036133,0.002441,17.822266,-18.737793,-32.836914
1493852585.765082,-0.678223,0.019043,-0.029297,18.432617,-19.104004,-32.775879
1493852585.767771,-0.636230,0.007324,-0.118164,18.737793,-19.287109,-33.142090
1493852585.770461,-0.713867,0.009766,-0.018555,19.226074,-18.859863,-34.057617
1493852585.773143,-0.677246,0.026367,-0.060059,18.981934,-19.165039,-34.729004
1493852585.775825,-0.698730,0.002930,-0.002930,18.737793,-20.080566,-35.339355
1493852585.778511,-0.706543,-0.110352,0.009277,20.019531,-21.423340,-36.315918
1493852585.781193,-0.733398,0.016602,-0.009277,23.681641,-22.033691,-37.109375
1493852585.783875,-0.660645,0.015137,-0.005859,23.132324,-22.766113,-36.987305
1493852585.786560,-0.717773,-0.005371,-0.041504,24.108887,-22.644043,-36.437988
1493852585.789234,-0.689941,0.012695,-0.033203,26.428223,-23.681641,-36.010742
1493852585.791840,-0.706543,-0.016113,-0.080566,27.770996,-24.719238,-35.461426
1493852585.794393,-0.692871,-0.033691,0.016602,27.160645,-25.573730,-30.334473
1493852585.796945,-0.687988,-0.015137,-0.002441,26.489258,-24.780273,-26.794434
1493852585.799563,-0.719238,0.112793,-0.056641,27.709961,-24.963379,-25.451660
1493852585.802178,-0.743164,0.021484,0.026367,28.503418,-26.367188,-29.418945
1493852585.804727,-0.706055,0.038574,-0.039551,31.127930,-26.794434,-35.583496
1493852585.807277,-0.735352,0.013672,0.044434,32.287598,-27.526855,-39.184570
1493852585.809911,-0.733887,0.048340,-0.003418,34.606934,-28.198242,-39.733887
1493852585.812616,-0.716797,0.015625,-0.116699,33.813477,-27.770996,-38.635254
1493852585.815302,-0.748047,0.031738,0.002441,32.287598,-28.137207,-38.146973
1493852585.817993,-0.745117,0.051758,0.053711,31.799316,-28.808594,-38.940430
1493852585.820683,-0.873047,0.070312,0.082031,27.770996,-31.372070,-39.611816
1493852585.823370,-0.757324,0.075684,0.162109,25.390625,-34.301758,-39.550781
1493852585.826052,-0.760742,0.083496,0.208496,27.160645,-33.508301,-39.367676
1493852585.828741,-0.748047,0.126465,0.041504,30.944824,-31.555176,-40.588379
1493852585.831430,-0.714844,0.109863,0.098633,28.930664,-29.052734,-41.931152
1493852585.834116,-0.696777,0.093262,0.125977,27.038574,-27.770996,-61.035156
1493852585.836800,-0.709961,0.075195,0.079590,26.733398,-26.611328,-48.950195
1493852585.839486,-0.752930,0.069824,0.122070,24.902344,-25.390625,-52.307129
1493852585.842173,-0.784668,0.077148,0.124512,25.146484,-24.841309,-54.443359
1493852585.844857,-0.758789,0.085938,0.110840,23.864746,-24.108887,-55.419922
1493852585.847539,-0.818359,0.087891,0.182129,23.254395,-24.536133,-55.419922
1493852585.850168,-0.795898,0.108398,0.144043,21.545410,-24.902344,-54.748535
1493852585.852720,-0.802246,0.026855,0.112305,21.057129,-27.038574,-54.687500
1493852585.855277,-0.811035,0.164062,0.201172,20.507812,-28.686523,-56.518555
1493852585.857877,-0.810547,0.150879,0.092773,19.531250,-28.320312,-59.265137
1493852585.860547,-0.815918,0.161621,0.174805,17.883301,-28.564453,-63.293457
1493852585.863227,-0.824219,0.154297,0.089355,16.418457,-28.869629,-67.199707
1493852585.865908,-0.792480,0.169434,0.114746,12.207031,-28.320312,-70.678711
1493852585.868591,-0.864746,0.154297,0.114746,8.666992,-27.282715,-73.913574
1493852585.871272,-0.759277,0.172852,0.085449,6.164551,-27.648926,-76.538086
1493852585.873948,-0.907715,0.202148,0.084961,0.610352,-28.991699,-80.017090
1493852585.876629,-0.888184,0.153809,0.002930,-1.831055,-30.761719,-83.801270
1493852585.879321,-0.936035,0.169434,0.026855,-2.014160,-31.433105,-87.280273
1493852585.882010,-0.910156,0.182617,0.039062,-2.685547,-32.714844,-90.270996
1493852585.884688,-0.958008,0.146484,0.114746,-3.540039,-35.095215,-93.383789
1493852585.887367,-0.970703,0.144531,0.062012,-5.371094,-36.865234,-96.557617
1493852585.890082,-0.972168,0.165527,0.045410,-7.812500,-38.024902,-98.876953
1493852585.892802,-0.969727,0.164551,0.055176,-9.155273,-39.367676,-100.219727
1493852585.895599,-0.883789,0.171875,0.071289,-10.620117,-41.564941,-104.919434
1493852585.898274,-1.060547,0.203125,0.017090,-11.108398,-44.616699,-107.238770
1493852585.900882,-1.017578,0.197266,0.029297,-13.793945,-47.668457,-124.511719
1493852585.903438,-1.060059,0.219238,-0.035156,-16.967773,-49.133301,-110.534668
1493852585.905993,-1.044434,0.224121,0.008789,-18.615723,-51.330566,-114.807129
1493852585.908550,-1.041992,0.175293,-0.040527,-18.737793,-51.940918,-120.666504
1493852585.911107,-1.059570,0.179688,-0.086914,-17.395020,-54.321289,-125.671387
1493852585.913658,-1.037109,0.138672,-0.123047,-16.601562,-55.603027,-128.173828
1493852585.916208,-1.081543,0.152344,-0.053711,-16.723633,-57.434082,-130.798340
1493852585.918808,-1.074219,0.152344,-0.091797,-16.967773,-57.495117,-134.582520
1493852585.921484,-1.060059,0.164062,-0.205566,-17.944336,-57.556152,-138.122559
1493852585.924172,-1.105469,0.110840,-0.094238,-16.174316,-57.800293,-141.601562
1493852585.926857,-1.097656,0.121094,-0.200684,-16.723633,-56.823730,-142.883301
1493852585.929550,-1.229492,0.140625,-0.148438,-15.625000,-56.701660,-146.179199
1493852585.932242,-1.142090,0.146484,-0.171387,-15.808105,-56.945801,-149.841309
1493852585.934926,-1.139160,0.177734,-0.227051,-15.258789,-57.189941,-153.564453
1493852585.937612,-1.131348,0.218750,-0.154785,-11.596680,-58.471680,-171.752930
1493852585.940347,-1.172852,0.230469,-0.179688,-8.605957,-59.753418,-158.386230
1493852585.943033,-1.156250,0.241699,-0.183594,-7.751465,-59.997559,-160.827637
1493852585.945716,-1.181641,0.266113,-0.205566,-8.422852,-59.509277,-163.940430
1493852585.948401,-1.213867,0.264648,-0.041504,-8.972168,-59.936523,-167.663574
1493852585.951085,-1.190918,0.334961,-0.128906,-4.821777,-59.875488,-171.081543
1493852585.953764,-1.357422,0.430176,-0.084961,-6.286621,-62.561035,-174.377441
1493852585.956492,-1.289062,0.511230,-0.005859,-11.474609,-65.185547,-179.199219
1493852585.959179,-1.332031,0.587891,-0.106934,-17.639160,-65.917969,-180.419922
1493852585.961751,-1.356445,0.693359,-0.090332,-18.920898,-65.307617,-182.617188
1493852585.964303,-1.407227,0.728027,0.048828,-24.047852,-64.147949,-184.265137
1493852585.966904,-1.452637,0.733398,-0.028320,-33.996582,-63.293457,-187.744141
1493852585.969546,-1.453613,0.726074,-0.091309,-47.790527,-61.279297,-193.847656
1493852585.972188,-1.444824,0.690430,-0.031738,-57.861328,-58.532715,-200.317383
1493852585.974829,-1.450684,0.657715,-0.154785,-64.086914,-56.274414,-208.251953
1493852585.977581,-1.427734,0.523438,-0.210449,-70.434570,-53.405762,-217.224121
1493852585.980289,-1.406250,0.591797,-0.318848,-76.354980,-51.025391,-227.966309
1493852585.982929,-1.393555,0.548828,-0.335938,-77.941895,-49.011230,-239.013672
1493852585.985587,-1.382324,0.513672,-0.216797,-78.369141,-48.034668,-252.014160
1493852585.988272,-1.385254,0.513184,-0.233887,-77.087402,-46.569824,-266.357422
1493852585.990959,-1.446777,0.410156,-0.138672,-76.416016,-42.785645,-289.550781
1493852585.993638,-1.532227,0.350586,-0.140625,-78.857422,-38.330078,-287.841797
1493852585.996315,-1.619629,0.323242,-0.128418,-81.604004,-36.010742,-300.354004
1493852585.999001,-1.729492,0.233398,-0.124023,-80.444336,-35.522461,-308.349609
1493852586.001688,-1.820312,0.210449,-0.026855,-78.674316,-36.926270,-312.683105
1493852586.004372,-1.975098,0.251465,0.034668,-76.354980,-42.785645,-313.354492
1493852586.007051,-1.973145,0.306641,0.109375,-78.552246,-50.964355,-309.204102
1493852586.009686,-1.973145,0.486816,0.050781,-83.435059,-62.133789,-304.870605
1493852586.012257,-1.833496,0.439941,-0.051758,-83.129883,-67.871094,-300.476074
1493852586.014808,-1.788574,0.536621,-0.193359,-75.866699,-68.115234,-298.461914
1493852586.017362,-1.691406,0.648926,-0.262695,-62.011719,-68.115234,-298.889160
1493852586.019993,-1.613281,0.679688,-0.331055,-45.837402,-71.716309,-299.194336
1493852586.022691,-1.558105,0.734863,-0.461426,-33.996582,-80.383301,-299.743652
1493852586.025376,-1.529297,0.698730,-0.410645,-28.320312,-94.482422,-301.940918
1493852586.028170,-1.478516,0.602051,-0.490723,-30.456543,-110.961914,-306.945801
1493852586.030862,-1.489746,0.496582,-0.342773,-34.912109,-122.436523,-313.842773
1493852586.033547,-1.382812,0.296387,-0.310547,-37.231445,-120.971680,-321.655273
1493852586.036232,-1.375977,0.121582,-0.392090,-37.414551,-108.276367,-329.895020
1493852586.038890,-1.291016,0.050293,-0.314941,-33.203125,-94.604492,-331.726074
1493852586.041481,-1.341309,0.031738,-0.371094,-16.113281,-85.815430,-324.401855
1493852586.044036,-1.212891,0.053711,-0.318848,6.286621,-84.167480,-301.330566
1493852586.046588,-1.134766,0.144043,-0.429199,30.090332,-87.524414,-294.006348
1493852586.049191,-1.090820,0.251953,-0.415527,49.682617,-94.238281,-264.465332
1493852586.051861,-1.090820,0.397461,-0.410645,58.044434,-100.402832,-234.069824
1493852586.054545,-1.017090,0.552734,-0.529785,55.847168,-104.370117,-205.993652
1493852586.057225,-0.937500,0.695312,-0.377930,53.039551,-105.895996,-184.265137
1493852586.059856,-0.837402,0.750488,-0.482910,50.781250,-102.844238,-166.503906
1493852586.062420,-0.711914,0.845703,-0.397461,58.898926,-92.346191,-154.174805
1493852586.064972,-0.479980,0.862793,-0.210938,79.956055,-68.969727,-147.521973
1493852586.067525,-0.320312,0.797363,0.044434,116.821289,-61.950684,-150.573730
1493852586.070141,-0.328613,0.796875,-0.124023,158.569336,-47.912598,-170.104980
1493852586.072824,-0.490234,0.587402,-0.170898,145.874023,-68.420410,-202.575684
1493852586.075510,-0.476562,0.270020,0.195312,104.125977,-82.824707,-244.140625
1493852586.078198,-0.461914,0.098633,0.058105,37.658691,-92.163086,-258.728027
1493852586.080886,-0.474121,-0.047363,-0.102539,-66.345215,-90.698242,-242.492676
1493852586.083569,-0.441406,-0.306152,0.048340,-149.719238,-79.956055,-183.166504
1493852586.086252,-0.390625,-0.499512,0.067871,-152.099609,-71.533203,-116.699219
1493852586.088944,-0.279297,-0.580566,0.036621,-98.449707,-61.401367,-44.860840
1493852586.091633,-0.310547,-0.460449,-0.147461,-41.442871,-54.077148,-12.878418
1493852586.094311,-0.245605,-0.170898,-0.163574,-12.023926,-44.494629,33.325195
1493852586.096989,-0.241211,0.160645,-0.358887,1.647949,-37.841797,64.331055
1493852586.099638,-0.236328,0.446777,-0.321777,5.676270,-33.508301,84.472656
1493852586.102221,-0.348633,0.725586,-0.470215,5.371094,-37.841797,99.060059
1493852586.104771,-0.405762,0.966797,-0.455566,-1.770020,-49.194336,108.642578
1493852586.107322,-0.402344,1.098145,-0.453125,-19.226074,-55.419922,110.656738
1493852586.109943,-0.433105,1.118652,-0.328125,-31.311035,-66.101074,104.980469
1493852586.112632,-0.263184,1.033691,-0.349609,-35.522461,-51.757812,92.163086
1493852586.115315,-0.293945,0.920898,-0.320312,-37.109375,-54.260254,77.148438
1493852586.118003,-0.255859,0.806152,-0.289062,-47.180176,-41.992188,62.194824
1493852586.120688,-0.154297,0.666016,-0.267090,-51.696777,-21.789551,49.560547
1493852586.123370,-0.044434,0.633301,-0.242676,-48.339844,-13.000488,42.114258
1493852586.126049,-0.071777,0.490723,-0.263184,-52.185059,-5.615234,39.794922
1493852586.128736,-0.069824,0.447754,-0.274902,-54.687500,-4.089355,43.762207
1493852586.131424,-0.077637,0.253418,-0.327637,-55.725098,-6.896973,50.903320
1493852586.134102,-0.086914,0.302246,-0.195312,-59.570312,-8.666992,54.138184
1493852586.136785,-0.142090,0.269531,-0.177246,-60.363770,-7.751465,76.660156
1493852586.139501,-0.145508,0.248535,-0.182617,-58.288574,-4.516602,66.772461
1493852586.142214,-0.127441,0.187500,-0.092773,-57.067871,0.183105,72.692871
1493852586.144897,-0.137695,0.174805,-0.157715,-52.978516,4.699707,79.711914
1493852586.147576,-0.140625,0.102051,-0.190430,-48.950195,8.178711,88.195801
1493852586.150259,-0.112793,0.093750,-0.143066,-43.457031,8.056641,97.595215
1493852586.152812,-0.135254,0.071777,-0.209961,-40.283203,7.751465,108.642578
1493852586.155360,-0.231934,0.060547,-0.187500,-37.475586,6.713867,118.896484
1493852586.157928,-0.181152,0.064453,-0.181152,-32.470703,5.737305,127.990723
1493852586.160496,-0.136230,0.095703,-0.209961,-29.174805,6.347656,137.390137
1493852586.163046,-0.152344,0.064453,-0.142578,-27.099609,7.995605,146.240234
1493852586.165708,-0.188477,0.106445,-0.181641,-24.230957,9.887695,155.151367
1493852586.168305,-0.221680,0.121094,-0.259766,-22.094727,10.375977,164.367676
1493852586.170977,-0.369141,0.149902,-0.171875,-19.042969,11.779785,173.278809
1493852586.173660,-0.256836,0.160156,-0.187012,-17.700195,12.695312,182.312012
1493852586.176341,-0.234375,0.183594,-0.234863,-16.418457,12.390137,202.514648
1493852586.179023,-0.308594,0.200684,-0.201172,-14.160156,13.061523,194.213867
1493852586.181711,-0.264648,0.219238,-0.217773,-14.282227,12.023926,217.224121
1493852586.184405,-0.265625,0.205566,-0.181152,-11.108398,12.512207,208.190918
1493852586.187032,-0.282227,0.201172,-0.145996,-11.840820,13.244629,215.393066
1493852586.189655,-0.313965,0.245605,-0.220703,-10.375977,14.343262,221.618652
1493852586.192330,-0.294434,0.229980,-0.230469,-10.375977,14.709473,227.966309
1493852586.195037,-0.311035,0.256836,-0.116211,-11.291504,14.892578,232.849121
1493852586.197794,-0.302734,0.246094,-0.163574,-10.375977,15.625000,237.792969
1493852586.200504,-0.302246,0.273926,-0.047852,-9.033203,17.028809,241.760254
1493852586.203099,-0.333008,0.250488,-0.090820,-9.338379,18.615723,246.582031
1493852586.205649,-0.307617,0.275391,-0.160156,-7.934570,20.385742,251.647949
1493852586.208246,-0.284668,0.277832,-0.141113,-8.666992,21.606445,255.126953
1493852586.210841,-0.358887,0.272949,-0.087402,-8.056641,23.742676,258.605957
1493852586.213388,-0.351562,0.296387,-0.140137,-9.033203,26.062012,261.474609
1493852586.215935,-0.356934,0.326660,-0.220703,-8.911133,29.541016,262.145996
1493852586.218508,-0.354492,0.312012,-0.081543,-9.521484,31.433105,280.822754
1493852586.221081,-0.366211,0.326172,-0.154297,-9.094238,33.325195,267.822266
1493852586.223624,-0.398438,0.308594,-0.179688,-9.948730,35.949707,269.897461
1493852586.226166,-0.417969,0.337402,-0.250000,-9.338379,37.536621,272.399902
1493852586.228724,-0.408203,0.323242,-0.192383,-8.300781,38.818359,274.230957
1493852586.231280,-0.443359,0.286621,-0.187500,-8.728027,39.245605,275.695801
1493852586.233827,-0.434570,0.283203,-0.150391,-8.789062,40.771484,277.526855
1493852586.236375,-0.483887,0.295898,-0.254883,-9.643555,43.029785,278.686523
1493852586.238936,-0.489258,0.277344,-0.154297,-9.826660,43.945312,281.555176
1493852586.241496,-0.528320,0.272461,-0.224121,-10.009766,44.921875,283.874512
1493852586.244041,-0.511230,0.265625,-0.226562,-11.718750,46.997070,286.743164
1493852586.246587,-0.508789,0.369141,-0.190430,-12.268066,48.095703,289.611816
1493852586.249182,-0.505371,0.144043,-0.128906,-12.451172,49.133301,293.151855
1493852586.251781,-0.522461,0.272461,-0.222168,-14.282227,49.621582,296.142578
1493852586.254333,-0.593262,0.241699,-0.136230,-15.319824,52.246094,300.231934
1493852586.256881,-0.580566,0.263184,-0.232422,-15.747070,53.955078,303.466797
1493852586.259501,-0.597656,0.275879,-0.294922,-17.639160,54.687500,304.809570
1493852586.262122,-0.608887,0.271484,-0.245605,-18.432617,55.847168,307.312012
1493852586.264672,-0.607910,0.252930,-0.242188,-19.592285,58.227539,310.241699
1493852586.267221,-0.631348,0.233398,-0.362793,-20.263672,61.157227,312.988281
1493852586.269773,-0.642090,0.255371,-0.297852,-20.202637,64.392090,315.368652
1493852586.272326,-0.620605,0.234375,-0.130371,-23.132324,66.040039,317.749023
1493852586.274877,-0.618652,0.225586,-0.283691,-24.597168,68.969727,321.289062
1493852586.277425,-0.664062,0.238770,-0.333984,-26.794434,72.265625,323.059082
1493852586.280066,-0.651855,0.241699,-0.141113,-27.404785,75.683594,326.232910
1493852586.282780,-0.651855,0.270996,-0.255859,-29.418945,79.040527,327.819824
1493852586.285460,-0.713867,0.236816,-0.212891,-28.747559,82.397461,330.261230
1493852586.288143,-0.726562,0.274902,-0.325684,-30.822754,85.388184,331.542969
1493852586.290760,-0.760254,0.314453,-0.299316,-31.982422,89.416504,333.251953
1493852586.293309,-0.796875,0.272949,-0.261230,-32.165527,91.491699,334.533691
1493852586.295859,-0.814453,0.290527,-0.382812,-32.714844,94.909668,336.853027
1493852586.298415,-0.864746,0.373047,-0.290527,-31.982422,97.106934,337.524414
1493852586.301085,-0.890137,0.263184,-0.316406,-32.653809,98.693848,338.012695
1493852586.303636,-0.912109,0.268066,-0.272461,-31.005859,99.426270,338.867188
1493852586.306178,-0.955566,0.251953,-0.352051,-31.921387,102.111816,339.477539
1493852586.308766,-0.994629,0.265137,-0.408691,-32.165527,104.187012,341.491699
1493852586.311431,-1.037598,0.271484,-0.386719,-32.714844,105.712891,343.078613
1493852586.314112,-1.058105,0.273926,-0.314941,-31.372070,107.849121,343.078613
1493852586.316797,-1.065918,0.280762,-0.314941,-31.188965,110.717773,342.956543
1493852586.319485,-1.023926,0.263184,-0.351562,-31.066895,111.999512,342.407227
1493852586.322178,-1.184570,0.141113,-0.347168,-29.907227,115.905762,341.796875
1493852586.324940,-1.201660,0.244141,-0.291992,-30.029297,118.530273,342.407227
1493852586.327705,-1.203613,0.229980,-0.302734,-30.212402,120.178223,342.590332
1493852586.330395,-1.296387,0.192383,-0.307129,-31.066895,122.070312,343.078613
1493852586.333083,-1.270996,0.203613,-0.360840,-26.916504,125.183105,341.247559
1493852586.335768,-1.338379,0.171387,-0.288574,-22.277832,128.417969,339.965820
1493852586.338482,-1.403320,0.183105,-0.378906,-22.033691,130.432129,339.538574
1493852586.341197,-1.433594,0.192383,-0.389648,-23.376465,130.920410,339.721680
1493852586.343882,-1.493652,0.206543,-0.333008,-22.644043,132.263184,340.942383
1493852586.346565,-1.581543,0.202637,-0.327637,-21.911621,134.460449,341.796875
1493852586.349226,-1.588867,0.164551,-0.410156,-22.216797,136.779785,339.477539
1493852586.351815,-1.609863,0.140137,-0.453613,-20.446777,140.319824,336.486816
1493852586.354364,-1.636230,0.073730,-0.296387,-20.935059,145.019531,332.824707
1493852586.356916,-1.675781,0.014648,-0.427246,-20.385742,149.169922,331.176758
1493852586.359488,-1.767090,-0.048340,-0.359863,-22.094727,150.817871,331.970215
1493852586.362059,-1.787109,-0.088867,-0.429199,-24.169922,152.893066,333.679199
1493852586.364607,-1.828613,-0.100586,-0.495605,-22.644043,154.235840,337.341309
1493852586.367160,-1.816895,-0.144531,-0.391113,-24.841309,157.287598,339.172363
1493852586.369777,-1.850098,-0.226562,-0.235840,-27.160645,159.484863,341.552734
1493852586.372393,-1.848633,-0.341309,-0.031250,-30.456543,161.926270,342.712402
1493852586.374944,-1.808105,-0.442383,0.013184,-28.564453,166.687012,341.613770
1493852586.377492,-1.794434,-0.481934,0.032715,-27.343750,172.912598,342.285156
1493852586.380220,-1.773438,-0.470703,-0.004395,-25.329590,176.879883,342.285156
1493852586.382904,-1.835938,-0.416504,0.062988,-26.367188,174.316406,344.177246
1493852586.385589,-1.874512,-0.388184,0.213379,-27.099609,171.936035,346.191406
1493852586.388276,-1.872559,-0.385742,0.062012,-22.583008,170.166016,346.374512
1493852586.390959,-1.878906,-0.407227,0.104980,-14.770508,169.616699,340.698242
1493852586.393646,-1.843750,-0.411621,0.164551,-8.605957,168.579102,330.566406
1493852586.396328,-1.814941,-0.424805,0.130371,-5.615234,167.053223,315.246582
1493852586.398978,-1.794922,-0.433594,0.206543,-7.080078,163.269043,299.194336
1493852586.401561,-1.838867,-0.462891,0.078125,-8.300781,157.470703,285.705566
1493852586.404110,-1.843262,-0.388672,0.104980,-12.268066,152.038574,275.634766
1493852586.406658,-1.872559,-0.546387,0.043457,-18.188477,148.010254,273.010254
1493852586.409225,-1.861328,-0.579590,0.180176,-22.888184,144.836426,268.066406
1493852586.411789,-1.912598,-0.690430,0.179199,-28.381348,139.038086,262.939453
1493852586.414335,-1.903809,-0.769043,0.178711,-46.264648,134.216309,257.568359
1493852586.416882,-1.838867,-0.909180,0.228027,-32.104492,130.187988,250.488281
1493852586.419499,-1.849121,-1.119629,0.248047,-30.273438,129.211426,241.455078
1493852586.422189,-1.829102,-1.166992,0.047852,-25.939941,110.168457,232.116699
1493852586.424869,-1.809082,-1.298828,0.046387,-22.827148,119.506836,222.961426
1493852586.427545,-1.793945,-1.442871,-0.002930,-19.592285,112.854004,213.867188
1493852586.430236,-1.669434,-1.577637,-0.032715,-16.296387,106.445312,201.660156
1493852586.432918,-1.634277,-1.697266,0.062012,-12.756348,100.402832,186.706543
1493852586.435708,-1.597656,-1.851074,0.189941,-6.774902,93.811035,169.555664
1493852586.438392,-1.515625,-1.902832,0.177246,0.061035,89.050293,152.465820
1493852586.441079,-1.499512,-1.946289,0.301758,7.324219,83.190918,135.253906
1493852586.443753,-1.476562,-1.926758,0.317871,14.404297,77.270508,119.506836
1493852586.446432,-1.464355,-1.910645,0.454590,19.775391,70.434570,103.454590
1493852586.449080,-1.435547,-1.868652,0.388184,23.437500,64.758301,88.134766
1493852586.451661,-1.419922,-1.835938,0.510742,27.893066,57.312012,63.903809
1493852586.454211,-1.447266,-1.800293,0.609863,29.418945,49.621582,60.424805
1493852586.456758,-1.438477,-1.708496,0.506836,32.043457,37.658691,33.386230
1493852586.459354,-1.351562,-1.677246,0.487793,16.357422,30.090332,1.892090
1493852586.462018,-1.318848,-1.665039,0.486328,30.151367,24.780273,-24.108887
1493852586.464700,-1.287109,-1.724121,0.452637,24.658203,16.967773,-40.588379
1493852586.467381,-1.312012,-1.798340,0.517090,19.653320,4.760742,-50.231934
1493852586.470100,-1.272949,-1.727051,0.460938,17.822266,-9.216309,-57.617188
1493852586.472779,-1.231934,-1.667480,0.313477,17.150879,-23.132324,-68.054199
1493852586.475456,-1.289551,-1.597656,0.302734,15.014648,-45.532227,-75.195312
1493852586.478145,-1.276855,-1.541504,0.407715,10.070801,-59.875488,-80.627441
1493852586.480835,-1.249512,-1.265137,0.442871,-1.708984,-45.349121,-83.862305
1493852586.483515,-1.356445,-0.785156,0.724121,-16.296387,-34.240723,-88.806152
1493852586.486199,-1.910645,-0.101074,-0.790039,-99.975586,-66.772461,-101.684570
1493852586.488890,-1.522461,-0.127441,1.226074,-179.504395,-21.423340,-141.967773
1493852586.491575,-0.916504,-0.570312,1.054199,-146.362305,8.666992,-192.871094
1493852586.494255,-0.826660,-1.020996,1.058594,-40.039062,49.865723,-243.164062
1493852586.496936,-0.995605,-1.070312,-0.189453,1.037598,46.447754,-266.967773
1493852586.499564,-1.021484,-0.721191,0.685059,-6.591797,52.917480,-244.384766
1493852586.502127,-1.134277,0.037109,0.195312,-16.052246,59.692383,-182.556152
1493852586.504678,-1.449219,0.902344,-0.134277,-6.042480,44.067383,-135.803223
1493852586.507225,-1.659668,1.681641,-0.308105,9.643555,9.582520,-67.199707
1493852586.509829,-1.763672,2.250000,-0.372559,27.770996,-27.404785,-18.615723
1493852586.512509,-1.662109,2.598633,-0.369141,22.949219,-50.109863,2.563477
1493852586.515190,-1.506836,2.783203,-0.657715,30.578613,-69.091797,-16.845703
1493852586.517893,-1.173340,2.627930,-0.350586,1.281738,-92.102051,-83.190918
1493852586.520589,-0.969727,2.287109,-0.182617,-17.395020,-121.337891,-186.218262
1493852586.523269,-0.719238,1.590332,0.136719,-44.921875,-131.347656,-302.307129
1493852586.525948,-0.614746,0.805176,0.326660,-56.945801,-113.952637,-411.376953
1493852586.528654,-0.538574,0.113281,0.443848,-65.673828,-74.645996,-506.164551
1493852586.531362,-0.589355,-0.637695,0.594727,-82.519531,-25.512695,-582.885742
1493852586.534046,-0.656250,-1.141113,0.367676,-89.050293,28.320312,-631.042480
1493852586.536731,-0.751465,-1.702637,0.229980,-83.251953,46.386719,-639.648438
1493852586.539418,-0.847168,-1.952637,-0.044434,-71.960449,44.616699,-606.689453
1493852586.542108,-1.208496,-2.098633,-0.123047,-65.734863,15.869141,-527.893066
1493852586.544788,-1.472656,-1.882812,-0.150879,-62.866211,3.173828,-414.123535
1493852586.547465,-1.738281,-1.619629,0.125488,-47.607422,-47.302246,-279.724121
1493852586.550092,-1.844727,-1.136230,0.131836,-23.681641,-83.190918,-162.231445
1493852586.552641,-1.724609,-0.607422,0.128906,10.009766,-105.834961,-88.073730
1493852586.555192,-1.507324,-0.162598,0.143555,32.836914,-111.938477,-67.199707
1493852586.557772,-1.234375,0.163574,0.044434,53.100586,-112.060547,-51.513672
1493852586.560424,-0.891602,0.431152,0.119141,71.411133,-107.177734,-59.997559
1493852586.563107,-0.554688,0.584961,-0.076172,83.251953,-99.304199,-80.505371
1493852586.565791,-0.267578,0.646973,-0.140625,87.097168,-91.735840,-106.628418
1493852586.568472,-0.080078,0.608887,-0.207031,83.923340,-77.514648,-135.375977
1493852586.571161,0.007812,0.566895,-0.250000,78.002930,-58.288574,-167.480469
1493852586.573955,0.007812,0.531250,-0.412598,60.485840,-41.809082,-194.763184
1493852586.576638,-0.187012,0.444824,-0.373047,21.789551,-24.658203,-212.524414
1493852586.579321,-0.360352,0.302734,-0.274902,1.403809,-14.587402,-216.796875
1493852586.582003,-0.462891,0.201172,-0.289062,-2.319336,-9.765625,-211.608887
1493852586.584682,-0.644531,0.058105,-0.433594,-17.578125,-8.483887,-202.880859
1493852586.587358,-0.812500,-0.074219,-0.278809,-33.020020,-5.126953,-196.594238
1493852586.590052,-0.888672,-0.217773,-0.361816,-45.837402,-0.793457,-196.411133
1493852586.592751,-0.965820,-0.289062,-0.319824,-56.518555,0.366211,-199.035645
1493852586.595431,-0.993652,-0.330566,-0.425781,-64.575195,-1.281738,-196.960449
1493852586.598104,-0.959961,-0.353027,-0.329590,-72.814941,-7.751465,-189.270020
1493852586.600713,-0.970215,-0.399902,-0.273438,-82.336426,-19.531250,-176.025391
1493852586.603262,-0.940430,-0.464844,-0.085449,-92.163086,-31.555176,-162.048340
1493852586.605812,-0.938965,-0.492676,-0.094238,-97.778320,-45.898438,-155.029297
1493852586.608390,-0.988281,-0.500977,0.012207,-102.661133,-59.204102,-139.526367
1493852586.611037,-0.945801,-0.505859,0.072754,-100.708008,-67.749023,-120.605469
1493852586.613724,-0.959961,-0.471680,0.075195,-89.477539,-71.899414,-100.341797
1493852586.616407,-0.985840,-0.378418,0.016602,-70.861816,-75.012207,-80.017090
1493852586.619092,-0.776855,-0.165527,0.013184,-51.574707,-76.904297,-60.668945
1493852586.621779,-0.709473,-0.095215,-0.024902,-34.667969,-79.833984,-45.593262
1493852586.624460,-0.664551,-0.022461,0.075195,-25.207520,-82.092285,-37.109375
1493852586.627143,-0.661621,0.040527,0.064941,-22.460938,-85.815430,-35.339355
1493852586.629825,-0.695312,0.075684,0.124512,-22.583008,-89.599609,-42.053223
1493852586.632504,-0.688477,0.024902,0.142578,-27.832031,-86.608887,-53.283691
1493852586.635182,-0.625977,-0.025879,0.174316,-29.602051,-77.270508,-62.500000
1493852586.637870,-0.641113,-0.065430,0.237305,-27.832031,-61.218262,-65.490723
1493852586.640557,-0.586914,-0.027344,-0.015625,-22.766113,-43.640137,-60.791016
1493852586.643240,-0.594727,0.016602,-0.083984,-21.789551,-32.531738,-51.086426
1493852586.645925,-0.632324,0.056152,-0.043457,-28.259277,-32.165527,-42.358398
1493852586.648582,-0.619629,0.055664,-0.113281,-29.968262,-34.545898,-37.048340
1493852586.651170,-0.615234,0.020996,-0.042480,-28.137207,-60.119629,-34.118652
1493852586.653717,-0.689941,0.015137,0.029297,-22.521973,-53.344727,-33.996582
1493852586.656268,-0.660645,0.020508,0.046387,-20.324707,-54.687500,-33.691406
1493852586.658844,-0.672852,0.026367,0.074219,-22.583008,-49.743652,-15.686035
1493852586.661470,-0.721191,0.048340,0.098633,-26.550293,-40.100098,-30.029297
1493852586.664114,-0.700684,0.086914,-0.049805,-28.503418,-31.982422,-27.221680
1493852586.666752,-0.682129,0.095703,0.002441,-29.357910,-26.977539,-24.902344
1493852586.669410,-0.649902,0.119141,-0.064453,-26.794434,-24.841309,-25.451660
1493852586.672092,-0.502930,0.101074,0.044434,-24.963379,-26.367188,-25.878906
1493852586.674777,-0.629883,0.081543,-0.024414,-21.545410,-26.550293,-27.954102
1493852586.677464,-0.623535,0.111816,0.080566,-18.615723,-25.939941,-28.686523
1493852586.680161,-0.639160,0.088867,-0.105957,-17.578125,-24.719238,-29.541016
1493852586.682845,-0.682129,0.077148,-0.019531,-16.784668,-24.291992,-29.846191
1493852586.685529,-0.663574,0.064453,0.008301,-18.188477,-23.498535,-29.541016
1493852586.688221,-0.660645,0.039062,0.036621,-15.747070,-22.338867,-27.343750
1493852586.690912,-0.699219,0.070312,0.098633,-14.465332,-22.033691,-25.146484
1493852586.693600,-0.703125,0.063965,0.094727,-13.793945,-19.836426,-23.803711
1493852586.696282,-0.724609,0.057617,0.002441,-13.061523,-19.348145,-23.071289
1493852586.698941,-0.666992,0.054688,-0.009766,-11.474609,-17.272949,-21.911621
1493852586.701530,-0.674805,0.066406,0.011230,-11.047363,-16.601562,-20.568848
1493852586.704078,-0.700684,0.060059,0.037109,-10.437012,-16.113281,-19.836426
1493852586.706630,-0.683105,0.058594,-0.005859,-9.765625,-14.831543,-19.592285
1493852586.709341,-0.659668,0.070801,-0.004395,-10.437012,-13.427734,-19.104004
1493852586.712014,-0.720215,0.057617,-0.019531,-8.911133,-12.451172,-19.348145
1493852586.714688,-0.676758,0.070312,-0.116211,-9.033203,-11.718750,-19.287109
1493852586.717365,-0.674805,0.045898,0.022949,-7.690430,-10.070801,-20.019531
1493852586.720064,-0.688477,0.044922,-0.014648,-6.347656,-9.216309,-20.690918
1493852586.722759,-0.714355,0.079590,-0.083496,-5.615234,-8.117676,-20.385742
1493852586.725435,-0.688477,0.052734,-0.005859,-4.760742,-7.812500,-21.057129
1493852586.728118,-0.660645,0.065918,-0.079590,-4.577637,-8.422852,-21.301270
1493852586.730800,-0.662109,0.070801,-0.034180,-1.770020,-9.399414,-21.301270
1493852586.733475,-0.705078,0.072266,-0.051758,0.488281,-10.375977,-20.202637
1493852586.736152,-0.684570,0.069824,0.002441,0.732422,-10.437012,-20.263672
1493852586.738854,-0.674316,0.052734,0.015137,3.112793,-11.901855,-20.385742
1493852586.741559,-0.651855,0.065430,-0.024414,5.249023,-11.596680,-21.301270
1493852586.744237,-0.687012,0.058594,0.002441,6.652832,-11.535645,-21.484375
1493852586.746916,-0.651855,0.082520,-0.055664,9.765625,-11.718750,-22.277832
1493852586.749554,-0.710449,0.086914,-0.027344,11.413574,-11.169434,-23.193359
1493852586.752128,-0.680664,0.090820,-0.046387,11.230469,-10.742188,-23.620605
1493852586.754683,-0.648926,0.071777,0.016113,12.573242,-10.742188,-23.498535
1493852586.757236,-0.652344,0.069824,0.034180,13.061523,-11.840820,-24.169922
1493852586.759873,-0.675781,0.061523,0.024902,12.939453,-12.023926,-24.597168
1493852586.762580,-0.618652,0.067871,-0.074707,13.549805,-12.695312,-24.475098
1493852586.765264,-0.614746,0.074219,0.086914,14.892578,-12.695312,-24.597168
1493852586.767946,-0.615723,0.079590,0.003418,16.052246,-12.878418,-24.658203
1493852586.770631,-0.545898,0.046875,0.010742,16.235352,-12.023926,-24.902344
1493852586.773312,-0.644531,0.076172,-0.038574,16.113281,-12.634277,-25.146484
1493852586.775993,-0.634766,0.046387,0.026855,17.150879,-12.756348,-25.146484
1493852586.779509,-0.610840,0.070312,-0.017578,15.808105,-12.817383,-24.108887
1493852586.783069,-0.635742,0.064453,-0.028809,16.601562,-13.610840,-22.399902
1493852586.785716,-0.614258,0.091309,-0.122559,16.235352,-14.465332,-22.338867
1493852586.788295,-0.638672,0.054199,0.085449,15.869141,-15.075684,-21.911621
1493852586.790874,-0.623047,0.047852,-0.092773,16.845703,-16.052246,-22.155762
1493852586.793425,-0.664062,0.024414,-0.015625,15.808105,-16.296387,-21.850586
1493852586.795974,-0.670410,0.037109,-0.051758,15.930176,-16.540527,-21.118164
1493852586.798537,-0.626465,0.054688,-0.111816,16.723633,-16.845703,-20.874023
1493852586.801100,-0.638672,0.001465,-0.060547,18.066406,-18.005371,-18.554688
1493852586.803647,-0.639160,-0.008301,-0.059570,20.324707,-20.690918,-15.380859
1493852586.806196,-0.700195,-0.010742,-0.067383,20.996094,-23.193359,-13.488770
1493852586.808821,-0.671387,0.012207,-0.058594,22.094727,-24.963379,-11.718750
1493852586.811447,-0.625977,0.067871,-0.082520,21.850586,-25.634766,-12.329102
1493852586.813994,-0.639160,0.065430,-0.017578,22.705078,-25.146484,-13.610840
1493852586.816543,-0.586914,0.090820,-0.020508,23.071289,-24.169922,-16.052246
1493852586.819122,-0.653809,0.049805,-0.037109,24.719238,-23.620605,-17.883301
1493852586.821706,-0.617676,0.090820,-0.090820,23.010254,-23.132324,-19.042969
1493852586.824257,-0.500977,0.075684,-0.056152,19.775391,-20.812988,-21.118164
1493852586.826808,-0.570312,0.093262,0.008301,18.249512,-18.981934,-23.193359
1493852586.829365,-0.612793,0.078125,-0.072266,17.700195,-15.930176,-24.169922
1493852586.831923,-0.637695,0.047852,-0.038574,15.258789,-13.366699,-25.573730
1493852586.834474,-0.615723,0.049805,-0.020508,15.075684,-12.634277,-27.221680
1493852586.837023,-0.647949,0.012695,0.054199,15.991211,-11.474609,-27.404785
1493852586.839577,-0.661621,0.004883,0.014648,16.601562,-11.962891,-26.977539
1493852586.842131,-0.697754,0.009277,0.032715,17.761230,-12.023926,-26.672363
1493852586.844683,-0.696777,0.000000,-0.033203,17.883301,-13.488770,-24.414062
1493852586.847370,-0.674805,0.028809,-0.067383,19.226074,-13.244629,-23.315430
1493852586.849917,-0.696777,0.031738,0.026367,19.836426,-14.709473,-22.705078
1493852586.852467,-0.672852,0.012695,0.016602,24.230957,-17.089844,-22.033691
1493852586.855017,-0.729980,0.004395,0.038086,25.146484,-19.348145,-19.897461
1493852586.857566,-0.719238,0.006836,-0.008789,27.404785,-21.789551,-17.761230
1493852586.860111,-0.723633,-0.028320,-0.051758,28.381348,-25.146484,-15.502930
1493852586.862659,-0.704102,0.024414,-0.041016,30.029297,-26.916504,-12.939453
1493852586.865206,-0.704590,0.040527,-0.052734,33.142090,-28.869629,-9.399414
1493852586.867827,-0.695312,0.058105,-0.030762,34.484863,-29.296875,-7.690430
1493852586.870471,-0.678223,0.028320,-0.020996,34.301758,-30.639648,-4.394531
1493852586.873023,-0.731445,0.006836,0.039062,35.522461,-31.921387,13.549805
1493852586.875571,-0.708008,0.049805,-0.033203,36.865234,-32.653809,1.647949
1493852586.878133,-0.672363,0.065918,-0.052734,38.696289,-32.287598,0.793457
1493852586.880694,-0.658691,0.103027,0.008789,38.757324,-31.738281,-0.549316
1493852586.883235,-0.733887,0.136719,-0.014648,36.193848,-32.226562,-8.422852
1493852586.885777,-0.651855,0.147461,0.040039,32.897949,-15.869141,-16.052246
1493852586.888346,-0.501465,0.134277,-0.004883,33.020020,-29.663086,-21.911621
1493852586.890923,-0.521484,0.119629,0.019531,33.996582,-28.259277,-25.817871
1493852586.893473,-0.735840,0.142090,-0.040527,32.226562,-26.611328,-28.015137
1493852586.896021,-0.720703,0.104004,0.022949,28.747559,-24.291992,-32.043457
1493852586.898602,-0.668945,0.023438,0.046387,27.954102,-21.301270,-33.386230
1493852586.901263,-0.668457,0.044434,-0.042480,27.648926,-21.911621,-32.165527
1493852586.903946,-0.636230,0.067383,0.004395,24.780273,-20.690918,-34.545898
1493852586.906629,-0.641113,0.050293,0.082520,23.803711,-20.507812,-39.733887
1493852586.909319,-0.646973,0.064453,-0.099121,23.498535,-18.188477,-43.395996
1493852586.912006,-0.675293,0.075195,-0.036133,24.719238,-17.456055,-43.701172
1493852586.914688,-0.679199,0.046387,-0.052734,22.827148,-17.761230,-43.212891
1493852586.917369,-0.695312,0.048340,0.018066,21.179199,-17.089844,-42.419434
1493852586.920076,-0.704102,0.044434,-0.093262,19.897461,-15.808105,-45.288086
1493852586.922783,-0.697754,0.022949,-0.013184,21.057129,-14.465332,-48.034668
1493852586.925469,-0.692383,0.037109,-0.042480,21.362305,-14.465332,-50.109863
1493852586.928160,-0.710449,0.024902,0.032227,23.986816,-14.282227,-51.513672
1493852586.930849,-0.734375,0.045898,-0.031250,25.207520,-14.221191,-53.894043
1493852586.933530,-0.743164,0.046387,-0.106445,26.428223,-14.099121,-55.114746
1493852586.936210,-0.766602,0.019043,0.040527,26.550293,-16.052246,-54.809570
1493852586.938869,-0.857422,0.000000,0.002441,29.052734,-18.310547,-54.443359
1493852586.941454,-0.772949,-0.009277,0.002441,32.287598,-19.042969,-53.344727
1493852586.944004,-0.804688,-0.008301,-0.041016,34.851074,-21.301270,-52.612305
1493852586.946558,-0.862793,0.027344,-0.071777,37.658691,-22.827148,-52.429199
1493852586.949154,-0.755371,0.020508,-0.015137,40.527344,-23.864746,-52.307129
1493852586.951827,-0.761230,0.058594,-0.069336,40.466309,-26.062012,-53.161621
1493852586.954511,-0.761230,0.067871,0.040527,38.635254,-28.930664,-55.114746
1493852586.957191,-0.811035,0.108887,-0.106445,38.818359,-31.372070,-56.823730
1493852586.959879,-0.784668,0.151855,0.004883,38.696289,-33.081055,-58.288574
1493852586.962565,-0.807617,0.166016,0.095215,34.301758,-34.545898,-59.692383
1493852586.965245,-0.843262,0.213867,0.166992,26.306152,-38.757324,-60.791016
1493852586.967934,-0.817871,0.362793,0.171387,22.460938,-39.428711,-59.936523
1493852586.970622,-0.790527,0.228027,0.044434,20.629883,-35.827637,-61.218262
1493852586.973306,-0.823242,0.158691,0.196777,22.583008,-33.752441,-63.110352
1493852586.975988,-0.825684,0.104004,0.105469,21.118164,-32.836914,-62.988281
1493852586.978677,-0.921387,0.056152,0.117188,20.385742,-35.156250,-54.748535
1493852586.981364,-0.941406,0.097656,0.029297,18.676758,-40.832520,-48.583984
1493852586.984046,-0.983887,0.177734,0.110352,14.831543,-46.020508,-51.086426
1493852586.986843,-0.947266,0.270020,0.116211,12.573242,-48.583984,-60.729980
1493852586.989483,-0.933105,0.308594,0.174316,12.145996,-49.194336,-73.120117
1493852586.992057,-0.953125,0.317871,0.134277,11.108398,-49.743652,-83.251953
1493852586.994609,-0.930664,0.342773,0.123047,7.934570,-49.438477,-92.163086
1493852586.997155,-0.917969,0.333008,0.110840,0.427246,-49.133301,-98.815918
1493852586.999761,-0.957031,0.275391,0.181152,-7.263184,-47.973633,-102.111816
1493852587.002439,-1.050781,0.246582,0.115234,-11.352539,-46.386719,-106.872559
1493852587.005122,-1.034180,0.197266,0.082031,-12.329102,-46.020508,-111.267090
1493852587.007804,-1.098633,0.178711,0.071289,-14.465332,-45.898438,-116.699219
1493852587.010486,-1.143066,0.190430,0.024902,-16.784668,-46.813965,-122.619629
1493852587.013170,-1.141113,0.222168,0.017090,-18.615723,-47.302246,-127.258301
1493852587.015853,-1.143066,0.191406,0.073242,-18.432617,-48.217773,-131.713867
1493852587.018539,-1.147949,0.202637,0.016113,-17.150879,-49.194336,-135.437012
1493852587.021227,-1.143066,0.181152,0.036133,-16.906738,-50.659180,-136.718750
1493852587.023910,-1.166992,0.164551,0.061523,-16.357422,-52.551270,-137.756348
1493852587.026593,-1.142578,0.196777,0.031738,-16.845703,-55.053711,-139.526367
1493852587.029280,-1.179688,0.195801,0.008301,-17.150879,-54.931641,-142.700195
1493852587.031975,-1.175781,0.224609,0.000977,-15.014648,-55.908203,-146.423340
1493852587.034657,-1.175293,0.253418,-0.096191,-15.808105,-56.213379,-148.254395
1493852587.037338,-1.136230,0.290527,0.026855,-15.502930,-56.274414,-150.329590
1493852587.039971,-1.171875,0.294434,0.098633,-15.686035,-58.166504,-153.381348
1493852587.042537,-1.162109,0.314941,0.091309,-15.930176,-58.898926,-155.395508
1493852587.045089,-1.204590,0.364746,0.181152,-18.798828,-60.180664,-155.395508
1493852587.047637,-1.328125,0.443359,0.077637,-22.338867,-62.622070,-155.029297
1493852587.050242,-1.316406,0.515625,0.125488,-28.686523,-64.880371,-171.020508
1493852587.052790,-1.345215,0.568359,0.042480,-34.973145,-64.514160,-157.409668
1493852587.055336,-1.344727,0.604492,-0.043457,-39.611816,-63.720703,-159.912109
1493852587.057915,-1.343262,0.575684,-0.020508,-42.114258,-63.415527,-165.649414
1493852587.060567,-1.488281,0.560547,-0.081543,-46.203613,-63.293457,-171.569824
1493852587.063246,-1.312012,0.615234,-0.122559,-47.546387,-64.147949,-176.940918
1493852587.065927,-1.370605,0.525391,-0.205078,-48.400879,-63.842773,-184.570312
1493852587.068609,-1.354980,0.527832,-0.235840,-48.645020,-62.316895,-190.612793
1493852587.071295,-1.386230,0.541992,-0.209961,-44.372559,-61.523438,-195.739746
1493852587.073975,-1.409668,0.604492,-0.291992,-43.762207,-62.988281,-200.012207
1493852587.076653,-1.422852,0.661133,-0.344238,-46.813965,-63.720703,-204.956055
1493852587.079338,-1.459961,0.662598,-0.361816,-46.691895,-46.936035,-208.618164
1493852587.082027,-1.450684,0.707031,-0.283203,-47.180176,-60.363770,-214.599609
1493852587.084711,-1.478027,0.777344,-0.394531,-50.720215,-57.250977,-221.618652
1493852587.087394,-1.403320,0.818359,-0.423340,-57.189941,-57.006836,-228.820801
1493852587.090024,-1.526855,0.878906,-0.474121,-65.185547,-54.809570,-233.764648
1493852587.092580,-1.560547,0.921387,-0.447754,-73.913574,-54.016113,-239.013672
1493852587.095134,-1.544922,0.923340,-0.450684,-80.993652,-54.809570,-242.675781
1493852587.097686,-1.540527,0.931152,-0.405762,-88.989258,-52.978516,-253.356934
1493852587.100358,-1.607422,0.853516,-0.287598,-101.623535,-50.170898,-267.456055
1493852587.103039,-1.575684,0.642578,-0.297363,-110.412598,-46.691895,-284.667969
1493852587.105718,-1.569824,0.541504,-0.156738,-116.210938,-43.334961,-305.358887
1493852587.108399,-1.634277,0.357422,-0.109375,-118.652344,-40.710449,-329.101562
1493852587.111083,-1.654785,0.189453,-0.138672,-118.530273,-40.161133,-354.309082
1493852587.113763,-1.708984,0.004883,0.019531,-120.178223,-39.611816,-377.014160
1493852587.116443,-1.750977,-0.067383,-0.016602,-119.506836,-40.588379,-391.967773
1493852587.119131,-1.735840,-0.034668,-0.003418,-95.642090,-43.395996,-397.338867
1493852587.121924,-1.817871,0.236816,-0.192383,-99.670410,-55.419922,-386.047363
1493852587.124604,-1.750977,0.541504,-0.378906,-98.632812,-74.157715,-359.008789
1493852587.127285,-1.746582,0.854004,-0.394043,-80.993652,-90.637207,-327.209473
1493852587.129915,-1.684570,0.843262,-0.380859,-87.158203,-101.318359,-300.598145
1493852587.132474,-1.577637,0.816406,-0.470215,-69.580078,-105.407715,-288.452148
1493852587.135024,-1.406250,0.763672,-0.417969,-46.203613,-110.717773,-293.640137
1493852587.137573,-1.328613,0.500000,-0.427246,-29.785156,-112.487793,-314.208984
1493852587.140193,-1.184570,0.257812,-0.492676,-28.137207,-109.680176,-343.688965
1493852587.142879,-1.079590,0.126953,-0.476562,-29.968262,-100.769043,-371.032715
1493852587.145564,-0.952637,0.026367,-0.439941,-25.512695,-88.684082,-375.244141
1493852587.148275,-0.914551,-0.023926,-0.511719,-13.549805,-77.636719,-380.493164
1493852587.150983,-0.931152,-0.053711,-0.400879,5.065918,-70.373535,-353.149414
1493852587.153662,-0.914062,0.013184,-0.473145,21.484375,-68.420410,-342.529297
1493852587.156346,-0.878906,0.113281,-0.441406,34.118652,-70.922852,-308.593750
1493852587.159034,-0.927734,0.200195,-0.434082,38.879395,-70.739746,-271.789551
1493852587.161721,-0.943848,0.378906,-0.548340,40.039062,-67.016602,-235.961914
1493852587.164403,-0.919922,0.568848,-0.532715,37.170410,-62.194824,-204.711914
1493852587.167084,-0.899902,0.744629,-0.624023,40.283203,-57.983398,-179.382324
1493852587.169718,-0.753418,0.861328,-0.615234,59.814453,-48.156738,-160.522461
1493852587.172287,-0.601074,0.937500,-0.433105,82.092285,-31.372070,-145.324707
1493852587.174842,-0.515137,0.986816,-0.245605,106.506348,-23.559570,-132.568359
1493852587.177420,-0.289062,0.928711,-0.250000,158.325195,8.605957,-127.136230
1493852587.180037,-0.287598,0.956055,0.049316,202.575684,7.202148,-138.244629
1493852587.182587,-0.416504,0.874512,-0.355469,191.101074,-12.817383,-164.489746
1493852587.185142,-0.416504,0.708984,-0.014648,149.108887,-26.977539,-195.678711
1493852587.187790,-0.338867,0.548340,-0.006836,95.520020,-30.761719,-208.129883
1493852587.190490,-0.423828,0.380371,-0.346680,-2.624512,-29.846191,-214.172363
1493852587.193135,-0.432617,0.123047,-0.123047,-99.792480,-27.038574,-192.016602
1493852587.195854,-0.385254,-0.143555,-0.070312,-130.493164,-28.686523,-147.094727
1493852587.198669,-0.405762,-0.386719,-0.082031,-96.984863,-29.296875,-64.575195
1493852587.201428,-0.423828,-0.414551,-0.213867,-47.363281,-36.804199,-45.532227
1493852587.203975,-0.411133,-0.294922,-0.207031,-26.672363,-38.696289,-3.356934
1493852587.206517,-0.351074,-0.031738,-0.242188,-28.198242,-35.217285,33.569336
1493852587.209104,-0.322266,0.255371,-0.253418,-32.043457,-28.991699,68.481445
1493852587.211696,-0.323242,0.620117,-0.380371,-34.362793,-22.460938,100.585938
1493852587.214249,-0.298828,0.858398,-0.423340,-35.461426,-22.033691,127.685547
1493852587.216799,-0.383789,0.921875,-0.490234,-42.968750,-26.489258,143.310547
1493852587.219353,-0.385742,1.018066,-0.480469,-58.532715,-37.719727,146.850586
1493852587.221905,-0.344238,1.059082,-0.325684,-70.373535,-46.875000,129.455566
1493852587.224454,-0.304688,1.084961,-0.263672,-71.655273,-54.565430,132.141113
1493852587.227004,-0.154297,0.946777,-0.252930,-66.528320,-46.203613,112.121582
1493852587.229558,-0.175293,0.854004,-0.280762,-62.377930,-34.240723,92.590332
1493852587.232111,-0.108398,0.716797,-0.222168,-54.138184,-26.672363,79.650879
1493852587.234660,-0.084961,0.617188,-0.199219,-51.635742,-12.939453,73.852539
1493852587.237207,-0.078125,0.529785,-0.252930,-53.100586,0.305176,74.462891
1493852587.239757,-0.080078,0.463379,-0.261230,-59.143066,9.338379,75.622559
1493852587.242304,-0.209473,0.427734,-0.294434,-65.124512,13.061523,79.040527
1493852587.244853,-0.127441,0.376465,-0.207520,-67.993164,13.305664,82.763672
1493852587.247404,-0.160156,0.355469,-0.187988,-68.237305,12.695312,86.059570
1493852587.250004,-0.205078,0.296387,-0.142090,-65.368652,11.962891,89.233398
1493852587.252612,-0.228027,0.253906,-0.147461,-60.791016,13.610840,94.238281
1493852587.255284,-0.206055,0.222656,-0.197754,-54.565430,30.395508,100.585938
1493852587.257882,-0.199219,0.177734,-0.140137,-50.292969,18.615723,109.375000
1493852587.260697,-0.248535,0.107422,-0.102051,-47.363281,20.019531,118.713379
1493852587.263387,-0.235840,0.075684,-0.177246,-45.043945,21.850586,128.662109
1493852587.266070,-0.132812,0.067383,-0.169922,-40.466309,20.263672,138.305664
1493852587.268735,-0.258789,0.064453,-0.192871,-37.414551,20.019531,147.766113
1493852587.271327,-0.248535,0.034668,-0.135254,-32.714844,17.761230,157.531738
1493852587.273880,-0.294922,0.043457,-0.114746,-30.212402,16.357422,162.353516
1493852587.276434,-0.283203,0.056152,-0.179199,-26.245117,15.930176,173.645020
1493852587.279031,-0.278320,0.056152,-0.180664,-24.658203,15.197754,183.288574
1493852587.281698,-0.333008,0.056152,-0.150879,-25.695801,15.197754,193.298340
1493852587.284387,-0.270996,0.115234,-0.206543,-24.291992,14.404297,202.087402
1493852587.287078,-0.307617,0.119629,-0.075684,-23.559570,14.465332,210.937500
1493852587.289722,-0.317871,0.118652,-0.121094,-22.460938,15.075684,219.299316
1493852587.292293,-0.342773,0.168945,-0.188965,-20.874023,14.587402,226.928711
1493852587.294844,-0.319824,0.179199,-0.070801,-20.812988,13.977051,232.116699
1493852587.297398,-0.316406,0.187500,-0.093262,-18.554688,14.221191,237.915039
1493852587.299951,-0.266602,0.184570,-0.123047,-17.089844,15.197754,243.041992
1493852587.302500,-0.476074,0.205566,-0.168945,-15.380859,15.747070,245.605469
1493852587.305047,-0.344727,0.197754,-0.145996,-13.671875,15.075684,252.502441
1493852587.307595,-0.461914,0.198730,-0.067383,-11.047363,14.953613,257.751465
1493852587.310190,-0.403809,0.187012,-0.109863,-9.033203,15.869141,261.718750
1493852587.312748,-0.280762,0.208984,-0.078125,-7.507324,16.235352,264.526367
1493852587.315301,-0.379883,0.239746,-0.140137,-4.638672,17.700195,269.775391
1493852587.317936,-0.399902,0.226562,-0.041504,-1.892090,18.005371,274.963379
1493852587.320594,-0.403320,0.231934,-0.108398,-0.854492,19.836426,280.029297
1493852587.323149,-0.402344,0.267578,-0.110840,0.610352,23.681641,285.278320
1493852587.325746,-0.439453,0.252930,-0.082031,2.319336,26.306152,289.672852
1493852587.328362,-0.415527,0.251465,-0.129883,3.356934,27.587891,291.076660
1493852587.331008,-0.430664,0.272461,-0.095703,4.455566,29.846191,294.372559
1493852587.333687,-0.489746,0.262695,-0.098633,4.089355,31.921387,296.936035
1493852587.336365,-0.595703,0.292969,-0.132324,4.760742,33.081055,296.813965
1493852587.339069,-0.508789,0.285156,-0.094238,6.774902,34.545898,297.302246
1493852587.341774,-0.507324,0.275879,-0.147461,6.652832,36.987305,297.912598
1493852587.344452,-0.498535,0.268066,-0.041504,7.019043,39.123535,297.912598
1493852587.347131,-0.507324,0.257812,-0.207031,5.432129,42.785645,298.950195
1493852587.349813,-0.537109,0.217773,-0.144531,4.455566,46.875000,301.818848
1493852587.352495,-0.539551,0.232422,-0.173828,3.417969,49.438477,306.213379
1493852587.355175,-0.544922,0.202148,-0.114746,3.662109,49.804688,310.485840
1493852587.357875,-0.560547,0.208984,-0.045898,2.990723,49.743652,311.035156
1493852587.360506,-0.544922,0.219238,-0.092773,3.173828,50.415039,310.668945
1493852587.363057,-0.591309,0.205078,-0.231445,3.234863,52.062988,310.424805
1493852587.365609,-0.568848,0.222168,-0.067383,3.417969,53.161621,312.622070
1493852587.368208,-0.587402,0.229004,-0.140137,2.502441,54.748535,313.781738
1493852587.370807,-0.607910,0.229004,-0.144531,-1.953125,59.204102,315.917969
1493852587.373356,-0.616699,0.240234,-0.187012,-6.652832,62.988281,317.260742
1493852587.375901,-0.632812,0.198730,-0.187012,-8.361816,65.490723,320.495605
1493852587.378551,-0.698242,0.223633,-0.181641,-11.535645,68.054199,322.692871
1493852587.381272,-0.685547,0.228027,-0.235840,-13.671875,69.763184,324.157715
1493852587.383953,-0.723633,0.361328,-0.168945,-19.470215,66.101074,326.049805
1493852587.386633,-0.785156,0.263672,-0.210449,-23.315430,61.950684,330.871582
1493852587.389323,-0.761719,0.215820,-0.019531,-24.108887,66.345215,334.533691
1493852587.392128,-0.818359,0.181641,-0.127930,-20.324707,79.040527,336.730957
1493852587.394816,-0.786621,0.166016,-0.214844,-18.371582,91.613770,334.106445
1493852587.397502,-0.810547,0.219238,-0.265625,-18.676758,97.778320,328.552246
1493852587.400220,-0.845215,0.265625,-0.323730,-22.521973,94.604492,326.477051
1493852587.402905,-0.882324,0.279297,-0.168457,-19.104004,91.247559,328.674316
1493852587.405587,-0.950684,0.273926,-0.263184,-18.127441,91.308594,333.190918
1493852587.408277,-0.966797,0.257812,-0.255859,-17.517090,96.740723,333.862305
1493852587.410966,-1.018555,0.297363,-0.142090,-20.690918,102.478027,330.505371
1493852587.413648,-1.029785,0.245605,-0.328613,-26.306152,105.407715,327.453613
1493852587.416330,-1.026367,0.234375,-0.257812,-27.648926,106.140137,327.880859
1493852587.418991,-1.015137,0.203613,-0.199219,-26.428223,106.750488,331.298828
1493852587.421580,-1.059570,0.151855,-0.185547,-28.503418,124.633789,333.496094
1493852587.424127,-1.106934,0.126953,-0.134766,-31.311035,114.013672,336.608887
1493852587.426673,-1.003906,0.139648,-0.219238,-35.095215,119.445801,337.890625
1493852587.429244,-1.166992,0.174805,-0.238770,-38.940430,122.619629,337.402344
1493852587.431815,-1.172852,0.210938,-0.302246,-36.682129,123.718262,336.730957
1493852587.434364,-1.222656,0.179199,-0.215820,-36.804199,123.962402,336.364746
