1493852590.082134,-0.654297,0.014648,-0.230469,16.723633,-26.000977,-15.319824
1493852590.084727,-0.675293,0.051758,-0.076172,19.470215,-25.512695,-14.465332
1493852590.087325,-0.656738,0.044922,-0.248047,16.479492,-26.916504,-14.587402
1493852590.089936,-0.684570,0.026855,-0.075684,16.174316,-26.855469,-14.587402
1493852590.092490,-0.690430,0.050781,-0.141113,16.662598,-26.306152,-15.563965
1493852590.095041,-0.645508,0.062012,-0.124512,17.028809,-26.794434,-14.465332
1493852590.097635,-0.667480,0.054688,-0.069336,20.141602,-27.648926,-14.404297
1493852590.100280,-0.662598,0.071777,-0.140137,21.667480,-28.259277,-15.319824
1493852590.102828,-0.654785,0.075684,-0.099609,22.949219,-29.357910,-15.808105
1493852590.105376,-0.633301,0.044434,-0.082031,24.353027,-29.602051,-0.305176
1493852590.107986,-0.645996,0.078613,-0.126953,26.184082,-29.235840,-16.235352
1493852590.110604,-0.643066,0.057617,-0.075684,28.076172,-29.479980,-16.479492
1493852590.113154,-0.735840,0.062988,-0.080566,26.855469,-27.893066,-18.249512
1493852590.116167,-0.671387,0.046875,-0.111328,27.160645,-28.015137,-19.714355
1493852590.119262,-0.628906,0.048828,-0.070312,29.541016,-29.113770,-20.996094
1493852590.121942,-0.679199,0.007812,-0.074219,33.264160,-31.188965,-20.385742
1493852590.124655,-0.667480,0.000000,-0.083984,36.560059,-32.409668,-20.324707
1493852590.127366,-0.674805,0.020508,-0.130859,38.269043,-34.057617,-19.287109
1493852590.130582,-0.650391,0.048828,-0.095215,38.696289,-34.973145,-18.615723
1493852590.133261,-0.687012,0.060059,-0.113281,36.010742,-33.752441,-18.432617
1493852590.135935,-0.658691,0.070312,-0.075195,35.949707,-16.601562,-19.409180
1493852590.138670,-0.665039,0.082520,-0.078125,36.071777,-29.785156,-20.263672
1493852590.141402,-0.683105,0.077148,-0.047852,36.132812,-29.663086,-22.338867
1493852590.144289,-0.665039,0.092773,-0.130371,33.691406,-28.625488,-23.437500
1493852590.147183,-0.640137,0.091309,-0.080078,30.578613,-25.085449,-24.719238
1493852590.149916,-0.626465,0.067871,-0.183105,27.648926,-22.888184,-25.634766
1493852590.152655,-0.636719,0.075195,-0.007324,26.306152,-21.423340,-26.000977
1493852590.155334,-0.660645,0.061523,-0.068359,27.160645,-21.789551,-26.611328
1493852590.157997,-0.681152,0.054688,-0.144531,26.367188,-22.644043,-28.320312
1493852590.160689,-0.692383,0.085938,-0.060059,26.123047,-24.475098,-29.357910
1493852590.163266,-0.695312,0.057617,-0.084961,26.000977,-24.902344,-29.357910
1493852590.165822,-0.664062,0.031250,-0.097656,27.038574,-25.573730,-28.930664
1493852590.168448,-0.675781,0.031738,-0.143066,25.512695,-26.367188,-29.907227
1493852590.171144,-0.639160,0.046875,-0.053711,25.817871,-26.245117,-30.212402
1493852590.173819,-0.660645,0.041016,-0.105469,26.916504,-24.719238,-29.724121
1493852590.176483,-0.648438,0.060059,-0.032715,25.085449,-21.972656,-28.869629
1493852590.179135,-0.736816,0.064453,-0.038574,23.010254,-22.338867,-29.907227
1493852590.181725,-0.655762,0.049805,-0.014648,20.141602,-21.484375,-31.311035
1493852590.184273,-0.660156,0.036621,-0.106445,20.935059,-20.324707,-31.372070
1493852590.186823,-0.687988,0.046387,-0.086914,22.460938,-20.690918,-33.081055
1493852590.189378,-0.666504,0.039551,-0.093262,22.766113,-21.240234,-36.071777
1493852590.191931,-0.670898,0.022461,-0.030762,25.329590,-21.118164,-37.109375
1493852590.194478,-0.734375,-0.022949,-0.047852,26.489258,-20.507812,-36.254883
1493852590.197027,-0.719238,-0.014160,-0.092773,27.893066,-19.592285,-35.034180
1493852590.199607,-0.560059,0.019043,-0.069336,29.479980,-20.385742,-36.804199
1493852590.202188,-0.649902,0.015625,-0.119141,26.245117,-19.714355,-38.269043
1493852590.204740,-0.640625,0.009277,-0.093750,28.381348,-16.906738,-39.916992
1493852590.207293,-0.743652,0.012207,-0.083496,30.212402,-14.099121,-42.663574
1493852590.209915,-0.648438,0.014648,-0.071777,29.357910,-12.756348,-44.738770
1493852590.212535,-0.665039,0.005859,-0.134277,28.930664,-10.620117,-47.180176
1493852590.215086,-0.707031,-0.116211,-0.187012,31.738281,-9.887695,-49.194336
1493852590.217633,-0.674316,-0.000977,-0.077148,34.912109,-9.094238,-48.706055
1493852590.220446,-0.735352,-0.014648,-0.034668,38.146973,-8.483887,-48.339844
1493852590.223129,-0.751465,0.016602,-0.137695,38.757324,-10.864258,-47.180176
1493852590.225811,-0.800293,0.028320,-0.121582,35.888672,-29.357910,-46.508789
1493852590.228498,-0.803711,0.016602,-0.065918,36.010742,-17.639160,-45.715332
1493852590.231188,-0.808594,0.039551,-0.035156,39.916992,-19.714355,-46.386719
1493852590.233870,-0.792480,0.055664,-0.020996,42.968750,-22.033691,-46.325684
1493852590.236554,-0.815430,0.106934,0.031738,38.940430,-26.489258,-46.936035
1493852590.239220,-0.779297,0.133301,0.031738,33.325195,-31.127930,-46.447754
1493852590.241817,-0.800781,0.148438,0.099609,33.996582,-31.433105,-45.959473
1493852590.244368,-0.786621,0.138672,0.030273,38.146973,-28.259277,-44.921875
1493852590.246913,-0.648438,0.164551,-0.021484,38.879395,-27.221680,-46.264648
1493852590.249609,-0.641602,0.170898,0.100586,35.156250,-26.306152,-51.696777
1493852590.252311,-0.760254,0.168945,-0.002930,31.372070,-27.099609,-58.654785
1493852590.254863,-0.741211,0.196777,0.023926,30.029297,-28.259277,-65.002441
1493852590.257412,-0.830566,0.200684,-0.028809,24.597168,-28.991699,-71.105957
1493852590.260036,-0.825195,0.191406,-0.043457,21.728516,-28.442383,-74.279785
1493852590.262712,-0.892578,0.208496,0.035156,20.568848,-28.991699,-74.523926
1493852590.265576,-0.896484,0.198730,0.072754,16.906738,-29.602051,-74.890137
1493852590.268277,-0.912109,0.191406,0.033691,12.207031,-32.226562,-75.927734
1493852590.270977,-0.960938,0.181152,0.018555,8.178711,-34.790039,-78.186035
1493852590.273658,-1.036133,0.200684,0.006348,8.972168,-36.621094,-83.984375
1493852590.276337,-0.882324,0.226562,-0.059570,8.544922,-39.672852,-89.721680
1493852590.279022,-1.029297,0.199219,0.014160,5.310059,-41.198730,-98.571777
1493852590.281709,-1.043945,0.185059,0.001465,4.699707,-41.015625,-104.248047
1493852590.284395,-0.990723,0.201172,-0.104492,3.784180,-39.672852,-110.046387
1493852590.287077,-0.964844,0.181152,0.094238,1.525879,-38.574219,-115.600586
1493852590.289760,-0.976074,0.170898,-0.011230,-1.403809,-37.841797,-118.591309
1493852590.292442,-0.892090,0.171875,-0.009277,-2.929688,-38.208008,-123.229980
1493852590.295126,-1.012695,0.197266,0.028320,-5.371094,-40.771484,-128.784180
1493852590.298088,-1.031250,0.194336,-0.007324,-8.361816,-39.245605,-132.019043
1493852590.300983,-1.070801,0.172852,0.016113,-10.437012,-36.804199,-134.704590
1493852590.303538,-1.115723,0.202637,-0.085938,-9.948730,-35.217285,-137.634277
1493852590.306088,-1.128906,0.162109,-0.135254,-11.413574,-36.254883,-139.587402
1493852590.308663,-1.123535,0.130859,-0.220703,-7.446289,-40.222168,-141.967773
1493852590.311235,-1.189453,0.108887,-0.236816,-2.990723,-44.433594,-143.554688
1493852590.313783,-1.174805,0.106445,-0.239746,1.892090,-45.043945,-145.690918
1493852590.316328,-1.170898,0.078125,-0.173340,1.770020,-43.457031,-146.606445
1493852590.318941,-1.178711,0.115234,-0.053711,2.624512,-42.480469,-146.118164
1493852590.321628,-1.221680,0.154785,-0.121094,2.380371,-43.457031,-147.888184
1493852590.324310,-1.216309,0.187012,-0.022949,0.427246,-44.677734,-150.634766
1493852590.326995,-1.214355,0.250488,-0.097168,2.258301,-45.410156,-154.235840
1493852590.329632,-1.231445,0.337891,-0.068359,4.638672,-46.936035,-158.630371
1493852590.332198,-1.292969,0.263184,-0.097656,3.356934,-46.386719,-163.269043
1493852590.334747,-1.296875,0.396484,-0.062988,0.366211,-45.776367,-166.564941
1493852590.337295,-1.315918,0.471191,-0.031250,-0.427246,-43.823242,-171.936035
1493852590.339921,-1.352539,0.454590,-0.131836,-3.601074,-39.916992,-173.828125
1493852590.342546,-1.390137,0.455078,-0.092773,-4.272461,-37.658691,-176.452637
1493852590.345093,-1.417969,0.440918,-0.203613,-4.760742,-37.963867,-180.664062
1493852590.347645,-1.436035,0.431641,-0.183105,-4.516602,-37.353516,-187.438965
1493852590.350360,-1.465820,0.458008,-0.250000,-2.502441,-36.437988,-193.359375
1493852590.352911,-1.458008,0.522949,-0.279785,15.563965,-34.118652,-197.875977
1493852590.355464,-1.486328,0.543945,-0.330078,2.441406,-32.958984,-201.965332
1493852590.358165,-1.516602,0.674805,-0.273438,7.690430,-33.203125,-205.017090
1493852590.360816,-1.382812,0.752930,-0.338867,9.887695,-36.987305,-211.975098
1493852590.363497,-1.507812,0.852051,-0.312500,8.605957,-39.978027,-221.801758
1493852590.366177,-1.496582,0.938965,-0.318359,9.643555,-43.029785,-228.332520
1493852590.368881,-1.472168,1.033203,-0.368652,9.033203,-44.311523,-235.168457
1493852590.371584,-1.468262,1.051270,-0.148926,3.601074,-45.104980,-241.760254
1493852590.374262,-1.444824,1.077637,-0.188965,-9.216309,-43.518066,-247.314453
1493852590.376940,-1.453125,1.097168,-0.082031,-21.911621,-41.931152,-253.540039
1493852590.379622,-1.366699,1.146973,-0.042480,-34.851074,-36.376953,-263.366699
1493852590.382308,-1.342773,1.093262,-0.070801,-55.175781,-28.442383,-277.221680
1493852590.384995,-1.378906,0.919434,-0.115234,-72.265625,-19.409180,-292.114258
1493852590.387685,-1.449219,0.702148,-0.030273,-81.909180,-17.211914,-300.659180
1493852590.390378,-1.476562,0.513672,-0.101562,-83.068848,-25.024414,-337.463379
1493852590.393063,-1.550781,0.304688,-0.059570,-84.960938,-34.240723,-365.844727
1493852590.395746,-1.586914,0.050293,-0.060059,-86.242676,-39.306641,-394.653320
1493852590.398439,-1.539062,-0.105469,-0.030762,-82.458496,-36.560059,-418.518066
1493852590.401062,-1.602051,-0.144043,-0.074219,-63.903809,-31.066895,-416.748047
1493852590.403614,-1.591309,0.031738,-0.247559,-44.677734,-32.775879,-413.085938
1493852590.406186,-1.560547,0.223633,-0.367676,-20.751953,-42.480469,-388.671875
1493852590.408780,-1.427246,0.384277,-0.376953,-18.188477,-51.208496,-351.501465
1493852590.411440,-1.452637,0.526855,-0.505859,1.708984,-53.833008,-312.866211
1493852590.414122,-1.435547,0.519531,-0.495117,14.831543,-54.870605,-286.682129
1493852590.416807,-1.373047,0.477051,-0.535156,21.972656,-56.640625,-278.015137
1493852590.419499,-1.308105,0.468262,-0.410645,21.789551,-63.232422,-282.958984
1493852590.422194,-1.250977,0.381836,-0.303711,17.761230,-71.716309,-297.424316
1493852590.424877,-1.214844,0.324707,-0.441895,9.033203,-79.589844,-315.002441
1493852590.427560,-1.119629,0.281738,-0.455566,6.225586,-84.289551,-330.993652
1493852590.430251,-1.097656,0.250000,-0.468262,12.329102,-86.914062,-338.073730
1493852590.432939,-1.093262,0.234863,-0.409668,24.414062,-87.951660,-335.815430
1493852590.435624,-1.101074,0.294922,-0.461426,33.081055,-86.425781,-325.988770
1493852590.438301,-0.941406,0.365234,-0.464844,34.057617,-81.787109,-311.340332
1493852590.440909,-0.948242,0.454590,-0.559082,29.357910,-74.462891,-294.677734
1493852590.443458,-0.924805,0.536621,-0.457031,22.827148,-64.575195,-270.202637
1493852590.446009,-0.988281,0.632324,-0.451172,20.324707,-54.077148,-270.141602
1493852590.448565,-0.793945,0.679688,-0.425293,19.897461,-43.884277,-254.760742
1493852590.451119,-0.763672,0.745605,-0.426270,20.996094,-36.560059,-238.952637
1493852590.453669,-0.704590,0.803711,-0.492188,23.437500,-31.311035,-223.754883
1493852590.456216,-0.511719,0.800293,-0.427246,28.747559,-29.113770,-208.007812
1493852590.458813,-0.474609,0.802734,-0.466797,40.710449,-21.240234,-193.542480
1493852590.461411,-0.291992,0.783203,-0.321777,64.453125,-5.554199,-180.664062
1493852590.463959,-0.235352,0.690918,-0.291504,97.839355,15.930176,-159.240723
1493852590.466511,-0.193359,0.469238,-0.316406,134.765625,34.973145,-167.602539
1493852590.469168,-0.175293,0.220215,-0.279297,155.578613,42.907715,-170.532227
1493852590.471896,-0.094727,-0.135254,0.049316,169.250488,54.260254,-188.842773
1493852590.474581,-0.106445,-0.367188,0.365234,193.786621,71.228027,-224.304199
1493852590.477270,-0.257324,-0.560059,-0.067871,216.369629,74.401855,-270.080566
1493852590.479959,-0.284668,-0.462402,-0.194824,211.791992,66.101074,-304.748535
1493852590.482645,-0.366211,-0.282715,-0.648926,120.300293,27.709961,-292.236328
1493852590.485325,-0.386230,-0.247070,-0.400391,-28.930664,-18.493652,-220.214844
1493852590.488009,-0.260254,-0.356445,-0.111328,-109.436035,-59.143066,-113.037109
1493852590.490693,-0.215820,-0.515625,0.029297,-113.037109,-85.144043,-7.019043
1493852590.493489,-0.245605,-0.574219,0.008301,-67.138672,-91.125488,75.134277
1493852590.496171,-0.335449,-0.376465,-0.027344,-18.249512,-91.613770,128.967285
1493852590.498872,-0.391602,-0.263184,-0.168945,-4.333496,-91.796875,163.208008
1493852590.501576,-0.451660,-0.002930,-0.201172,-15.808105,-92.163086,188.903809
1493852590.504261,-0.427734,0.287109,-0.207520,-21.118164,-87.219238,216.613770
1493852590.506944,-0.377930,0.676270,-0.126953,-20.446777,-74.645996,247.802734
1493852590.509632,-0.322266,0.808594,-0.165527,-10.986328,-60.302734,281.677246
1493852590.512319,-0.192871,1.057129,-0.210449,0.183105,-45.837402,307.250977
1493852590.514998,-0.120605,1.159180,-0.256836,0.610352,-36.437988,317.993164
1493852590.517687,0.084961,1.250488,-0.238281,-2.990723,-33.752441,308.715820
1493852590.520374,0.089355,1.251465,-0.295898,-12.329102,-31.738281,283.996582
1493852590.523062,0.142578,1.260254,-0.161621,-18.859863,-30.639648,246.337891
1493852590.525743,0.097656,1.229004,-0.156738,-21.606445,-28.564453,201.599121
1493852590.528450,0.150391,1.162598,-0.243652,-22.766113,-23.437500,157.409668
1493852590.531158,0.166504,1.083984,-0.171875,-21.484375,-14.160156,118.530273
1493852590.533844,0.117188,0.812988,-0.153809,-18.432617,-0.305176,89.477539
1493852590.536524,0.131836,0.733887,-0.213867,-17.822266,20.324707,74.462891
1493852590.539167,0.070801,0.557129,-0.126953,-20.019531,38.879395,70.800781
1493852590.541743,0.007324,0.396484,-0.199219,-25.390625,50.781250,72.204590
1493852590.544295,-0.020508,0.301270,-0.196777,-30.517578,54.565430,79.345703
1493852590.546849,-0.147949,0.202637,-0.223633,-31.433105,53.649902,90.820312
1493852590.549546,-0.154297,0.185547,-0.194824,-30.761719,48.828125,104.248047
1493852590.552242,-0.237793,0.109375,-0.130371,-27.038574,43.579102,118.530273
1493852590.554793,-0.233398,0.125000,-0.194824,-24.902344,39.245605,132.934570
1493852590.557344,-0.255371,0.130371,-0.210449,-22.277832,36.682129,147.521973
1493852590.560035,-0.360352,0.145020,-0.117676,-20.446777,36.132812,161.987305
1493852590.562776,-0.216797,0.159668,-0.228027,-19.104004,37.719727,175.964355
1493852590.565512,-0.181152,0.168457,-0.160645,-17.517090,39.306641,187.927246
1493852590.568262,-0.178223,0.152344,-0.108887,-16.296387,41.748047,197.509766
1493852590.571032,-0.165527,0.176758,-0.190430,-16.113281,42.846680,204.284668
1493852590.573717,-0.161621,0.197754,-0.156250,-16.723633,42.480469,211.364746
1493852590.576397,-0.226074,0.181641,-0.128418,-16.296387,42.785645,217.468262
1493852590.579086,-0.182617,0.192383,-0.194824,-17.578125,42.297363,223.205566
1493852590.581940,-0.198242,0.196777,-0.149902,-17.150879,43.395996,229.309082
1493852590.584741,-0.248047,0.180664,-0.194336,-16.601562,44.311523,235.534668
1493852590.587430,-0.250488,0.194336,-0.178711,-0.671387,46.081543,240.783691
1493852590.590127,-0.285156,0.208496,-0.109375,-13.061523,46.325684,246.520996
1493852590.592812,-0.269531,0.195801,-0.097656,-12.634277,46.691895,250.976562
1493852590.595497,-0.318359,0.214355,-0.041504,-10.803223,48.706055,255.737305
1493852590.598177,-0.304688,0.215820,-0.148926,-9.033203,49.499512,259.582520
1493852590.600789,-0.346191,0.208984,-0.128418,-5.981445,50.231934,263.000488
1493852590.603339,-0.328613,0.231445,-0.172852,-4.821777,52.490234,266.662598
1493852590.605889,-0.351074,0.228027,-0.149902,-2.258301,53.100586,269.409180
1493852590.608466,-0.318848,0.233887,-0.144531,0.610352,53.771973,270.385742
1493852590.611115,-0.332031,0.260254,-0.106445,3.112793,54.626465,271.728516
1493852590.613801,-0.357422,0.259277,-0.099121,5.615234,55.358887,272.644043
1493852590.616487,-0.355469,0.270020,-0.166016,8.544922,56.213379,271.850586
1493852590.619137,-0.359375,0.273438,-0.044434,10.192871,57.189941,272.644043
1493852590.621724,-0.397461,0.265625,-0.078613,11.962891,59.143066,275.024414
1493852590.624276,-0.370117,0.264648,-0.173340,13.122559,62.133789,279.846191
1493852590.626825,-0.446777,0.242676,-0.061523,15.136719,63.049316,287.475586
1493852590.629405,-0.448730,0.252930,-0.095703,17.272949,63.293457,296.081543
1493852590.632143,-0.468262,0.251465,-0.110840,19.714355,63.293457,301.879883
1493852590.634737,-0.546387,0.241699,-0.094238,21.240234,63.842773,304.199219
1493852590.637289,-0.559570,0.297363,-0.119141,24.597168,64.819336,305.725098
1493852590.639961,-0.588867,0.296387,-0.116211,26.855469,65.307617,306.274414
1493852590.642633,-0.596680,0.352051,-0.158691,30.395508,66.589355,306.762695
1493852590.645181,-0.596680,0.361328,-0.117188,31.005859,68.420410,307.739258
1493852590.647818,-0.561035,0.327637,-0.097656,31.982422,69.946289,308.166504
1493852590.650457,-0.552734,0.341797,-0.238281,30.334473,73.242188,308.593750
1493852590.653008,-0.582031,0.315918,-0.124512,29.846191,77.026367,309.265137
1493852590.656123,-0.583984,0.315918,-0.110840,27.832031,79.833984,309.570312
1493852590.658720,-0.619629,0.314453,-0.162598,24.719238,82.519531,310.241699
1493852590.661362,-0.611328,0.286621,-0.118652,23.681641,85.205078,311.218262
1493852590.664011,-0.725586,0.261230,-0.029785,21.850586,88.317871,313.537598
1493852590.666661,-0.724609,0.273438,-0.138672,21.179199,90.942383,316.650391
1493852590.669341,-0.734375,0.307129,-0.132812,19.775391,93.627930,320.373535
1493852590.672040,-0.776367,0.299316,-0.173340,17.578125,95.947266,324.707031
1493852590.674728,-0.796387,0.298828,-0.089355,15.136719,97.717285,329.162598
1493852590.677414,-0.851074,0.277344,-0.119141,0.183105,100.280762,333.923340
1493852590.680110,-0.863281,0.294434,-0.129883,15.197754,102.478027,337.402344
1493852590.682798,-0.760254,0.312500,-0.168945,14.160156,104.125977,341.430664
1493852590.685483,-0.937500,0.324707,-0.113281,14.404297,103.759766,345.825195
1493852590.688164,-0.975098,0.346680,-0.165527,14.282227,105.712891,350.219727
1493852590.690774,-1.019531,0.378906,-0.230469,13.427734,105.834961,352.355957
1493852590.693326,-1.013672,0.388184,-0.011230,12.512207,105.834961,354.003906
1493852590.695877,-1.042969,0.427734,-0.145020,8.605957,108.703613,355.163574
1493852590.698426,-1.101562,0.435059,-0.036621,6.958008,111.938477,354.370117
1493852590.700978,-1.140625,0.437012,-0.149902,5.981445,115.356445,351.501465
1493852590.703523,-1.212891,0.434082,-0.250000,3.662109,118.041992,348.571777
1493852590.706069,-1.234863,0.449707,-0.194824,1.831055,119.506836,345.092773
1493852590.708638,-1.302246,0.457520,-0.159668,0.854492,120.971680,344.421387
1493852590.711210,-1.424805,0.390625,-0.216797,-2.014160,120.849609,345.703125
1493852590.713757,-1.444824,0.391113,-0.166992,-4.638672,121.337891,345.764160
1493852590.716303,-1.484863,0.494629,-0.200195,-7.812500,123.229980,343.872070
1493852590.718966,-1.532715,0.369141,-0.242676,-8.728027,125.671387,342.102051
1493852590.721699,-1.595703,0.323242,-0.304199,-12.145996,129.089355,340.087891
1493852590.724387,-1.632324,0.293945,-0.229004,-14.343262,132.324219,339.965820
1493852590.727068,-1.658203,0.246582,-0.248047,-19.409180,135.803223,340.270996
1493852590.729753,-1.744141,0.162598,-0.181641,-24.047852,137.451172,342.041016
1493852590.732439,-1.809082,0.106445,-0.222168,-29.541016,138.977051,342.346191
1493852590.735124,-1.868652,0.014648,-0.214355,-34.118652,140.136719,343.322754
1493852590.737808,-1.943848,-0.043457,-0.185059,-40.710449,141.906738,343.566895
1493852590.740498,-1.939941,-0.127441,-0.173828,-44.372559,145.019531,343.505859
1493852590.743181,-2.008789,-0.336426,-0.202148,-46.142578,149.475098,343.383789
1493852590.745861,-1.939453,-0.341797,-0.209961,-47.973633,151.916504,345.825195
1493852590.748549,-1.958496,-0.426758,-0.031250,-51.574707,153.930664,349.609375
1493852590.751239,-1.945312,-0.498535,-0.135254,-51.269531,154.235840,352.661133
1493852590.753922,-1.916992,-0.536133,-0.092773,-50.964355,154.418945,356.201172
1493852590.756602,-1.923828,-0.568848,-0.132812,-50.598145,152.221680,358.032227
1493852590.759369,-1.929199,-0.598633,-0.197754,-51.513672,148.498535,356.201172
1493852590.762071,-1.918945,-0.583008,-0.212402,-50.720215,145.935059,350.524902
1493852590.764623,-1.941406,-0.629883,-0.107422,-52.246094,142.578125,342.041016
1493852590.767174,-1.927734,-0.650879,-0.130859,-49.865723,125.427246,330.017090
1493852590.769994,-1.947754,-0.677246,-0.103516,-43.212891,138.488770,315.368652
1493852590.772747,-1.907715,-0.745117,-0.020020,-39.428711,136.657715,298.339844
1493852590.775452,-1.873535,-0.803711,-0.109375,-39.367676,134.033203,282.409668
1493852590.778168,-1.859863,-0.841797,-0.135254,-36.743164,132.507324,266.418457
1493852590.780857,-1.827637,-0.933594,0.026855,-35.705566,130.981445,251.525879
1493852590.783545,-1.800293,-1.030762,0.006836,-36.254883,130.493164,236.511230
1493852590.786232,-1.759766,-1.127930,0.091797,-33.996582,128.845215,223.083496
1493852590.788923,-1.812012,-1.234375,0.194336,-35.339355,127.685547,210.876465
1493852590.791617,-1.759277,-1.346191,0.267090,-35.522461,125.366211,204.162598
1493852590.794306,-1.765137,-1.480469,0.437012,-34.301758,124.877930,197.875977
1493852590.796992,-1.712402,-1.558105,0.415527,-31.494141,123.718262,190.979004
1493852590.799684,-1.677734,-1.692383,0.417480,-27.526855,122.375488,181.701660
1493852590.802374,-1.586914,-1.736816,0.394043,-25.817871,118.408203,170.593262
1493852590.805061,-1.558594,-1.831055,0.513672,-23.315430,112.304688,155.273438
1493852590.807806,-1.472168,-1.902832,0.453613,-22.949219,105.346680,137.145996
1493852590.810533,-1.426758,-2.016602,0.493164,-23.132324,96.557617,116.760254
1493852590.813427,-1.302734,-2.089355,0.463867,-25.024414,89.538574,94.238281
1493852590.816146,-1.334961,-2.135742,0.378418,-25.146484,82.580566,73.303223
1493852590.818762,-1.338379,-2.177734,0.378906,-26.855469,73.913574,52.978516
1493852590.821407,-1.275879,-2.132812,0.442871,-28.015137,63.110352,35.278320
1493852590.824050,-1.291016,-2.086914,0.489258,-25.451660,50.231934,18.432617
1493852590.826606,-1.164551,-1.706543,0.393555,-26.550293,37.048340,-7.934570
1493852590.829252,-1.108887,-1.449219,0.260742,-36.254883,30.883789,-47.912598
1493852590.831979,-1.012695,-1.426758,0.169434,-45.166016,28.930664,-97.290039
1493852590.834662,-1.185059,-1.920898,0.319824,-32.348633,2.441406,-139.526367
1493852590.837342,-1.536133,-2.359863,0.235840,-2.685547,-53.466797,-136.840820
1493852590.840024,-1.565430,-1.744141,0.241699,2.990723,-68.115234,-123.413086
1493852590.842710,-1.402344,-1.375488,0.233887,-40.832520,-50.781250,-125.610352
1493852590.845397,-1.125977,-1.294922,0.405762,-62.988281,-33.020020,-132.446289
1493852590.848081,-1.421387,-0.843750,0.371094,-49.804688,-52.246094,-128.723145
1493852590.850693,-1.625000,-0.776367,-0.548340,-40.405273,-79.589844,-137.573242
1493852590.853248,-1.343262,-0.693359,0.851074,-10.192871,-24.536133,-183.654785
1493852590.855802,-0.906250,-0.791992,0.212402,-8.239746,41.748047,-223.388672
1493852590.858364,-0.638184,-0.790527,0.634766,27.099609,73.242188,-222.106934
1493852590.860930,-0.704590,-0.378906,-0.022461,48.034668,92.346191,-178.283691
1493852590.863484,-0.853027,0.360840,-0.154785,71.594238,95.520020,-119.567871
1493852590.866039,-1.121094,0.860840,-0.272949,89.416504,96.618652,-98.205566
1493852590.868634,-1.347168,1.472656,-0.520020,99.731445,81.848145,-53.405762
1493852590.871230,-1.468262,2.104004,-0.442871,116.699219,54.626465,-16.357422
1493852590.873784,-1.509277,2.474609,-0.535645,140.441895,18.066406,14.404297
1493852590.876338,-1.467285,2.559570,-0.520020,130.493164,-23.315430,20.751953
1493852590.878994,-1.318848,2.587891,-0.696777,122.070312,-71.655273,-17.944336
1493852590.881725,-1.089844,2.255371,-0.360840,88.562012,-111.755371,-105.163574
1493852590.884415,-0.960449,1.803223,-0.080078,53.161621,-143.676758,-223.999023
1493852590.887104,-0.864258,1.117676,-0.005859,26.245117,-131.652832,-348.144531
1493852590.889798,-0.731445,0.551758,0.317871,13.916016,-134.033203,-454.528809
1493852590.892489,-0.611816,0.004883,0.484863,15.563965,-97.961426,-531.066895
1493852590.895178,-0.503418,-0.495605,0.458496,22.827148,-90.393066,-574.829102
1493852590.897884,-0.455566,-0.955566,0.354980,29.479980,-73.547363,-587.768555
1493852590.900588,-0.478516,-1.303223,0.312012,32.775879,-58.715820,-568.054199
1493852590.903270,-0.728027,-1.470703,0.022949,38.085938,-50.109863,-515.991211
1493852590.905956,-1.024902,-1.522461,-0.163574,14.831543,-33.447266,-434.570312
1493852590.908776,-1.483887,-1.421387,-0.141113,-2.319336,-34.667969,-337.829590
1493852590.911462,-1.682617,-1.172852,-0.136719,-6.286621,-41.198730,-254.089355
1493852590.914138,-1.800293,-0.851562,-0.120605,3.723145,-50.842285,-199.279785
1493852590.916821,-1.721680,-0.389648,-0.195312,21.118164,-61.096191,-173.461914
1493852590.919529,-1.530762,-0.079590,-0.170898,40.954590,-74.035645,-160.217285
1493852590.922235,-1.228027,0.099609,-0.283203,55.236816,-89.599609,-142.517090
1493852590.924917,-0.912109,0.325684,-0.213867,63.903809,-106.506348,-122.924805
1493852590.927601,-0.719238,0.312012,-0.213867,67.626953,-117.919922,-110.595703
1493852590.930341,-0.492188,0.376465,-0.101562,72.021484,-123.229980,-110.290527
1493852590.933033,-0.364258,0.386230,-0.190430,69.702148,-105.407715,-119.567871
1493852590.935719,-0.158203,0.403809,-0.300781,74.157715,-96.008301,-125.915527
1493852590.938411,-0.221680,0.364746,-0.333008,71.777344,-81.848145,-141.174316
1493852590.941106,-0.183594,0.275391,-0.383301,51.086426,-61.401367,-161.193848
1493852590.943790,-0.241699,0.185547,-0.393066,29.113770,-46.142578,-197.998047
1493852590.946476,-0.320312,0.093262,-0.500000,7.934570,-29.846191,-216.613770
1493852590.949165,-0.470703,0.004395,-0.490723,-20.507812,-18.432617,-213.256836
1493852590.951858,-0.639160,-0.235840,-0.483887,-49.438477,-15.502930,-217.590332
1493852590.954541,-0.727539,-0.241211,-0.412109,-73.059082,-17.700195,-217.773438
1493852590.957223,-0.828125,-0.292969,-0.460938,-92.285156,-24.902344,-208.312988
1493852590.959858,-0.990234,-0.440430,-0.203613,-110.290527,-34.179688,-192.016602
1493852590.962424,-0.911133,-0.515625,-0.058594,-117.065430,-45.288086,-178.100586
1493852590.964974,-0.918945,-0.508789,-0.049805,-126.647949,-59.997559,-162.170410
1493852590.967525,-0.892090,-0.574219,0.057617,-128.479004,-67.016602,-140.808105
1493852590.970129,-0.925293,-0.505371,0.115234,-121.643066,-71.960449,-120.300293
1493852590.972813,-0.940430,-0.462891,0.013184,-106.811523,-74.340820,-94.299316
1493852590.975497,-0.847168,-0.343262,-0.028809,-85.327148,-72.082520,-71.228027
1493852590.978183,-0.817871,-0.234375,-0.077148,-65.429688,-69.213867,-54.565430
1493852590.980871,-0.802246,-0.099121,-0.089355,-54.443359,-64.636230,-44.128418
1493852590.983553,-0.694336,-0.010742,-0.144043,-46.936035,-64.208984,-37.902832
1493852590.986235,-0.530762,-0.041504,0.028320,-41.625977,-65.856934,-36.804199
1493852590.988925,-0.613281,-0.019043,-0.039062,-36.132812,-69.702148,-38.269043
1493852590.991611,-0.558594,-0.057617,0.058105,-34.057617,-70.312500,-38.574219
1493852590.994295,-0.517090,-0.089355,0.244141,-34.301758,-67.932129,-37.597656
1493852590.996979,-0.583984,-0.089355,0.097168,-38.391113,-60.852051,-37.109375
1493852590.999629,-0.596680,-0.112793,0.016113,-38.146973,-49.682617,-37.170410
1493852591.002213,-0.641113,-0.110840,0.053223,-37.475586,-38.574219,-35.034180
1493852591.004764,-0.691406,-0.067871,-0.078613,-32.958984,-31.066895,-31.250000
1493852591.007312,-0.630859,-0.001465,-0.140625,-30.029297,-26.794434,-24.841309
1493852591.009933,-0.852539,0.062500,-0.156250,-27.038574,-24.902344,-17.517090
1493852591.012623,-0.729980,0.091309,-0.098633,-23.742676,-28.564453,-12.451172
1493852591.015311,-0.718262,0.240234,-0.001953,-23.742676,-46.264648,-11.657715
1493852591.018000,-0.706055,0.093750,-0.070312,-23.864746,-36.193848,-14.831543
1493852591.020684,-0.679199,0.103516,-0.037109,-22.277832,-39.550781,-20.324707
1493852591.023366,-0.629883,0.083984,0.042480,-20.385742,-37.231445,-27.893066
1493852591.026047,-0.609863,0.077148,0.009277,-18.737793,-15.930176,-33.447266
1493852591.028731,-0.562500,0.080566,-0.033203,-19.409180,-21.301270,-37.353516
1493852591.031419,-0.595215,0.047852,-0.114746,-21.057129,-13.977051,-37.597656
1493852591.034104,-0.601562,0.072266,-0.114746,-22.888184,-10.070801,-37.841797
1493852591.036793,-0.611816,0.075195,-0.182617,-25.329590,-6.896973,-36.193848
1493852591.039484,-0.594727,0.089844,-0.114746,-25.268555,-7.202148,-34.667969
1493852591.042279,-0.664062,0.058594,-0.107422,-26.428223,-8.544922,-33.996582
1493852591.044966,-0.646973,0.055664,-0.125488,-25.085449,-8.728027,-32.592773
1493852591.047669,-0.666992,0.017578,-0.022949,-25.451660,-8.239746,-31.066895
1493852591.050304,-0.672363,0.021484,-0.050293,-22.949219,-6.408691,-29.602051
1493852591.052857,-0.720215,0.019043,-0.024414,-20.751953,-5.249023,-29.052734
1493852591.055408,-0.732422,-0.002441,-0.038086,-18.249512,-3.540039,-26.977539
1493852591.057977,-0.727539,0.017090,-0.134277,-15.075684,-2.685547,-24.963379
1493852591.060619,-0.691406,0.015137,-0.101074,-13.671875,-3.417969,-22.277832
1493852591.063303,-0.713379,0.013672,-0.027832,-11.535645,-3.112793,-18.493652
1493852591.065987,-0.707031,0.008789,-0.217773,-8.056641,-2.990723,-15.869141
1493852591.068667,-0.710449,0.018555,-0.121094,-6.774902,-4.272461,-12.268066
1493852591.071343,-0.674805,0.020996,-0.091797,-2.563477,-6.103516,-9.704590
1493852591.074019,-0.692871,0.002930,-0.103516,-1.037598,-7.446289,-6.652832
1493852591.076697,-0.672852,0.025391,-0.085938,1.770020,-8.239746,-5.065918
1493852591.079381,-0.654297,0.019043,-0.055664,2.807617,-9.338379,-2.990723
1493852591.082059,-0.662109,0.041504,-0.022461,2.624512,-11.596680,-1.220703
1493852591.084737,-0.689941,0.036133,-0.098633,5.187988,-12.390137,0.976562
1493852591.087420,-0.666992,0.071777,-0.173828,7.446289,-14.038086,1.098633
1493852591.090109,-0.688477,0.052246,-0.082520,8.117676,-15.686035,1.953125
1493852591.092784,-0.675293,0.057617,-0.115234,8.422852,-17.883301,1.892090
1493852591.095464,-0.663574,0.080566,-0.224121,10.070801,-20.202637,2.929688
1493852591.098140,-0.666504,0.078125,-0.074219,11.230469,-21.484375,2.807617
1493852591.100749,-0.677246,0.045898,-0.061523,11.535645,-23.193359,2.624512
1493852591.103299,-0.719238,0.059570,-0.103516,13.122559,-24.047852,2.746582
1493852591.105847,-0.700195,0.065918,-0.106445,13.244629,-28.198242,3.234863
1493852591.108425,-0.638672,0.075684,-0.151855,17.150879,-29.541016,3.295898
1493852591.111073,-0.644043,0.056641,0.030273,18.493652,-26.489258,2.624512
1493852591.113752,-0.625977,0.059570,-0.111816,0.610352,-23.864746,1.037598
1493852591.116433,-0.625000,0.084961,-0.013672,14.465332,-18.554688,-1.953125
1493852591.119125,-0.662109,0.079590,-0.026367,13.549805,-15.075684,-4.821777
1493852591.121813,-0.623535,0.091797,-0.065918,12.939453,-12.207031,-8.117676
1493852591.124494,-0.614258,0.107422,-0.091309,10.253906,-11.596680,-11.413574
1493852591.127177,-0.528809,0.097656,-0.084961,9.399414,-11.962891,-13.732910
1493852591.129884,-0.645508,0.096680,-0.122559,10.498047,-12.329102,-16.906738
1493852591.132596,-0.614746,0.104004,-0.201172,8.117676,-11.901855,-17.517090
1493852591.135275,-0.630371,0.060547,-0.078613,8.483887,-11.535645,-18.310547
1493852591.137955,-0.662109,0.053711,-0.073730,7.812500,-11.718750,-19.042969
1493852591.140568,-0.654297,0.048340,-0.193359,9.338379,-12.878418,-19.531250
1493852591.143116,-0.694336,0.044434,-0.130859,10.131836,-14.587402,-18.859863
1493852591.145667,-0.627930,0.058105,-0.192871,12.451172,-17.028809,-18.371582
1493852591.148222,-0.668945,0.020996,-0.091309,16.540527,-19.226074,-17.395020
1493852591.150784,-0.675293,0.003418,-0.156250,19.531250,-22.521973,-16.540527
1493852591.153339,-0.666504,0.024414,-0.187988,21.667480,-27.038574,-14.831543
1493852591.155890,-0.666504,0.042480,-0.119629,23.681641,-30.639648,-12.817383
1493852591.158463,-0.640625,0.036133,-0.130859,23.620605,-31.982422,-10.925293
1493852591.161108,-0.617676,0.060547,-0.145020,24.414062,-34.973145,-10.498047
1493852591.163793,-0.682617,0.082031,-0.188965,24.353027,-37.231445,-10.070801
1493852591.166478,-0.646973,0.078125,-0.224609,26.550293,-39.672852,-10.437012
1493852591.169170,-0.626465,0.065430,-0.159668,26.428223,-39.916992,-10.681152
1493852591.171865,-0.722168,0.077148,-0.062500,28.503418,-39.489746,-11.047363
1493852591.174551,-0.582031,0.040527,-0.130371,29.846191,-38.208008,-11.352539
1493852591.177237,-0.586914,0.057617,-0.090820,35.156250,-37.841797,-12.207031
1493852591.179929,-0.643066,0.063965,-0.054688,30.334473,-36.376953,-14.587402
1493852591.182734,-0.741699,0.106934,-0.138184,26.611328,-35.461426,-17.211914
1493852591.185419,-0.634766,0.077637,-0.067871,23.986816,-33.874512,-18.432617
1493852591.188096,-0.682617,0.069336,-0.063965,26.611328,-32.531738,-19.348145
1493852591.190706,-0.683105,0.048828,-0.054199,24.536133,-30.883789,-19.775391
1493852591.193258,-0.683594,0.053711,0.044922,22.766113,-28.076172,-19.531250
1493852591.195806,-0.722656,0.058105,-0.076172,18.554688,-22.338867,-18.127441
1493852591.198365,-0.624512,0.062988,-0.020508,16.357422,-18.981934,-17.028809
1493852591.200933,-0.643066,0.073730,-0.082520,18.066406,-17.456055,-17.456055
1493852591.203490,-0.591309,0.101562,-0.082520,19.042969,-17.639160,-19.165039
1493852591.206043,-0.652832,0.041504,-0.118652,17.456055,-17.700195,-21.118164
1493852591.208599,-0.682617,0.054199,-0.111816,20.263672,-18.737793,-22.216797
1493852591.211153,-0.670410,0.040527,-0.046875,22.644043,-21.118164,-23.803711
1493852591.213701,-0.688965,0.048340,-0.097656,22.705078,-23.498535,-24.536133
1493852591.216250,-0.687988,0.031250,-0.090820,25.390625,-26.245117,-24.475098
1493852591.218835,-0.702637,0.060547,-0.117188,26.245117,-29.724121,-23.254395
1493852591.221493,-0.673340,0.062500,-0.001953,28.564453,-33.996582,-23.376465
1493852591.224174,-0.737305,0.023438,-0.042480,27.465820,-38.391113,-25.146484
1493852591.226857,-0.694824,0.021484,-0.047852,46.569824,-40.527344,-26.123047
1493852591.229549,-0.714355,0.022949,-0.072754,37.109375,-41.687012,-26.123047
1493852591.232238,-0.660156,0.027344,-0.098633,37.536621,-40.649414,-24.658203
1493852591.234922,-0.698242,-0.000488,-0.090820,37.292480,-40.527344,-23.132324
1493852591.237607,-0.636230,0.034668,-0.195801,36.499023,-39.245605,-22.216797
1493852591.240341,-0.541992,0.043945,-0.043945,34.851074,-37.475586,-22.644043
1493852591.243029,-0.634766,0.041016,-0.125000,32.409668,-34.545898,-24.780273
1493852591.245716,-0.615234,0.056641,-0.097168,30.334473,-33.264160,-26.306152
1493852591.248403,-0.608887,0.043457,-0.164062,30.883789,-29.602051,-26.306152
1493852591.251094,-0.633301,0.075684,-0.129883,27.221680,-25.634766,-28.320312
1493852591.253780,-0.749512,0.065918,-0.080078,25.268555,-24.353027,-31.250000
1493852591.256464,-0.535156,0.039551,-0.060547,24.169922,-24.108887,-34.851074
1493852591.259119,-0.668945,0.044434,-0.162109,26.794434,-22.155762,-36.987305
1493852591.261704,-0.630371,0.038574,-0.119629,30.395508,-21.484375,-38.879395
1493852591.264258,-0.714844,-0.113770,-0.168945,30.151367,-20.935059,-38.513184
1493852591.266812,-0.682129,0.001465,-0.081543,32.897949,-21.362305,-38.146973
1493852591.269413,-0.672852,0.024902,-0.072754,30.517578,-21.972656,-38.635254
1493852591.272084,-0.687988,-0.011230,-0.009766,29.968262,-19.592285,-41.076660
1493852591.274769,-0.700684,0.005859,-0.168945,35.827637,-16.540527,-41.503906
1493852591.277456,-0.741699,-0.003418,-0.117676,42.297363,-15.014648,-42.358398
1493852591.280149,-0.829102,-0.099609,-0.143066,42.907715,-16.662598,-43.579102
1493852591.282831,-0.727539,0.124023,-0.085449,43.823242,-18.676758,-44.921875
1493852591.285514,-0.789062,0.034180,-0.010254,31.250000,-20.202637,-46.142578
1493852591.288203,-0.803711,0.036621,-0.098633,45.654297,-22.338867,-46.142578
1493852591.290893,-0.814453,0.036133,-0.069336,62.194824,-22.399902,-45.898438
1493852591.293579,-0.794434,0.035156,-0.016602,49.072266,-24.719238,-44.921875
1493852591.296262,-0.828125,0.062988,-0.057617,52.551270,-27.221680,-43.884277
1493852591.298954,-0.812012,0.120605,0.021973,49.987793,-32.165527,-43.212891
1493852591.301651,-0.882812,0.136719,0.081543,41.809082,-37.231445,-42.846680
1493852591.304338,-0.843262,0.179199,0.097168,38.635254,-37.048340,-42.053223
1493852591.307026,-0.805664,0.156250,0.123535,44.738770,-34.667969,-42.053223
1493852591.309667,-0.753906,0.161621,0.058105,51.574707,-16.540527,-42.663574
1493852591.312239,-0.773438,0.165527,-0.012207,48.278809,-31.433105,-46.508789
1493852591.314794,-0.747559,0.143066,0.086914,46.691895,-35.095215,-50.476074
1493852591.317339,-0.770508,0.177246,-0.004395,44.067383,-38.452148,-53.405762
1493852591.320053,-0.763184,0.188965,-0.049805,38.024902,-38.879395,-59.631348
1493852591.322602,-0.768555,0.238770,0.114746,36.193848,-37.780762,-65.246582
1493852591.325149,-0.760254,0.228516,0.062012,29.418945,-35.705566,-70.373535
1493852591.327720,-0.784180,0.241699,0.092773,27.282715,-32.897949,-73.059082
1493852591.330367,-0.824219,0.250488,0.024414,23.620605,-32.226562,-76.171875
1493852591.333053,-0.862793,0.273926,0.028320,19.409180,-33.630371,-81.481934
1493852591.335742,-0.786621,0.250488,0.078125,13.549805,-35.827637,-88.623047
1493852591.338450,-0.948242,0.136230,0.000000,9.094238,-36.010742,-95.214844
1493852591.341157,-0.942383,0.238281,0.031738,5.371094,-35.827637,-99.975586
1493852591.343840,-0.981445,0.227051,0.116211,-0.427246,-34.301758,-104.675293
1493852591.346519,-0.972656,0.200195,-0.051758,-7.141113,-32.836914,-109.985352
1493852591.349202,-1.003418,0.150391,-0.055664,-7.202148,-31.494141,-112.426758
1493852591.351887,-1.046875,0.006836,-0.008789,-2.624512,-33.691406,-114.624023
1493852591.354573,-1.050781,0.113770,0.008789,-2.563477,-38.330078,-117.980957
1493852591.357256,-1.051758,0.134277,-0.030273,-4.455566,-43.945312,-121.826172
1493852591.359885,-1.044922,0.150879,0.061523,-6.713867,-43.151855,-125.183105
1493852591.362446,-0.987793,0.193359,0.020996,-9.826660,-43.518066,-126.403809
1493852591.364999,-1.050293,0.175293,0.067383,-8.850098,-43.029785,-127.502441
1493852591.367543,-1.067383,0.202148,-0.010742,-10.192871,-44.250488,-128.601074
1493852591.370129,-1.092285,0.212402,-0.024902,-11.291504,-46.752930,-131.347656
1493852591.372813,-1.114746,0.251465,-0.147461,-16.052246,-46.997070,-137.939453
1493852591.375496,-1.100098,0.239746,-0.172852,-18.371582,-43.579102,-143.615723
1493852591.378188,-1.104980,0.226074,-0.122559,-16.784668,-41.198730,-147.949219
1493852591.380875,-1.159668,0.225586,-0.212891,-21.545410,-38.635254,-154.052734
1493852591.383559,-1.098633,0.195801,-0.182617,-21.118164,-37.536621,-159.484863
1493852591.386243,-1.153809,0.171875,-0.173828,-20.751953,-35.522461,-163.818359
1493852591.388932,-1.151855,0.177246,-0.081543,-19.409180,-35.522461,-166.625977
1493852591.391624,-1.162598,0.179688,-0.080078,-18.737793,-39.062500,-169.189453
1493852591.394308,-1.196777,0.255859,-0.105469,-20.202637,-40.344238,-170.532227
1493852591.396992,-1.266113,0.331055,-0.123047,-21.057129,-42.846680,-175.659180
1493852591.399632,-1.265137,0.356445,-0.121094,-23.254395,-43.334961,-180.725098
1493852591.402199,-1.320801,0.421387,-0.164551,-23.010254,-40.039062,-186.401367
1493852591.404748,-1.308594,0.466797,-0.278809,-25.329590,-37.353516,-190.490723
1493852591.407297,-1.349121,0.477051,-0.224609,-25.939941,-32.653809,-197.326660
1493852591.409921,-1.483887,0.447266,-0.267578,-27.160645,-28.991699,-202.636719
1493852591.412621,-1.386719,0.414551,-0.267090,-26.123047,-25.329590,-205.749512
1493852591.415307,-1.429688,0.296875,-0.254883,-20.446777,-24.719238,-204.833984
1493852591.417994,-1.440918,0.285645,-0.371094,-13.000488,-29.296875,-202.148438
1493852591.420679,-1.484863,0.355469,-0.369141,-1.220703,-37.292480,-197.448730
1493852591.423357,-1.541504,0.472168,-0.385254,8.178711,-45.898438,-195.922852
1493852591.426041,-1.527344,0.598145,-0.460449,18.066406,-54.687500,-198.791504
1493852591.428736,-1.542969,0.714355,-0.385254,22.583008,-62.377930,-204.650879
1493852591.431428,-1.560547,0.796875,-0.259277,31.616211,-67.810059,-212.036133
1493852591.434115,-1.454590,0.885254,-0.341797,35.400391,-70.678711,-221.496582
1493852591.436802,-1.484375,0.965332,-0.294434,35.522461,-70.495605,-229.797363
1493852591.439492,-1.403809,1.020020,-0.285645,15.686035,-66.162109,-237.182617
1493852591.442184,-1.398438,1.075684,-0.224609,20.996094,-59.265137,-248.352051
1493852591.444866,-1.351074,1.003418,-0.233887,4.028320,-50.903320,-260.681152
1493852591.447547,-1.356445,0.929199,-0.156250,-15.563965,-42.114258,-273.132324
1493852591.450171,-1.469727,0.855469,-0.118652,-36.499023,-37.597656,-287.475586
1493852591.452719,-1.418945,0.715820,-0.061523,-59.936523,-27.343750,-305.480957
1493852591.455378,-1.448242,0.533691,-0.049805,-77.514648,-16.967773,-328.430176
1493852591.457961,-1.521484,0.339355,-0.088867,-91.491699,-8.300781,-357.116699
1493852591.460541,-1.585449,0.072754,-0.055664,-101.867676,-6.408691,-382.751465
1493852591.463088,-1.658203,-0.135254,-0.099121,-96.557617,-7.324219,-389.526367
1493852591.465631,-1.696777,-0.257812,-0.064453,-75.561523,-11.291504,-407.592773
1493852591.468200,-1.689453,-0.260742,-0.210449,-31.433105,-20.141602,-414.978027
1493852591.470835,-1.645996,-0.162598,-0.251465,-10.375977,-34.362793,-406.127930
1493852591.473500,-1.626465,0.229980,-0.283691,20.812988,-55.908203,-380.126953
1493852591.476165,-1.617188,0.392578,-0.397461,63.049316,-86.791992,-341.308594
1493852591.478854,-1.596680,0.709961,-0.591309,78.247070,-116.149902,-298.156738
1493852591.481544,-1.488281,0.814941,-0.437012,79.467773,-126.831055,-260.559082
1493852591.484212,-1.310547,0.839355,-0.446777,68.969727,-132.263184,-240.722656
1493852591.486879,-1.151855,0.723633,-0.408691,48.095703,-122.985840,-244.079590
1493852591.489789,-1.128418,0.597656,-0.484863,25.512695,-105.224609,-266.906738
1493852591.492661,-1.070801,0.275391,-0.495117,8.972168,-86.486816,-296.508789
1493852591.495220,-1.041992,0.313965,-0.469238,9.277344,-85.388184,-323.181152
1493852591.497791,-1.050781,0.234863,-0.368652,20.263672,-89.477539,-339.599609
1493852591.500362,-1.063965,0.192383,-0.411621,35.217285,-99.792480,-341.857910
1493852591.502912,-1.003418,0.333984,-0.342773,43.273926,-106.689453,-337.829590
1493852591.505460,-0.985840,0.293945,-0.423340,42.968750,-102.783203,-323.608398
1493852591.508016,-0.916992,0.302734,-0.337891,38.146973,-91.186523,-303.955078
1493852591.510575,-0.858398,0.380371,-0.294922,32.958984,-74.340820,-282.409668
1493852591.513128,-0.778809,0.423828,-0.356445,46.325684,-54.809570,-263.244629
1493852591.515677,-0.677246,0.479492,-0.383301,33.203125,-44.799805,-245.849609
1493852591.518230,-0.687012,0.574707,-0.443848,36.682129,-27.282715,-229.125977
1493852591.520784,-0.551758,0.579590,-0.350586,41.503906,-14.221191,-213.562012
1493852591.523336,-0.541504,0.630371,-0.371094,50.964355,-2.807617,-190.246582
1493852591.525882,-0.424805,0.660645,-0.337402,68.847656,11.108398,-188.964844
1493852591.528455,-0.250488,0.675293,-0.315918,101.013184,27.832031,-170.654297
1493852591.531103,-0.288574,0.582520,-0.294922,144.775391,42.175293,-153.503418
1493852591.533786,-0.296387,0.254883,-0.270996,171.386719,43.823242,-145.690918
1493852591.536473,-0.243652,0.073730,-0.054688,184.265137,48.828125,-158.386230
1493852591.539165,-0.243652,-0.120117,0.250977,191.162109,56.701660,-194.335938
1493852591.541856,-0.392090,-0.225586,-0.021484,200.256348,52.490234,-240.844727
1493852591.544540,-0.407715,-0.170410,-0.072266,181.762695,39.489746,-273.620605
1493852591.547226,-0.395996,0.104004,-0.526855,67.871094,3.906250,-256.958008
1493852591.549931,-0.356934,-0.012695,-0.197266,-67.504883,-30.151367,-189.147949
1493852591.552639,-0.229980,-0.219727,0.027344,-153.564453,-61.096191,-95.764160
1493852591.555326,-0.180176,-0.447266,0.085449,-149.291992,-78.491211,-5.920410
1493852591.558017,-0.133789,-0.519043,0.037109,-106.811523,-81.420898,65.673828
1493852591.560642,-0.151855,-0.451172,-0.183594,-56.884766,-64.514160,114.440918
1493852591.563196,-0.209473,-0.236328,-0.208984,-39.794922,-75.866699,148.742676
1493852591.565747,-0.264648,0.085938,-0.269043,-46.264648,-72.753906,177.185059
1493852591.568319,-0.268555,0.392090,-0.121582,-59.448242,-71.594238,207.153320
1493852591.570890,-0.329590,0.755859,-0.203125,-62.622070,-72.143555,217.590332
1493852591.573441,-0.284180,0.998535,-0.199219,-58.288574,-71.899414,238.830566
1493852591.575991,-0.250488,1.095703,-0.227051,-54.809570,-68.969727,249.694824
1493852591.578569,-0.207031,1.214355,-0.313965,-49.804688,-62.011719,246.520996
1493852591.581224,-0.141602,1.212891,-0.225586,-54.992676,-51.269531,229.919434
1493852591.583912,-0.055664,1.141113,-0.124512,-63.110352,-37.780762,204.162598
1493852591.586599,0.087402,0.966797,-0.208496,-74.707031,7.934570,176.330566
1493852591.589408,0.111328,0.972168,-0.205566,-80.200195,-4.821777,148.254395
1493852591.592093,0.108398,0.822266,-0.207031,-74.829102,5.065918,120.788574
1493852591.594778,0.192871,0.764648,-0.190918,-70.434570,16.052246,94.970703
1493852591.597462,0.171875,0.654785,-0.197266,-64.575195,22.338867,77.087402
1493852591.600156,0.017578,0.566895,-0.202148,-61.096191,45.715332,70.007324
1493852591.602841,0.030762,0.458984,-0.233398,-61.767578,38.208008,73.913574
1493852591.605525,-0.024414,0.335938,-0.308594,-67.199707,39.733887,82.397461
1493852591.608196,-0.101562,0.275391,-0.337891,-72.326660,40.405273,93.933105
1493852591.610801,-0.118164,0.236328,-0.269531,-74.157715,37.292480,104.980469
1493852591.613355,-0.167480,0.175293,-0.160645,-72.143555,34.301758,124.816895
1493852591.615910,-0.190918,0.168457,-0.200684,-67.260742,32.287598,119.934082
1493852591.618509,-0.222656,0.132324,-0.193359,-63.171387,30.517578,128.417969
1493852591.621174,-0.216309,0.161621,-0.193359,-59.204102,31.250000,139.221191
1493852591.623858,-0.183105,0.145996,-0.194824,-55.786133,31.127930,149.841309
1493852591.626538,-0.188965,0.130371,-0.124512,-52.856445,33.691406,161.865234
1493852591.629221,-0.178223,0.146484,-0.192383,-49.743652,34.606934,172.790527
1493852591.631907,-0.128906,0.136230,-0.193359,-47.851562,35.339355,182.800293
1493852591.634593,-0.164062,0.118652,-0.129883,-31.555176,34.851074,192.687988
1493852591.637277,-0.142090,0.132324,-0.214355,-45.410156,35.095215,199.584961
1493852591.639968,-0.155762,0.130859,-0.250488,-41.931152,35.522461,207.397461
1493852591.642660,-0.213867,0.114746,-0.172852,-40.832520,35.278320,213.317871
1493852591.645345,-0.202148,0.130371,-0.210938,-37.658691,37.841797,220.092773
1493852591.648043,-0.208496,0.152832,-0.162109,-34.484863,37.963867,225.891113
1493852591.650672,-0.146484,0.142578,-0.155762,-30.578613,39.855957,231.994629
1493852591.653224,-0.366211,0.157715,-0.230469,-26.611328,40.954590,238.525391
1493852591.655777,-0.130859,0.164062,-0.113281,-23.559570,42.419434,244.323730
1493852591.658361,-0.363281,0.147949,-0.160645,-19.592285,45.654297,249.694824
1493852591.661016,-0.262695,0.190918,-0.194824,-16.296387,46.386719,252.319336
1493852591.663699,-0.296875,0.170898,-0.187500,-11.352539,47.912598,256.958008
1493852591.666385,-0.309570,0.194824,-0.179199,-7.995605,48.828125,261.108398
1493852591.669075,-0.282715,0.202637,-0.227051,-2.929688,49.804688,280.090332
1493852591.671766,-0.296875,0.211914,-0.160645,1.159668,51.757812,268.249512
1493852591.674452,-0.354004,0.210938,-0.166016,5.065918,52.124023,272.094727
1493852591.677131,-0.301758,0.194336,-0.162598,8.789062,54.138184,275.695801
1493852591.679823,-0.326660,0.216797,-0.109375,12.451172,54.443359,277.832031
1493852591.682518,-0.357422,0.214844,-0.119629,16.052246,55.175781,280.090332
1493852591.685200,-0.250977,0.250488,-0.166504,20.141602,55.358887,282.043457
1493852591.687892,-0.385742,0.373535,-0.195312,22.827148,55.236816,285.766602
1493852591.690586,-0.439453,0.273438,-0.212891,24.230957,55.908203,290.100098
1493852591.693273,-0.414551,0.279785,-0.249512,25.268555,57.250977,295.776367
1493852591.695956,-0.425293,0.254883,-0.108887,26.123047,59.631348,300.903320
1493852591.698645,-0.448242,0.283691,-0.148926,28.503418,61.035156,303.771973
1493852591.701268,-0.464355,0.287109,-0.116699,45.532227,61.950684,304.809570
1493852591.703825,-0.508789,0.298828,-0.147461,32.165527,62.622070,304.809570
1493852591.706379,-0.556641,0.314941,-0.217773,34.606934,62.683105,304.748535
1493852591.709003,-0.515625,0.326660,-0.132324,35.156250,64.208984,305.236816
1493852591.711624,-0.554688,0.330566,-0.137695,37.719727,64.331055,306.335449
1493852591.714176,-0.535156,0.283203,-0.090820,37.475586,67.077637,307.006836
1493852591.716730,-0.556152,0.297363,-0.202637,39.123535,69.335938,308.349609
1493852591.719343,-0.570312,0.296387,-0.185547,36.987305,72.509766,310.852051
1493852591.722023,-0.595215,0.260254,-0.220215,38.574219,76.416016,314.392090
1493852591.724692,-0.585938,0.294922,-0.219238,37.658691,79.772949,317.871094
1493852591.727475,-0.737793,0.270996,-0.190918,37.170410,82.519531,321.655273
1493852591.730155,-0.671387,0.152832,-0.132324,37.292480,85.327148,324.768066
1493852591.732822,-0.672363,0.276855,-0.241211,37.719727,88.806152,328.247070
1493852591.735495,-0.654785,0.294434,-0.201172,37.841797,92.407227,331.848145
1493852591.738172,-0.710449,0.274902,-0.063965,36.682129,96.130371,336.120605
1493852591.740847,-0.726074,0.308594,-0.111328,36.743164,100.646973,338.989258
1493852591.743515,-0.748047,0.318848,-0.116211,35.217285,103.088379,341.613770
1493852591.746186,-0.794922,0.343750,-0.155762,33.081055,106.750488,343.750000
1493852591.748878,-0.817871,0.348633,-0.060547,33.142090,108.825684,345.336914
1493852591.751574,-0.860352,0.366211,-0.107422,30.761719,110.717773,346.130371
1493852591.754241,-0.923340,0.391113,-0.087891,30.761719,111.511230,348.266602
1493852591.756908,-0.960938,0.429688,-0.175781,29.968262,112.670898,349.304199
1493852591.759542,-1.007812,0.433594,-0.125488,29.174805,114.013672,349.670410
1493852591.762114,-1.060547,0.480469,-0.179688,27.099609,115.844727,349.548340
1493852591.764665,-1.087891,0.478516,-0.093262,24.475098,119.812012,349.365234
1493852591.767216,-1.177734,0.497070,-0.104004,22.155762,122.558594,347.167969
1493852591.769829,-1.171875,0.617188,-0.054688,18.310547,126.159668,343.566895
1493852591.772511,-1.208008,0.470215,-0.098633,16.784668,130.126953,339.660645
1493852591.775192,-1.267578,0.462891,-0.016113,16.113281,134.094238,335.998535
1493852591.777877,-1.352539,0.449219,-0.160645,10.925293,137.023926,333.923340
1493852591.780558,-1.412598,0.433594,-0.108887,7.263184,139.160156,333.496094
1493852591.783236,-1.427246,0.289551,-0.130371,2.136230,142.700195,334.533691
1493852591.785915,-1.532715,0.321777,-0.057617,-15.075684,147.155762,336.975098
1493852591.788602,-1.578125,0.275391,-0.024902,-4.821777,152.099609,344.909668
1493852591.791288,-1.606445,0.241699,-0.123535,-28.320312,155.578613,351.745605
1493852591.793975,-1.691406,0.236816,-0.099609,-19.287109,156.250000,353.454590
1493852591.796660,-1.770508,0.225586,-0.077637,-23.803711,153.320312,352.172852
1493852591.799356,-1.862793,0.221680,-0.087402,-26.977539,151.245117,352.478027
1493852591.802053,-1.897949,0.152832,-0.149414,-31.372070,150.756836,355.834961
1493852591.804739,-1.920410,0.100586,-0.087891,-39.123535,151.611328,362.121582
1493852591.807428,-1.892090,0.031250,-0.026367,-46.936035,152.343750,367.187500
1493852591.810061,-1.945801,-0.030762,0.012695,-53.588867,152.404785,368.591309
1493852591.812612,-1.924316,-0.078125,-0.041504,-59.020996,153.686523,367.187500
1493852591.815163,-1.949219,-0.150391,0.053223,-63.110352,155.456543,366.455078
1493852591.817735,-1.937500,-0.168457,-0.065918,-69.213867,154.174805,366.271973
1493852591.820306,-1.977539,-0.212402,-0.024414,-75.439453,161.254883,366.516113
1493852591.822856,-2.035156,-0.283203,-0.037109,-63.171387,147.216797,367.797852
1493852591.825404,-1.924805,-0.310547,-0.111816,-65.795898,147.155762,365.905762
1493852591.827973,-2.073242,-0.350586,-0.067383,-68.969727,140.686035,358.581543
1493852591.830616,-2.042969,-0.493164,-0.124512,-73.852539,137.084961,349.609375
1493852591.833302,-2.026855,-0.440918,-0.121094,-70.434570,133.728027,337.280273
1493852591.835985,-2.078613,-0.527344,-0.058105,-64.575195,133.728027,325.012207
1493852591.838673,-2.015625,-0.631348,-0.154297,-60.791016,131.530762,309.570312
1493852591.841361,-1.998535,-0.708008,-0.228516,-59.448242,129.272461,294.250488
1493852591.844043,-1.970703,-0.804688,-0.201172,-54.321289,128.662109,278.869629
1493852591.846724,-1.932129,-0.891602,-0.175781,-52.612305,127.075195,264.404297
1493852591.849411,-1.882324,-1.060547,-0.113281,-50.964355,128.967285,251.831055
1493852591.852094,-1.853516,-1.181641,-0.059570,-48.278809,127.685547,239.074707
1493852591.854777,-1.852051,-1.284668,0.003418,-45.593262,128.601074,226.928711
1493852591.857461,-1.812500,-1.491699,0.120605,-41.015625,127.075195,214.172363
1493852591.860095,-1.818359,-1.576660,0.154785,-38.330078,125.732422,192.321777
1493852591.862647,-1.764160,-1.569824,0.339844,-36.621094,121.887207,197.753906
1493852591.865317,-1.775391,-1.680664,0.405762,-32.592773,116.638184,189.453125
1493852591.867877,-1.693359,-1.712402,0.445312,-29.357910,111.694336,182.983398
1493852591.870504,-1.642090,-1.794922,0.614258,-23.925781,106.750488,175.476074
1493852591.873186,-1.620605,-1.826172,0.565918,-22.033691,101.745605,162.719727
1493852591.875867,-1.418945,-1.854980,0.554688,-18.676758,93.688965,144.714355
1493852591.878553,-1.388184,-1.905762,0.526855,-17.761230,87.585449,122.558594
1493852591.881240,-1.425781,-1.939941,0.458984,-18.493652,79.895020,99.853516
1493852591.883920,-1.392090,-2.003906,0.476562,-23.376465,74.890137,78.247070
1493852591.886601,-1.400391,-2.057617,0.397949,-30.578613,69.335938,57.250977
1493852591.889286,-1.464844,-2.110840,0.341797,-36.132812,60.485840,37.475586
1493852591.891969,-1.490234,-2.085938,0.403809,-38.146973,51.452637,20.996094
1493852591.894653,-1.356445,-2.049805,0.289062,-36.621094,45.166016,4.882812
1493852591.897336,-1.338379,-1.995117,0.181152,-31.677246,16.540527,-10.192871
1493852591.900018,-1.302734,-1.818848,0.242188,-27.038574,3.234863,-27.770996
1493852591.902696,-1.078125,-1.416992,0.172852,-24.597168,-13.000488,-68.664551
1493852591.905376,-0.919434,-1.145996,0.055664,-41.259766,2.563477,-131.896973
1493852591.908070,-0.858398,-1.500000,0.132812,-49.133301,3.784180,-182.189941
1493852591.910696,-1.406250,-1.912598,0.298340,-21.484375,-40.222168,-196.533203
1493852591.913249,-1.648926,-1.974121,0.091797,1.525879,-96.252441,-194.763184
1493852591.915799,-1.678711,-0.904785,0.159180,-22.521973,-111.755371,-193.969727
1493852591.918381,-1.853027,-0.542480,-0.894531,-114.196777,-99.060059,-204.284668
1493852591.921033,-1.493652,-0.603516,1.057617,-106.994629,-21.606445,-229.492188
1493852591.923717,-1.045898,-0.883789,0.455078,-33.630371,52.307129,-228.332520
1493852591.926401,-0.729004,-0.828125,0.647949,77.575684,93.444824,-202.026367
1493852591.929101,-0.662109,-0.463867,-0.320312,116.455078,90.759277,-158.142090
1493852591.931805,-0.805664,0.288574,-0.210449,126.708984,100.646973,-106.445312
1493852591.934492,-1.046387,0.916992,-0.607422,111.999512,97.717285,-47.546387
1493852591.937174,-1.279297,1.568359,-0.500000,122.741699,71.777344,9.338379
1493852591.939881,-1.433105,2.214844,-0.465332,122.558594,27.770996,52.062988
1493852591.942594,-1.376465,2.630859,-0.443359,111.694336,-22.033691,75.744629
1493852591.945275,-1.363281,2.797363,-0.443359,95.275879,-76.904297,60.302734
1493852591.947955,-1.128906,2.687988,-0.496094,99.121094,-120.056152,-11.657715
1493852591.950635,-0.924805,2.273438,-0.235840,71.044922,-137.329102,-132.629395
1493852591.953315,-0.730469,1.785156,0.043945,29.479980,-130.126953,-271.362305
1493852591.955997,-0.547852,1.050781,0.042480,-2.319336,-104.736328,-393.981934
1493852591.958655,-0.552246,0.467285,0.249512,-23.315430,-78.308105,-486.999512
1493852591.961248,-0.513184,-0.056641,0.241699,-27.038574,-68.481445,-546.203613
1493852591.963800,-0.447266,-0.635254,0.364258,-17.517090,-51.208496,-574.462891
1493852591.966353,-0.423828,-1.173828,0.299805,-3.051758,-46.203613,-576.354980
1493852591.968951,-0.433105,-1.410156,0.279297,7.934570,-47.058105,-558.532715
1493852591.971620,-0.589355,-1.658203,0.094727,4.455566,-45.227051,-513.916016
1493852591.974300,-0.808105,-1.609375,0.012207,-3.173828,-33.691406,-443.420410
1493852591.976983,-1.141113,-1.419434,-0.062988,-15.686035,-14.526367,-354.614258
1493852591.979690,-1.523438,-1.019043,-0.070801,-21.179199,-7.751465,-262.145996
1493852591.982390,-1.767578,-0.650391,-0.169922,-15.258789,-14.770508,-182.678223
1493852591.985073,-1.765625,-0.310547,-0.369141,0.061035,-35.461426,-131.530762
1493852591.987761,-1.669434,-0.051758,-0.178711,17.089844,-63.415527,-113.159180
1493852591.990450,-1.448242,0.206543,-0.306641,23.803711,-92.956543,-117.126465
1493852591.993132,-1.081543,0.261230,-0.241699,34.973145,-124.450684,-123.962402
1493852591.995811,-0.860840,0.498047,-0.269531,52.734375,-135.864258,-120.788574
1493852591.998498,-0.612793,0.367188,-0.147461,67.077637,-113.769531,-114.990234
1493852592.001297,-0.344727,0.268066,-0.282715,75.622559,-128.967285,-113.403320
1493852592.003979,-0.204102,0.275879,-0.208496,76.232910,-123.107910,-121.459961
1493852592.006660,-0.125977,0.251465,-0.217773,72.448730,-111.328125,-135.498047
1493852592.009310,-0.091797,0.274902,-0.283691,62.805176,-92.651367,-150.695801
1493852592.011894,-0.136230,0.244629,-0.233398,47.790527,-67.687988,-163.940430
1493852592.014448,-0.144531,0.222168,-0.346680,31.921387,-62.683105,-176.086426
1493852592.017000,-0.314453,0.161621,-0.292969,18.920898,-43.945312,-187.011719
1493852592.019606,-0.421387,0.106445,-0.443359,7.507324,-28.442383,-195.617676
1493852592.022280,-0.590820,0.041504,-0.453125,-3.479004,-19.470215,-198.852539
1493852592.024961,-0.855469,-0.014648,-0.387695,-16.967773,-14.587402,-201.416016
1493852592.027665,-0.800293,-0.064941,-0.371582,-30.944824,-10.620117,-199.157715
1493852592.030372,-0.854980,-0.151855,-0.350586,-41.931152,-11.474609,-194.030762
1493852592.033054,-0.916504,-0.251465,-0.328125,-52.124023,-21.301270,-174.011230
1493852592.035738,-0.908203,-0.275391,-0.300293,-56.213379,-34.179688,-181.945801
1493852592.038423,-0.778320,-0.362793,-0.210938,-59.020996,-49.438477,-168.518066
1493852592.041110,-0.864746,-0.390137,-0.228027,-64.514160,-64.208984,-152.526855
1493852592.043795,-0.897461,-0.401367,-0.007812,-72.937012,-70.251465,-135.620117
1493852592.046479,-0.859375,-0.426758,-0.090820,-75.805664,-75.317383,-116.821289
1493852592.049187,-0.826660,-0.419922,0.164062,-76.904297,-75.134277,-95.581055
1493852592.051898,-0.816406,-0.370605,0.087402,-74.279785,-71.777344,-73.181152
1493852592.054588,-0.657715,-0.283203,0.069824,-71.166992,-64.697266,-51.818848
1493852592.057274,-0.730469,-0.222168,0.005371,-63.964844,-56.945801,-36.193848
1493852592.059906,-0.684570,-0.125977,-0.090820,-58.898926,-52.856445,-29.663086
1493852592.062469,-0.670410,-0.028809,-0.024902,-47.668457,-48.706055,-25.878906
1493852592.065020,-0.621582,0.035156,-0.069824,-41.748047,-48.400879,-22.583008
1493852592.067569,-0.619141,0.060547,-0.120117,-34.484863,-48.217773,-20.690918
1493852592.070118,-0.633301,0.045898,-0.007324,-31.311035,-48.461914,-23.071289
1493852592.072669,-0.579590,0.031738,0.057129,-29.907227,-47.058105,-26.184082
1493852592.075219,-0.635742,-0.033691,0.040039,-29.541016,-42.968750,-32.470703
1493852592.077780,-0.656250,-0.065430,0.050293,-28.747559,-38.757324,-38.513184
1493852592.080410,-0.680664,-0.041992,-0.053711,-28.381348,-33.813477,-40.588379
1493852592.083091,-0.709473,-0.077148,-0.118652,-28.625488,-28.747559,-38.818359
1493852592.085779,-0.689941,-0.019531,-0.028809,-28.137207,-24.475098,-34.912109
1493852592.088470,-0.742188,-0.012695,0.010254,-21.667480,-21.484375,-28.747559
1493852592.091161,-0.729980,0.034180,-0.099609,-17.578125,-21.118164,-23.071289
1493852592.093845,-0.698242,0.052734,-0.006836,-13.610840,-21.179199,-18.432617
1493852592.096531,-0.731934,0.062500,-0.120605,-11.535645,-21.789551,-17.089844
1493852592.099220,-0.648926,0.103027,-0.133301,-12.329102,-21.606445,-17.272949
1493852592.101906,-0.597168,0.078613,-0.114746,-13.854980,-21.728516,-20.202637
1493852592.104592,-0.631348,0.063965,-0.075195,-14.221191,-22.216797,-22.888184
1493852592.107275,-0.622559,0.048828,-0.089355,-11.352539,-21.545410,-24.719238
1493852592.109903,-0.594727,0.059570,-0.020508,-12.695312,-18.737793,-24.108887
1493852592.112464,-0.626953,0.048828,-0.123047,-14.160156,-15.014648,-22.277832
1493852592.115020,-0.578125,0.054199,-0.023926,-13.854980,-12.878418,-20.874023
1493852592.117573,-0.664551,0.038574,-0.023926,-13.427734,-12.817383,-18.493652
1493852592.120192,-0.656738,0.051758,-0.123047,-12.390137,-12.817383,-16.357422
1493852592.122874,-0.696777,0.077637,-0.156250,-11.840820,-13.427734,-14.221191
1493852592.125554,-0.706543,0.067871,-0.121094,-11.169434,-14.160156,-13.122559
1493852592.128261,-0.726562,0.077637,-0.132324,-9.826660,-14.282227,-11.779785
1493852592.130969,-0.722168,0.058594,-0.089844,-9.277344,-13.000488,-10.681152
1493852592.133653,-0.729004,0.052246,-0.009766,-10.559082,-11.352539,-9.094238
1493852592.136446,-0.703125,0.060547,-0.111328,-9.155273,-9.765625,-7.385254
1493852592.139130,-0.642090,0.072754,-0.085449,-8.117676,-9.826660,-5.493164
1493852592.141807,-0.674805,0.069824,-0.043457,-6.469727,-11.169434,-4.882812
1493852592.144486,-0.630371,0.062012,-0.025879,-5.676270,-11.718750,-4.333496
1493852592.147163,-0.648438,0.037109,-0.058594,-2.258301,-12.817383,-3.417969
1493852592.149805,-0.654785,0.046387,-0.113281,-1.281738,-13.244629,-2.136230
1493852592.152379,-0.654785,0.049805,-0.189453,-1.281738,-13.854980,-0.366211
1493852592.154923,-0.653809,0.066406,-0.098633,1.220703,-14.282227,1.098633
1493852592.157472,-0.641113,0.062988,-0.128906,0.793457,-14.953613,2.807617
1493852592.160115,-0.675293,0.073730,-0.082031,2.136230,-15.075684,4.638672
1493852592.162791,-0.655762,0.084961,-0.130859,2.136230,-16.662598,5.981445
1493852592.165465,-0.660156,0.076172,-0.015137,1.953125,-17.272949,6.164551
1493852592.168148,-0.706543,0.078613,-0.011230,4.394531,-17.822266,6.164551
1493852592.170831,-0.678223,0.109375,-0.121582,6.225586,-18.371582,5.310059
1493852592.173529,-0.681152,0.130371,-0.135254,7.690430,-18.676758,4.699707
1493852592.176224,-0.676758,0.119141,-0.028320,9.216309,-18.737793,3.356934
1493852592.178927,-0.679199,0.246094,-0.096680,9.277344,-19.226074,2.258301
1493852592.181631,-0.646484,0.138184,-0.099609,9.704590,-18.249512,-15.014648
1493852592.184316,-0.660156,0.143066,-0.077148,11.108398,-17.822266,-2.136230
1493852592.187002,-0.636719,0.135254,-0.115234,9.826660,-15.686035,-4.821777
1493852592.189634,-0.627930,0.137695,-0.091797,8.239746,-14.343262,-8.178711
1493852592.192198,-0.634277,0.149902,-0.133301,7.873535,-13.610840,-10.681152
1493852592.194749,-0.636719,0.002930,-0.159668,7.263184,-12.634277,-13.488770
1493852592.197304,-0.674316,0.132324,-0.072754,8.422852,-12.329102,-16.601562
1493852592.199938,-0.626953,0.099121,-0.104980,7.873535,-11.718750,-18.310547
1493852592.202641,-0.636719,0.106445,-0.224121,8.239746,-13.610840,-20.202637
1493852592.205327,-0.663574,0.086914,-0.020020,6.286621,-13.916016,-20.507812
1493852592.208014,-0.737793,0.086914,-0.116211,3.601074,-14.160156,-20.751953
1493852592.210701,-0.680176,0.053711,-0.067383,2.075195,-13.305664,-19.714355
1493852592.213385,-0.645996,0.057617,-0.089355,2.258301,-13.488770,-19.897461
1493852592.216068,-0.642090,0.038086,-0.229004,4.516602,-14.770508,-19.226074
1493852592.218760,-0.638184,0.061523,-0.145996,7.446289,-16.601562,-18.432617
1493852592.221454,-0.700195,0.049805,-0.069824,9.704590,-20.202637,-17.456055
1493852592.224137,-0.664551,0.058105,-0.099121,10.681152,-23.437500,-15.136719
1493852592.226818,-0.666992,0.030762,-0.080566,11.291504,-27.038574,-13.793945
1493852592.229503,-0.682129,0.043457,-0.239746,12.023926,-28.259277,-13.122559
1493852592.232190,-0.629883,0.063965,-0.222656,13.854980,-29.907227,-12.023926
1493852592.234872,-0.645996,0.075684,-0.121582,15.197754,-32.287598,-11.352539
1493852592.237554,-0.626465,0.063965,-0.118652,16.357422,-34.790039,-11.291504
1493852592.240170,-0.663574,0.082031,-0.107422,17.028809,-35.949707,-10.375977
1493852592.242725,-0.663574,0.064453,-0.081543,17.517090,-37.231445,-10.314941
1493852592.245278,-0.612793,0.083984,-0.054688,18.493652,-37.963867,-11.169434
1493852592.247836,-0.644531,0.083984,-0.094238,20.874023,-39.062500,-12.145996
1493852592.250461,-0.682129,0.107422,-0.138672,21.911621,-38.879395,-13.671875
1493852592.253131,-0.668457,0.106445,-0.060059,19.897461,-39.794922,-15.869141
1493852592.255800,-0.685547,0.126953,-0.095703,17.150879,-38.391113,-18.005371
1493852592.258476,-0.644531,0.115234,-0.091797,14.770508,-35.217285,-20.080566
1493852592.261152,-0.645508,0.126465,-0.053711,11.840820,-30.822754,-21.118164
1493852592.263819,-0.628906,0.132324,-0.051758,8.300781,-26.611328,-23.132324
1493852592.266489,-0.623535,0.094238,-0.066406,6.591797,-21.362305,-25.146484
1493852592.269156,-0.645508,0.085938,-0.097656,8.850098,-20.141602,-27.465820
1493852592.271810,-0.681152,0.104004,-0.119629,11.596680,-20.507812,-30.456543
1493852592.274488,-0.655762,0.062988,-0.161621,11.718750,-21.057129,-46.630859
1493852592.277295,-0.649902,0.048828,-0.067383,14.770508,-21.911621,-31.738281
1493852592.279985,-0.700195,0.039062,-0.111816,16.052246,-21.850586,-29.907227
1493852592.282680,-0.671387,0.028809,-0.233398,18.615723,-21.423340,-28.808594
1493852592.285367,-0.708008,0.022461,-0.064453,19.531250,-23.071289,-27.404785
1493852592.288063,-0.637695,0.012207,-0.136230,21.667480,-25.634766,-25.939941
1493852592.290691,-0.736328,0.077148,-0.168457,24.658203,-27.770996,-24.658203
1493852592.293242,-0.739258,0.074219,-0.106934,26.794434,-30.761719,-25.024414
1493852592.295794,-0.831055,0.085938,-0.111328,28.259277,-33.630371,-24.841309
1493852592.298370,-0.648438,0.060547,-0.121094,30.883789,-35.583496,-25.268555
1493852592.301019,-0.740234,0.104004,-0.147949,34.118652,-38.208008,-25.268555
1493852592.303707,-0.744141,0.080078,-0.198730,36.254883,-40.039062,-24.047852
1493852592.306389,-0.718262,0.085449,-0.190430,39.123535,-40.771484,-23.803711
1493852592.309089,-0.637695,0.103516,-0.046387,37.048340,-42.175293,-26.550293
1493852592.311790,-0.632324,0.117188,-0.052246,32.653809,-42.175293,-29.663086
1493852592.314474,-0.633301,0.229004,-0.048340,27.893066,-39.855957,-32.226562
1493852592.317160,-0.617188,0.247559,-0.091797,28.747559,-36.865234,-34.973145
1493852592.319868,-0.626953,0.093262,-0.091309,28.015137,-34.606934,-38.024902
1493852592.322577,-0.562012,0.077148,-0.044922,26.367188,-32.165527,-39.611816
1493852592.325264,-0.642090,0.095215,-0.095703,24.536133,-31.127930,-41.931152
1493852592.327950,-0.644531,0.056641,-0.073730,23.864746,-28.320312,-43.273926
1493852592.330636,-0.711914,0.062988,-0.104980,23.864746,-27.770996,-45.227051
1493852592.333323,-0.716309,0.043457,-0.113770,21.789551,-27.404785,-45.776367
1493852592.336010,-0.727539,0.044434,-0.120605,22.033691,-26.550293,-46.630859
1493852592.338677,-0.722168,0.033203,-0.084961,21.850586,-27.038574,-47.058105
1493852592.341271,-0.732422,0.046387,-0.079590,24.841309,-26.184082,-47.241211
1493852592.343822,-0.724121,0.009277,-0.054688,25.024414,-26.611328,-47.790527
1493852592.346373,-0.735352,0.002930,-0.059570,27.038574,-27.465820,-47.119141
1493852592.348971,-0.733887,0.029297,-0.071777,28.137207,-28.320312,-46.875000
1493852592.351638,-0.715820,0.054688,-0.166992,27.404785,-27.770996,-49.377441
1493852592.354321,-0.701172,0.036133,-0.043945,27.832031,-25.451660,-51.086426
1493852592.356999,-0.714355,0.002441,-0.224121,32.287598,-24.353027,-51.513672
1493852592.359686,-0.734375,0.012695,-0.153809,35.034180,-24.475098,-53.588867
1493852592.362374,-0.845215,0.034180,-0.177734,34.851074,-27.038574,-54.077148
1493852592.365056,-0.736328,0.020508,-0.130859,36.560059,-27.282715,-55.175781
1493852592.367745,-0.773438,-0.012695,-0.160645,39.978027,-26.733398,-56.762695
1493852592.370435,-0.743164,-0.020508,-0.257812,47.546387,-24.841309,-56.579590
1493852592.373118,-0.737793,-0.034180,-0.208984,52.917480,-23.254395,-57.556152
1493852592.375801,-0.872559,0.002441,-0.175293,54.870605,-24.536133,-58.837891
1493852592.378489,-0.789551,0.041016,-0.138184,52.673340,-44.799805,-61.096191
1493852592.381179,-0.756836,0.062012,-0.086914,49.621582,-33.813477,-61.523438
1493852592.383863,-0.784668,0.054199,0.043457,54.687500,-35.644531,-60.424805
1493852592.386548,-0.814453,0.080566,0.069336,55.908203,-37.841797,-59.020996
1493852592.389216,-0.864746,0.148926,0.127930,48.645020,-40.954590,-57.556152
1493852592.391816,-0.841797,0.173828,0.119141,39.001465,-44.494629,-56.579590
1493852592.394368,-0.851074,0.162109,0.153809,42.236328,-40.466309,-56.213379
1493852592.396920,-0.799805,0.169434,0.045898,47.424316,-34.545898,-57.495117
1493852592.399535,-0.794922,0.177246,0.026367,47.302246,-32.653809,-60.913086
1493852592.402220,-0.807617,0.187500,0.090820,41.748047,-34.423828,-64.636230
1493852592.404902,-0.789551,0.190430,0.111328,36.682129,-37.963867,-71.044922
1493852592.407583,-0.770508,0.268066,0.001465,35.766602,-40.649414,-77.392578
1493852592.410319,-0.795898,0.255371,0.189941,16.174316,-39.978027,-83.374023
1493852592.413000,-0.844727,0.306641,0.159180,27.648926,-36.499023,-89.599609
1493852592.415789,-0.837402,0.332031,0.183105,3.479004,-33.142090,-93.872070
1493852592.418477,-0.899902,0.291504,0.214844,11.962891,-31.799316,-96.557617
1493852592.421165,-0.908203,0.289551,0.131836,6.958008,-32.714844,-98.815918
1493852592.423842,-0.953125,0.262695,0.147461,2.502441,-35.217285,-101.684570
1493852592.426522,-1.000977,0.188965,0.160156,-0.244141,-37.963867,-103.149414
1493852592.429205,-1.015625,0.171387,0.091797,-0.549316,-39.794922,-101.379395
1493852592.431892,-1.057617,0.086914,0.203125,-0.061035,-42.236328,-96.862793
1493852592.434578,-1.091309,0.116211,0.084473,0.427246,-48.156738,-92.956543
1493852592.437261,-1.039062,0.157715,0.058594,0.793457,-51.025391,-94.665527
1493852592.439893,-1.066406,0.200684,0.128906,0.488281,-57.250977,-100.463867
1493852592.442458,-1.075195,0.279297,0.083496,2.258301,-61.218262,-111.145020
1493852592.445010,-1.007324,0.343262,0.084473,-1.586914,-59.020996,-123.779297
1493852592.447562,-1.033203,0.330078,0.025879,-12.939453,-54.565430,-130.004883
1493852592.450113,-1.023438,0.303711,-0.035156,-18.615723,-48.889160,-139.038086
1493852592.452663,-1.079590,0.247559,-0.121582,-21.240234,-47.668457,-145.080566
1493852592.455214,-1.158691,0.212891,-0.198730,-19.165039,-47.363281,-145.202637
1493852592.457776,-1.114746,0.169922,-0.132812,-15.808105,-48.217773,-146.484375
1493852592.460413,-1.158691,0.208984,-0.264648,-15.563965,-32.592773,-155.456543
1493852592.463096,-1.155762,0.202637,-0.166504,-19.226074,-43.457031,-167.785645
1493852592.465781,-1.205566,0.181152,-0.287109,-21.240234,-36.621094,-177.001953
1493852592.468487,-1.210938,0.202148,-0.307129,-21.606445,-31.677246,-180.053711
1493852592.471192,-1.203613,0.210449,-0.280762,-21.057129,-31.860352,-183.044434
1493852592.473876,-1.220215,0.156250,-0.207031,-19.226074,-32.470703,-183.959961
1493852592.476557,-1.216309,0.196777,-0.186035,-13.549805,-32.836914,-185.607910
1493852592.479273,-1.213867,0.170898,-0.259277,-10.437012,-31.311035,-187.194824
1493852592.481991,-1.161621,0.187988,-0.212891,-6.408691,-32.409668,-188.537598
1493852592.484674,-1.375000,0.222168,-0.195312,-4.638672,-35.644531,-189.697266
1493852592.487355,-1.322754,0.278809,-0.112793,-0.244141,-38.024902,-187.500000
1493852592.489988,-1.354980,0.407715,-0.232422,-0.610352,-39.184570,-184.448242
1493852592.492555,-1.395508,0.486328,-0.104980,-1.098633,-38.635254,-183.593750
1493852592.495106,-1.450684,0.585938,-0.359375,-3.906250,-39.978027,-182.373047
1493852592.497657,-1.523438,0.650391,-0.347168,-3.173828,-42.663574,-183.410645
1493852592.500334,-1.557617,0.714844,-0.507324,-0.671387,-46.630859,-185.485840
1493852592.503018,-1.583008,0.742676,-0.474121,2.746582,-50.415039,-188.659668
1493852592.505700,-1.532715,0.826660,-0.529785,7.629395,-52.307129,-199.523926
1493852592.508390,-1.541992,0.813965,-0.552246,7.141113,-49.560547,-218.444824
1493852592.511077,-1.488281,0.967773,-0.501953,7.751465,-47.180176,-231.872559
1493852592.513757,-1.422852,0.856445,-0.467285,9.460449,-44.738770,-248.229980
1493852592.516443,-1.370605,0.801270,-0.462402,13.366699,-46.875000,-258.422852
1493852592.519133,-1.299805,0.778809,-0.377930,17.089844,-52.490234,-266.174316
1493852592.521821,-1.346680,0.716797,-0.416992,20.751953,-57.800293,-274.902344
1493852592.524503,-1.388672,0.698730,-0.323242,24.963379,-59.265137,-284.118652
1493852592.527185,-1.422852,0.640625,-0.230469,24.780273,-60.485840,-292.724609
1493852592.529833,-1.409668,0.617676,-0.132324,21.484375,-61.828613,-300.659180
1493852592.532413,-1.460938,0.574219,-0.060547,10.314941,-62.438965,-309.204102
1493852592.534965,-1.484375,0.527344,-0.062500,-4.760742,-59.143066,-317.993164
1493852592.537515,-1.481445,0.466797,-0.034180,-20.629883,-53.222656,-322.387695
1493852592.540126,-1.527344,0.341797,0.019043,-38.696289,-47.790527,-330.444336
1493852592.542810,-1.571777,0.203613,-0.087891,-50.964355,-47.058105,-337.463379
1493852592.545499,-1.536621,-0.118164,-0.067383,-46.569824,-50.231934,-346.679688
1493852592.548191,-1.697266,-0.030762,-0.057617,-25.512695,-61.401367,-354.736328
1493852592.550994,-1.669434,-0.021973,-0.189453,5.187988,-71.105957,-364.501953
1493852592.553679,-1.715820,0.145020,-0.256836,42.541504,-79.528809,-368.347168
1493852592.556363,-1.673340,0.376953,-0.414551,83.740234,-90.759277,-363.891602
1493852592.559076,-1.509277,0.744141,-0.534668,116.882324,-107.788086,-346.374512
1493852592.561787,-1.450195,0.878418,-0.560547,125.915527,-126.342773,-322.509766
1493852592.564471,-1.430664,0.928711,-0.519531,106.628418,-143.798828,-295.227051
1493852592.567158,-1.356934,0.908691,-0.595215,71.044922,-155.273438,-276.123047
1493852592.569817,-1.190918,0.769531,-0.596191,18.249512,-150.573730,-270.507812
1493852592.572407,-1.122559,0.614258,-0.623535,15.319824,-131.286621,-281.921387
1493852592.574960,-1.034668,0.447754,-0.552246,1.037598,-103.454590,-305.969238
1493852592.577507,-1.024414,0.345703,-0.449219,2.014160,-95.886230,-330.993652
1493852592.580073,-0.980469,0.274902,-0.447754,13.000488,-81.115723,-349.182129
1493852592.582623,-0.940430,0.291016,-0.329590,23.864746,-75.500488,-354.858398
1493852592.585172,-0.953125,0.328125,-0.435059,27.465820,-73.120117,-358.642578
1493852592.587743,-0.892578,0.479980,-0.384766,24.230957,-71.838379,-349.792480
1493852592.590387,-0.911621,0.432129,-0.439941,20.568848,-69.030762,-329.284668
1493852592.593072,-0.826172,0.457031,-0.491211,19.531250,-61.950684,-301.147461
1493852592.595760,-0.826172,0.475098,-0.416504,22.583008,-51.086426,-270.629883
1493852592.598467,-0.735352,0.542969,-0.443359,44.799805,-36.499023,-240.539551
1493852592.601172,-0.627930,0.564453,-0.385254,57.617188,-22.277832,-216.186523
1493852592.603856,-0.539062,0.522461,-0.300781,72.448730,-6.958008,-197.937012
1493852592.606538,-0.407715,0.582520,-0.269531,95.886230,11.901855,-185.058594
1493852592.609222,-0.269531,0.525391,-0.257324,151.245117,32.043457,-175.354004
1493852592.611912,-0.287598,0.311035,-0.197266,167.175293,46.203613,-172.241211
1493852592.614597,-0.144043,0.041504,-0.134766,202.514648,57.250977,-186.828613
1493852592.617280,-0.222656,-0.135742,0.178223,226.501465,65.612793,-223.388672
1493852592.619910,-0.335449,-0.330078,-0.030762,238.037109,47.424316,-275.268555
1493852592.622475,-0.347168,-0.317383,-0.178711,224.914551,48.278809,-314.453125
1493852592.625029,-0.323242,-0.147949,-0.714844,155.090332,18.127441,-300.048828
1493852592.627579,-0.305664,-0.114746,-0.523926,13.671875,-26.489258,-222.595215
1493852592.630192,-0.185547,-0.270508,-0.154785,-116.699219,-69.946289,-112.915039
1493852592.632861,-0.138184,-0.491699,-0.003418,-162.292480,-105.590820,-69.458008
1493852592.635527,-0.071289,-0.635742,-0.050293,-127.014160,-119.079590,21.484375
1493852592.638198,-0.245605,-0.574219,-0.095215,-85.937500,-105.102539,84.777832
1493852592.640870,-0.269043,-0.258789,-0.265137,-66.345215,-88.989258,125.976562
1493852592.643536,-0.328125,-0.108398,-0.264648,-74.951172,-75.378418,155.883789
1493852592.646204,-0.396484,0.257812,-0.279297,-82.336426,-70.495605,188.171387
1493852592.648876,-0.438477,0.562012,-0.351562,-93.872070,-68.237305,223.327637
1493852592.651551,-0.468750,0.834961,-0.395020,-97.778320,-66.528320,257.995605
1493852592.654217,-0.437500,1.017090,-0.350586,-97.412109,-66.345215,281.799316
1493852592.656881,-0.333496,1.120117,-0.476074,-93.688965,-66.040039,291.625977
1493852592.659511,-0.163574,1.150879,-0.361816,-93.566895,-64.758301,284.667969
1493852592.662082,-0.118164,1.184082,-0.340820,-93.017578,-47.546387,261.596680
1493852592.664635,0.034180,1.007324,-0.341309,-91.857910,-55.725098,227.539062
1493852592.667187,0.140137,1.110840,-0.145020,-83.557129,-41.625977,192.871094
1493852592.669839,0.195801,0.998047,-0.250000,-78.063965,-31.188965,154.418945
1493852592.672564,0.301270,0.918945,-0.206543,-68.298340,-14.587402,118.896484
1493852592.675249,0.288574,0.802734,-0.174805,-62.744141,5.126953,105.285645
1493852592.677939,0.301270,0.690430,-0.238770,-63.476562,22.033691,68.786621
1493852592.680634,0.225586,0.581055,-0.253418,-68.481445,34.057617,72.753906
1493852592.683319,0.121582,0.433105,-0.185547,-74.523926,38.818359,70.861816
1493852592.686113,0.023438,0.339355,-0.224121,-76.477051,39.978027,73.791504
1493852592.688809,-0.040527,0.260254,-0.200684,-72.265625,39.123535,79.284668
1493852592.691502,-0.103027,0.227051,-0.278809,-67.321777,38.513184,86.120605
1493852592.694185,-0.193359,0.162109,-0.149902,-61.828613,38.879395,95.458984
1493852592.696867,-0.196777,0.165527,-0.293457,-57.861328,39.489746,106.201172
1493852592.699553,-0.185547,0.128906,-0.198730,-54.748535,41.015625,120.361328
1493852592.702239,-0.154297,0.130371,-0.238281,-52.917480,42.114258,134.460449
1493852592.704925,-0.147461,0.096680,-0.187012,-50.598145,42.297363,149.047852
1493852592.707614,-0.114258,0.130859,-0.126465,-48.156738,43.701172,161.376953
1493852592.710354,-0.080078,0.157715,-0.251953,-49.072266,44.128418,171.447754
1493852592.713041,-0.111328,0.133301,-0.244141,-48.889160,43.762207,180.175781
1493852592.715724,-0.101074,0.131836,-0.232422,-49.255371,43.945312,186.401367
1493852592.718416,-0.104980,0.156250,-0.222656,-49.438477,43.212891,194.152832
1493852592.721110,-0.115234,0.210449,-0.338867,-50.659180,42.785645,202.148438
1493852592.723794,-0.152344,0.193359,-0.250000,-50.781250,41.931152,210.449219
1493852592.726482,-0.175293,0.181641,-0.288574,-50.903320,41.870117,218.750000
1493852592.729170,-0.198730,0.155762,-0.214844,-51.452637,41.992188,225.646973
1493852592.731858,-0.270508,0.166016,-0.286621,-50.598145,43.090820,231.689453
1493852592.734543,-0.246094,0.168457,-0.226562,-49.865723,44.250488,236.572266
