1493852598.045636,-2.456055,-0.783203,-0.197754,-34.667969,124.084473,405.395508
1493852598.048330,-2.460449,-0.903809,-0.294922,-32.714844,121.459961,394.958496
1493852598.050934,-2.475098,-0.996094,-0.241211,-28.747559,117.980957,388.854980
1493852598.053484,-2.458008,-1.116699,-0.259277,-20.996094,114.379883,375.305176
1493852598.056042,-2.262695,-1.208008,-0.282715,-11.596680,111.389160,360.961914
1493852598.058645,-2.179199,-1.210938,-0.192871,-7.324219,110.168457,345.520020
1493852598.061242,-2.118652,-1.369629,-0.160645,1.953125,111.877441,330.383301
1493852598.063789,-2.055664,-1.321289,0.006836,7.141113,114.196777,314.636230
1493852598.066381,-2.047852,-1.423340,0.084473,5.065918,114.440918,296.447754
1493852598.069033,-1.964355,-1.476074,0.330566,2.075195,114.624023,275.695801
1493852598.071639,-1.897949,-1.541992,0.568848,0.915527,111.572266,252.197266
1493852598.074308,-1.824219,-1.587891,0.603027,2.319336,108.032227,232.482910
1493852598.076993,-1.856445,-1.703125,0.566406,1.159668,103.576660,215.820312
1493852598.080144,-1.966309,-1.802246,0.609863,-17.028809,92.712402,201.782227
1493852598.083544,-2.076660,-1.976074,0.597168,-29.907227,79.345703,172.119141
1493852598.086434,-2.046387,-2.083984,0.573730,-38.513184,63.598633,144.958496
1493852598.089139,-1.914062,-2.162598,0.492676,-40.954590,47.424316,112.243652
1493852598.092508,-1.791992,-2.427734,0.501465,-40.954590,29.357910,68.115234
1493852598.095897,-1.579590,-2.515137,0.524902,-44.799805,22.949219,39.611816
1493852598.098574,-1.437500,-2.601074,0.412598,-52.185059,23.498535,17.883301
1493852598.101168,-1.403809,-2.656250,0.451172,-63.232422,22.888184,13.305664
1493852598.103719,-1.377441,-2.672852,0.467285,-71.655273,15.258789,-9.948730
1493852598.106273,-1.378906,-2.655762,0.605469,-90.515137,0.061035,-35.278320
1493852598.108859,-1.401855,-2.609863,0.587891,-81.420898,-14.343262,-63.781738
1493852598.111440,-1.442871,-2.581055,0.433105,-84.533691,-19.287109,-87.829590
1493852598.113986,-1.466309,-2.559082,0.619629,-79.956055,-27.282715,-102.294922
1493852598.116538,-1.451172,-2.468262,0.426758,-69.763184,-31.799316,-108.886719
1493852598.119110,-1.419922,-2.378906,0.458008,-60.974121,-34.606934,-110.900879
1493852598.121679,-1.410156,-2.238281,0.431641,-54.870605,-36.132812,-116.760254
1493852598.124230,-1.585938,-1.369141,-0.812988,-55.603027,-40.649414,-127.258301
1493852598.126782,-1.749512,-1.243652,0.424316,10.192871,32.409668,-158.142090
1493852598.129389,-1.712891,-1.314453,-0.148926,66.589355,167.236328,-209.899902
1493852598.131998,-1.519531,-1.502441,0.295898,85.571289,244.201660,-268.737793
1493852598.134549,-1.543945,-1.692383,-1.324707,94.970703,219.665527,-322.509766
1493852598.137101,-2.002930,-1.167480,0.278320,188.293457,230.773926,-352.783203
1493852598.139729,-3.579590,0.458984,0.082031,242.553711,274.536133,-323.791504
1493852598.142358,-4.882324,1.785156,-0.242676,253.723145,273.193359,-219.055176
1493852598.144912,-4.614746,2.125488,-0.280762,294.433594,254.760742,-136.596680
1493852598.147466,-2.995605,1.604492,-1.108887,294.311523,203.063965,-96.740723
1493852598.150143,-1.358887,1.496582,-1.714355,286.926270,82.031250,-47.424316
1493852598.152693,-0.898438,1.593750,-2.201172,297.241211,-100.952148,-30.944824
1493852598.155245,-0.886230,1.917969,-2.122070,303.771973,-325.561523,-102.233887
1493852598.157903,-1.043945,1.759766,-1.522949,286.926270,-550.109863,-256.042480
1493852598.160561,-0.668457,0.855469,-0.395020,246.582031,-734.313965,-451.232910
1493852598.163114,-0.338867,0.093262,0.848633,182.678223,-831.237793,-639.648438
1493852598.165673,-0.110352,-0.598633,1.896973,111.877441,-855.346680,-780.700684
1493852598.168308,0.193359,-1.234375,2.545410,51.452637,-764.709473,-842.834473
1493852598.170985,0.536621,-1.635742,1.990723,12.023926,-531.066895,-811.767578
1493852598.173704,0.566895,-1.859375,0.858887,-27.038574,-218.383789,-704.101562
1493852598.176537,-0.153320,-1.842285,-0.030273,-88.806152,51.086426,-602.844238
1493852598.179421,-1.358887,-1.408203,-0.576660,-145.202637,206.481934,-524.414062
1493852598.182201,-2.050781,-0.978027,-0.797363,-164.855957,147.766113,-474.243164
1493852598.185030,-2.478516,-0.820801,-0.965820,-101.379395,23.620605,-414.611816
1493852598.188022,-2.306641,-0.929688,-0.558105,-87.402344,-96.862793,-324.340820
1493852598.191013,-1.675781,-0.716797,-0.235840,-4.882812,-206.054688,-224.853516
1493852598.193694,-1.164062,-0.470703,-0.130371,46.752930,-260.070801,-136.230469
1493852598.196378,-0.613281,-0.163574,-0.096680,86.975098,-252.807617,-58.410645
1493852598.199051,-0.202637,-0.190918,-0.218750,114.746094,-219.055176,0.793457
1493852598.201653,0.013672,-0.177246,-0.210449,140.319824,-187.377930,21.179199
1493852598.204207,0.091797,-0.074219,-0.464355,127.929688,-163.879395,-8.239746
1493852598.206759,0.004883,0.101562,-0.413574,112.976074,-153.869629,-82.214355
1493852598.209319,-0.122559,0.379883,-0.587891,78.918457,-131.774902,-167.175293
1493852598.211877,-0.231934,0.522949,-0.257812,35.705566,-97.839355,-230.041504
1493852598.214427,-0.333496,0.371094,-0.318359,-6.103516,-73.608398,-267.578125
1493852598.216975,-0.521484,0.039062,-0.229004,-48.706055,-59.875488,-282.531738
1493852598.219584,-0.690430,-0.313965,0.016602,-84.960938,-52.978516,-299.987793
1493852598.222269,-0.789551,-0.593750,0.136719,-108.276367,-61.767578,-308.166504
1493852598.224957,-0.783203,-0.780762,0.065430,-112.487793,-70.983887,-293.395996
1493852598.227665,-0.891602,-0.820801,-0.044434,-95.092773,-69.885254,-251.037598
1493852598.230302,-0.932617,-0.648438,-0.136719,-84.045410,-59.265137,-188.781738
1493852598.232856,-1.020508,-0.565430,-0.267090,-84.899902,-49.011230,-123.291016
1493852598.235405,-0.936035,-0.354004,-0.273438,-68.908691,-48.217773,-73.730469
1493852598.237963,-0.822266,-0.127441,-0.153809,-50.354004,-55.114746,-43.762207
1493852598.240521,-0.714355,-0.217773,-0.031738,-28.503418,-73.730469,-24.230957
1493852598.243065,-0.618652,-0.133789,0.145508,-14.343262,-87.341309,-19.348145
1493852598.245613,-0.632812,-0.365234,0.060547,-21.606445,-93.933105,-18.493652
1493852598.248219,-0.603027,-0.251465,0.095215,-37.414551,-86.791992,-20.080566
1493852598.250831,-0.604492,-0.272949,0.040039,-43.395996,-67.504883,-16.662598
1493852598.253384,-0.537598,-0.174316,-0.007812,-48.706055,-43.701172,-5.737305
1493852598.255934,-0.578613,-0.009277,-0.092773,-48.034668,-16.845703,10.253906
1493852598.258579,-0.571777,0.116699,-0.136719,-47.241211,-0.610352,22.216797
1493852598.261291,-0.601074,0.038574,-0.232422,-48.339844,-8.789062,25.390625
1493852598.263970,-0.640137,0.057617,-0.168457,-49.255371,-27.709961,17.761230
1493852598.266652,-0.632812,0.051758,-0.097656,-48.889160,-22.155762,0.976562
1493852598.269336,-0.689941,0.015625,0.065430,-47.485352,-31.494141,-16.418457
1493852598.272019,-0.651855,-0.018555,0.048340,-41.381836,-35.766602,-26.062012
1493852598.274702,-0.624512,-0.073730,0.075684,-31.616211,-32.226562,-23.498535
1493852598.277385,-0.617676,-0.114746,0.059570,-29.235840,-20.385742,-13.305664
1493852598.280101,-0.744629,-0.143555,-0.027344,-27.954102,-9.460449,-1.281738
1493852598.282779,-0.623047,-0.130859,-0.054199,-31.616211,-0.305176,6.835938
1493852598.285456,-0.669434,-0.127441,-0.012695,-32.531738,4.272461,10.314941
1493852598.288144,-0.690430,-0.072754,-0.037109,-29.479980,5.981445,10.925293
1493852598.290828,-0.819336,-0.000977,-0.105469,-25.756836,5.676270,11.413574
1493852598.293505,-0.762695,-0.026855,-0.046875,-21.423340,7.019043,9.399414
1493852598.296185,-0.787598,0.012207,-0.112793,-20.263672,9.460449,8.056641
1493852598.298855,-0.779297,0.044434,-0.241211,-21.301270,12.512207,7.263184
1493852598.301457,-0.831543,0.020508,-0.200195,-25.085449,14.831543,8.361816
1493852598.304004,-0.815918,0.023438,-0.205566,-25.817871,13.977051,10.864258
1493852598.306558,-0.782715,0.010742,-0.207031,-46.081543,13.793945,13.366699
1493852598.309154,-0.818359,-0.006836,-0.253906,-31.433105,14.221191,13.732910
1493852598.311818,-0.747070,-0.015137,-0.343750,-31.066895,14.343262,13.671875
1493852598.314515,-0.759277,-0.072754,-0.320801,-25.817871,14.404297,11.474609
1493852598.317214,-0.858887,-0.045898,-0.317871,-18.920898,13.366699,10.620117
1493852598.320027,-0.760254,-0.038086,-0.254883,-10.925293,5.737305,10.253906
1493852598.322711,-0.792480,-0.052246,-0.268066,-5.676270,-14.587402,11.718750
1493852598.325392,-0.792969,0.002441,-0.169434,1.770020,-7.446289,14.404297
1493852598.328078,-0.806152,-0.000488,-0.173340,5.981445,-16.967773,18.493652
1493852598.330765,-0.815918,0.001465,-0.173828,10.925293,-24.108887,22.583008
1493852598.333450,-0.818848,0.020508,-0.026855,13.366699,-28.076172,26.062012
1493852598.336133,-0.806641,0.028809,-0.061523,15.258789,-28.686523,25.939941
1493852598.338820,-0.681152,0.047852,-0.061523,17.150879,-26.123047,24.353027
1493852598.341510,-0.730469,0.090820,-0.190918,17.517090,-22.277832,20.080566
1493852598.344197,-0.695312,0.100586,-0.168945,15.197754,-17.333984,13.732910
1493852598.346880,-0.713867,0.095703,-0.214355,15.808105,-12.817383,7.690430
1493852598.349519,-0.664062,0.120605,-0.318359,15.563965,-10.253906,4.516602
1493852598.352091,-0.653809,0.112793,-0.284668,14.343262,-10.253906,-1.953125
1493852598.354640,-0.590820,0.085938,-0.373047,16.784668,-10.742188,-6.408691
1493852598.357189,-0.619141,0.028809,-0.330566,20.629883,-11.657715,-9.094238
1493852598.359740,-0.625000,-0.001465,-0.390625,21.850586,-14.282227,-10.437012
1493852598.362297,-0.574219,-0.052246,-0.453125,21.545410,-14.831543,-11.718750
1493852598.364846,-0.579590,-0.068359,-0.472168,22.094727,-15.380859,-12.268066
1493852598.367390,-0.586914,-0.091797,-0.339844,20.446777,-15.441895,-11.962891
1493852598.369968,-0.696289,-0.064941,-0.322266,15.930176,-21.362305,-10.986328
1493852598.372545,-0.765625,-0.049316,-0.222168,14.709473,-30.029297,-5.615234
1493852598.375091,-0.834961,-0.008789,-0.238770,21.240234,-40.039062,5.065918
1493852598.377639,-0.875977,-0.018066,-0.363770,34.729004,-45.776367,18.981934
1493852598.380254,-0.830566,-0.004395,-0.351074,56.884766,-47.058105,28.076172
1493852598.382807,-0.831543,0.022949,-0.300781,51.940918,-44.860840,29.785156
1493852598.385355,-0.775391,0.038086,-0.291992,53.649902,-44.128418,25.207520
1493852598.387986,-0.770508,0.072754,-0.317871,52.246094,-43.762207,17.028809
1493852598.390695,-0.858887,0.083984,-0.276855,49.011230,-45.288086,6.408691
1493852598.393380,-0.716797,0.108887,-0.213867,48.706055,-48.828125,-2.563477
1493852598.396063,-0.658203,0.043945,-0.171387,50.537109,-52.062988,-9.094238
1493852598.398754,-0.642090,0.048828,-0.115234,54.870605,-54.199219,-12.939453
1493852598.401444,-0.623047,0.024902,-0.171875,59.753418,-53.894043,-15.686035
1493852598.404130,-0.610840,0.042480,-0.173828,61.279297,-52.917480,-15.502930
1493852598.406817,-0.570312,0.062012,-0.147949,62.255859,-51.940918,-15.747070
1493852598.409459,-0.553711,0.077148,-0.112793,57.922363,-49.499512,-16.113281
1493852598.412035,-0.578125,0.070312,-0.082031,53.833008,-47.119141,-17.395020
1493852598.414590,-0.532715,0.092773,-0.080078,51.269531,-42.175293,-21.362305
1493852598.417142,-0.528320,0.238770,-0.172852,49.743652,-38.085938,-26.855469
1493852598.419754,-0.564453,0.014648,-0.216309,44.982910,-33.081055,-33.691406
1493852598.422436,-0.559570,0.049805,-0.169434,41.015625,-28.320312,-40.222168
1493852598.425123,-0.609863,0.036621,-0.166992,39.611816,-25.634766,-39.672852
1493852598.427809,-0.562012,0.063965,-0.196777,37.292480,-27.893066,-37.597656
1493852598.430493,-0.577637,0.074219,-0.183594,37.109375,-27.343750,-40.405273
1493852598.433177,-0.620605,0.033203,-0.134766,39.245605,-26.733398,-46.630859
1493852598.435861,-0.607910,0.043457,-0.234375,41.381836,-21.850586,-51.940918
1493852598.438554,-0.632812,-0.019043,-0.200684,42.053223,-17.456055,-52.978516
1493852598.441245,-0.621094,-0.045898,-0.120605,43.029785,-15.747070,-46.386719
1493852598.443924,-0.734375,-0.070312,-0.127930,44.494629,-18.859863,-33.264160
1493852598.446607,-0.628418,-0.038086,-0.084961,46.813965,-25.207520,-24.902344
1493852598.449297,-0.612793,0.031250,-0.011719,51.879883,-30.822754,-21.606445
1493852598.451988,-0.601562,0.052734,-0.148926,52.429199,-34.240723,-30.029297
1493852598.454675,-0.523926,0.070801,-0.082520,52.490234,-34.729004,-39.123535
1493852598.457478,-0.635742,0.044434,-0.128418,49.682617,-33.752441,-43.640137
1493852598.460115,-0.639160,0.039551,-0.099121,48.706055,-31.677246,-46.752930
1493852598.462668,-0.612793,0.069336,-0.024414,46.813965,-29.479980,-47.973633
1493852598.465219,-0.614258,0.062988,-0.077637,43.151855,-26.489258,-53.161621
1493852598.467780,-0.603027,0.037109,0.005371,41.564941,-25.268555,-56.762695
1493852598.470413,-0.619141,0.019043,-0.026855,41.259766,-25.390625,-58.349609
1493852598.473095,-0.613281,-0.010742,-0.072266,39.978027,-25.878906,-60.424805
1493852598.475778,-0.538574,-0.022461,0.000977,40.344238,-25.695801,-61.950684
1493852598.478483,-0.639160,-0.012207,-0.040527,40.954590,-24.047852,-64.025879
1493852598.481191,-0.637695,-0.007324,-0.078613,38.513184,-22.033691,-66.772461
1493852598.483880,-0.668945,-0.028320,-0.089844,37.292480,-19.531250,-67.626953
1493852598.486566,-0.683594,0.008789,-0.044922,36.987305,-18.615723,-67.382812
1493852598.489275,-0.654297,-0.036133,-0.009766,37.597656,-16.235352,-67.016602
1493852598.491980,-0.675781,0.096680,-0.016602,39.550781,-16.479492,-65.917969
1493852598.494661,-0.721680,-0.114258,-0.075195,39.978027,-16.357422,-66.162109
1493852598.497344,-0.721191,-0.001465,-0.062500,40.283203,-16.418457,-64.208984
1493852598.500033,-0.730469,0.013184,-0.056152,41.687012,-16.784668,-64.941406
1493852598.502722,-0.723633,-0.006348,-0.005859,42.114258,-16.174316,-67.932129
1493852598.505413,-0.724121,0.016602,-0.030273,44.555664,-15.197754,-70.068359
1493852598.508095,-0.739746,0.024902,-0.062500,43.579102,-14.038086,-72.387695
1493852598.510709,-0.764648,0.028320,-0.016113,42.907715,-12.207031,-75.439453
1493852598.513263,-0.753418,0.044922,-0.103516,41.809082,-11.108398,-77.636719
1493852598.515815,-0.767578,0.054199,-0.007324,40.405273,-11.352539,-79.589844
1493852598.518390,-0.765137,0.072266,-0.226562,40.710449,-9.399414,-81.665039
1493852598.521036,-0.764648,0.058594,-0.147949,41.992188,-8.911133,-83.190918
1493852598.523717,-0.750977,0.064453,-0.132812,40.466309,-7.324219,-84.838867
1493852598.526399,-0.860352,0.079590,-0.107422,39.123535,-7.019043,-85.144043
1493852598.529086,-0.778320,0.070801,-0.052734,38.879395,-7.324219,-86.669922
1493852598.531777,-0.820801,0.087402,-0.097656,37.170410,-9.643555,-87.890625
1493852598.534460,-0.802246,0.117188,-0.026367,37.902832,-13.183594,-90.270996
1493852598.537144,-0.870605,0.101562,-0.052734,37.475586,-14.343262,-93.322754
1493852598.539855,-0.976074,0.132812,-0.058105,36.437988,-13.000488,-97.473145
1493852598.542563,-0.836914,0.138184,-0.082031,35.583496,-9.948730,-102.844238
1493852598.545241,-0.899902,0.159668,-0.108398,17.272949,-8.300781,-110.778809
1493852598.547927,-0.923828,0.151855,-0.085449,29.052734,-8.178711,-117.065430
1493852598.550613,-0.922852,0.168945,-0.124512,26.672363,-8.666992,-122.741699
1493852598.553297,-0.935059,0.206543,-0.072754,26.489258,-11.108398,-126.159668
1493852598.555984,-0.921387,0.187988,-0.106934,23.742676,-15.075684,-128.540039
1493852598.558650,-0.971680,0.168457,-0.124512,23.681641,-21.423340,-130.554199
1493852598.561249,-1.030762,0.119141,-0.214844,23.010254,-24.841309,-130.065918
1493852598.563803,-1.061035,0.150879,-0.162109,28.381348,-34.179688,-127.685547
1493852598.566359,-1.059570,0.174805,-0.164062,32.409668,-43.518066,-126.464844
1493852598.568964,-1.053711,0.188965,-0.109863,38.391113,-49.194336,-127.136230
1493852598.571635,-1.060059,0.219238,-0.175781,38.208008,-50.903320,-130.981445
1493852598.574322,-1.068359,0.233398,-0.130371,36.682129,-50.720215,-155.273438
1493852598.577010,-1.036621,0.289062,-0.166992,32.531738,-50.537109,-150.390625
1493852598.579699,-0.998047,0.295898,-0.044434,29.846191,-49.682617,-162.414551
1493852598.582388,-1.011230,0.308594,-0.034180,25.817871,-48.889160,-175.842285
1493852598.585071,-0.970703,0.361328,-0.051758,24.108887,-47.302246,-186.828613
1493852598.587764,-1.013672,0.318359,-0.023438,18.859863,-44.738770,-195.556641
1493852598.590459,-1.061035,0.357422,-0.054199,10.437012,-42.053223,-203.002930
1493852598.593144,-1.080566,0.497559,-0.084961,2.319336,-39.978027,-208.740234
1493852598.595940,-1.103516,0.388184,-0.212891,-2.563477,-40.283203,-215.454102
1493852598.598632,-1.178711,0.361816,-0.150391,-4.577637,-39.611816,-220.458984
1493852598.601317,-1.203613,0.353516,-0.270996,-0.549316,-39.794922,-225.280762
1493852598.603999,-1.249512,0.318359,-0.320312,1.159668,-43.579102,-229.797363
1493852598.606679,-1.323730,0.322266,-0.348633,6.042480,-45.837402,-234.375000
1493852598.609327,-1.313965,0.330078,-0.445312,8.605957,-45.593262,-239.318848
1493852598.611909,-1.291992,0.358887,-0.463867,12.695312,-42.846680,-244.384766
1493852598.614460,-1.375488,0.352051,-0.468750,19.287109,-41.748047,-249.633789
1493852598.617012,-1.326660,0.355469,-0.409668,24.658203,-39.733887,-254.577637
1493852598.619565,-1.381836,0.351562,-0.422363,30.212402,-38.085938,-259.826660
1493852598.622118,-1.385742,0.401855,-0.399902,33.264160,-35.705566,-262.023926
1493852598.624668,-1.400391,0.381836,-0.459961,38.208008,-33.752441,-266.418457
1493852598.627213,-1.495605,0.409668,-0.324219,43.273926,-31.616211,-272.583008
1493852598.629813,-1.510742,0.464355,-0.259277,61.645508,-28.320312,-278.198242
1493852598.632479,-1.568848,0.444824,-0.314453,50.231934,-23.925781,-286.743164
1493852598.635143,-1.637695,0.514648,-0.304688,54.870605,-20.935059,-296.081543
1493852598.637812,-1.736816,0.538574,-0.220215,59.936523,-16.845703,-308.105469
1493852598.640481,-1.828613,0.595215,-0.320312,64.025879,-12.023926,-320.495605
1493852598.643145,-1.911621,0.740234,-0.445801,62.255859,-6.652832,-331.909180
1493852598.645808,-2.026367,0.595703,-0.617188,52.490234,13.122559,-341.430664
1493852598.648480,-1.806152,0.550293,-0.550293,38.635254,-14.892578,-343.322754
1493852598.651156,-1.669434,0.522949,-0.654785,28.564453,-37.353516,-341.979980
1493852598.653823,-1.767090,0.479004,-0.627441,33.020020,-61.889648,-343.139648
1493852598.656489,-1.921875,0.481934,-0.620117,46.630859,-103.149414,-347.900391
1493852598.659157,-2.045898,0.455566,-0.500000,64.819336,-131.835938,-354.125977
1493852598.661813,-2.141113,0.517578,-0.728516,80.322266,-141.479492,-361.938477
1493852598.664452,-2.158691,0.575684,-0.708496,87.341309,-135.925293,-365.600586
1493852598.667094,-2.223633,0.690430,-0.722656,84.838867,-125.061035,-371.520996
1493852598.669706,-2.228027,0.786621,-0.781250,72.021484,-115.661621,-372.192383
1493852598.672274,-2.252930,0.914062,-0.710449,57.739258,-107.543945,-367.248535
1493852598.674828,-2.344727,1.039062,-0.599121,72.753906,-90.209961,-363.159180
1493852598.677377,-2.310547,1.126465,-0.666016,81.665039,-65.063477,-365.112305
1493852598.679989,-2.217285,1.052734,-0.512695,127.197266,-44.067383,-372.192383
1493852598.682674,-2.087402,0.931152,-0.449707,163.146973,-37.048340,-378.173828
1493852598.685356,-1.908691,0.806641,-0.575684,172.424316,-33.081055,-382.019043
1493852598.688064,-1.759766,0.739746,-0.673340,158.325195,-59.265137,-383.178711
1493852598.690768,-1.685547,0.582520,-0.748047,138.366699,-78.063965,-381.225586
1493852598.693452,-1.611816,0.439453,-0.781250,117.187500,-79.040527,-374.145508
1493852598.696138,-1.382812,0.309082,-0.754883,98.266602,-84.777832,-362.548828
1493852598.698847,-1.399414,0.222656,-0.871582,89.660645,-58.288574,-345.458984
1493852598.701558,-1.263184,0.206543,-0.791504,93.566895,-45.959473,-324.279785
1493852598.704244,-1.195312,0.241699,-0.755859,109.069824,-7.873535,-299.072266
1493852598.706926,-1.037598,0.368652,-0.794434,127.258301,29.418945,-268.432617
1493852598.709613,-1.022461,0.503906,-0.717773,151.245117,59.692383,-235.351562
1493852598.712298,-1.041992,0.687500,-0.406250,187.194824,84.106445,-197.937012
1493852598.714984,-2.576172,2.123047,-0.566406,252.624512,121.765137,-182.861328
1493852598.717676,-3.415527,2.797363,1.137695,476.135254,261.108398,-164.123535
1493852598.720292,-1.714355,1.497070,1.230469,716.857910,371.398926,-175.903320
1493852598.722844,0.202148,0.027344,-1.762207,606.018066,205.993652,-207.580566
1493852598.725399,0.863770,-0.311035,-2.156738,293.212891,-8.056641,-280.090332
1493852598.727963,1.238770,-0.425781,-1.263184,-10.925293,-172.790527,-323.913574
1493852598.730640,1.619141,-0.595215,-0.279297,-188.476562,-330.932617,-314.147949
1493852598.733190,1.431152,-0.708008,0.075684,-224.182129,-440.734863,-243.896484
1493852598.735741,1.242676,-0.670410,0.870605,-156.738281,-448.913574,-121.215820
1493852598.738332,0.822754,-0.583008,0.838379,-38.024902,-385.681152,33.935547
1493852598.740992,0.434082,0.076660,0.227539,24.353027,-219.238281,195.617676
1493852598.743677,0.101074,0.475586,-0.322754,18.554688,-1.647949,330.322266
1493852598.746358,-0.145996,0.841309,-0.398438,-48.645020,152.648926,422.363281
1493852598.749064,-0.295898,1.232422,-0.666504,-129.455566,208.190918,475.097656
1493852598.751771,-0.405762,1.605957,-0.694336,-180.541992,181.640625,492.065430
1493852598.754457,-0.573242,1.768555,-0.736328,-188.049316,109.375000,473.205566
1493852598.757145,-0.632324,2.010254,-0.609863,-168.518066,23.376465,419.311523
1493852598.759835,-0.685547,2.202637,-0.323242,-126.464844,-52.185059,335.693359
1493852598.762522,-0.756836,2.068848,-0.203613,-70.129395,-91.430664,264.343262
1493852598.765207,-0.737793,1.798340,-0.077637,-51.208496,-84.533691,160.949707
1493852598.767893,-0.592285,1.491699,-0.049805,-78.186035,-37.841797,124.206543
1493852598.770509,-0.445801,1.045898,-0.106445,-123.168945,33.508301,98.937988
1493852598.773064,-0.224121,0.869629,-0.095703,-153.137207,98.754883,76.965332
1493852598.775620,-0.079102,0.623535,-0.238770,-159.606934,140.014648,66.894531
1493852598.778203,0.072266,0.256836,-0.292969,-156.616211,153.198242,66.101074
1493852598.780855,0.183594,0.126465,-0.216309,-140.747070,142.883301,74.584961
1493852598.783539,0.305176,-0.009277,-0.281250,-124.023438,115.966797,94.970703
1493852598.786224,0.306152,-0.097656,-0.311035,-110.595703,87.280273,127.319336
1493852598.788915,0.282715,-0.108398,-0.269043,-102.355957,76.049805,171.264648
1493852598.791605,0.240234,-0.101562,-0.244629,-97.473145,58.166504,217.956543
1493852598.794293,0.140137,0.026367,-0.319824,-95.397949,51.635742,262.023926
1493852598.796979,-0.005371,0.157715,-0.172852,-94.604492,55.358887,297.851562
1493852598.799686,-0.241699,0.277344,-0.212891,-93.505859,62.988281,320.983887
1493852598.802390,-0.167480,0.421875,-0.153809,-91.308594,71.899414,331.604004
1493852598.805073,-0.382812,0.562988,-0.221680,-86.242676,75.500488,332.580566
1493852598.807766,-0.419434,0.683105,-0.161621,-80.627441,76.904297,327.453613
1493852598.810457,-0.503906,0.726074,-0.156250,-72.814941,75.195312,319.335938
1493852598.813139,-0.513184,0.739746,-0.154785,-64.941406,73.242188,308.471680
1493852598.815823,-0.453613,0.685059,-0.166992,-59.570312,82.336426,296.691895
1493852598.818491,-0.532227,0.509766,-0.148926,-49.987793,79.101562,285.705566
1493852598.821093,-0.499512,0.441406,0.146973,-49.865723,73.730469,265.686035
1493852598.823644,-0.436035,0.458008,-0.160156,-60.668945,87.890625,276.794434
1493852598.826191,-0.419434,0.410645,-0.059570,-47.485352,90.087891,277.832031
1493852598.828779,-0.394043,0.356445,-0.024414,-44.982910,92.834473,279.907227
1493852598.831437,-0.407227,0.341797,0.080566,-43.212891,93.139648,286.376953
1493852598.834121,-0.432617,0.335938,0.018066,-39.001465,89.416504,293.273926
1493852598.836807,-0.466309,0.312988,0.047363,-34.973145,86.547852,301.513672
1493852598.839501,-0.550293,0.378418,0.038574,-30.029297,80.444336,308.959961
1493852598.842196,-0.550781,0.402344,0.049316,-26.489258,76.538086,314.819336
1493852598.844883,-0.595215,0.472656,0.022949,-25.024414,75.622559,320.678711
1493852598.847564,-0.642578,0.526855,0.093262,-23.254395,73.425293,325.012207
1493852598.850246,-0.664062,0.546387,0.062988,-22.644043,73.547363,329.650879
1493852598.852934,-0.684570,0.559082,0.119141,-23.193359,72.082520,333.129883
1493852598.855617,-0.745605,0.585449,0.114258,-23.620605,73.425293,337.280273
1493852598.858306,-0.717773,0.596191,0.058594,-27.221680,73.974609,339.904785
1493852598.860998,-0.743652,0.564941,0.129883,-31.250000,72.753906,341.369629
1493852598.863686,-0.854492,0.580566,0.113281,-34.301758,73.425293,342.895508
1493852598.866374,-0.771484,0.552734,0.174316,-37.902832,71.899414,343.322754
1493852598.869134,-0.779297,0.572266,0.142090,-41.137695,73.059082,344.726562
1493852598.871719,-0.790527,0.531250,0.233887,-43.701172,71.472168,345.581055
1493852598.874271,-0.815918,0.520996,0.237305,-47.363281,72.143555,345.764160
1493852598.876821,-0.856934,0.507324,0.209961,-50.048828,71.044922,348.693848
1493852598.879375,-0.832031,0.501465,0.037109,-55.297852,70.556641,351.318359
1493852598.881929,-0.858398,0.500488,0.005859,-56.335449,70.434570,355.712891
1493852598.884480,-0.842773,0.490723,0.054199,-60.424805,71.838379,359.375000
1493852598.887031,-0.875977,0.465332,0.017090,-63.964844,72.326660,363.098145
1493852598.889637,-0.902344,0.451172,0.041992,-69.396973,73.303223,365.966797
1493852598.892313,-0.895996,0.474121,0.091309,-73.852539,74.829102,368.774414
1493852598.895000,-0.897949,0.449707,0.097168,-76.599121,75.378418,371.276855
1493852598.897688,-0.889648,0.430176,0.019043,-81.237793,75.622559,372.131348
1493852598.900380,-0.906250,0.404297,0.040039,-84.472656,76.477051,373.779297
1493852598.903067,-0.951172,0.415527,0.085449,-87.463379,77.331543,375.915527
1493852598.905756,-0.990723,0.418945,-0.024902,-91.674805,77.941895,377.868652
1493852598.908463,-0.987793,0.421875,-0.093262,-92.834473,78.002930,380.371094
1493852598.911169,-1.024902,0.424316,-0.015137,-94.604492,77.514648,381.713867
1493852598.913852,-1.086914,0.433594,-0.087402,-94.665527,77.392578,384.826660
1493852598.916538,-1.113281,0.449219,-0.094238,-95.458984,77.209473,386.901855
1493852598.919226,-1.185059,0.423828,-0.059570,-94.177246,75.988770,388.916016
1493852598.921916,-1.187500,0.406250,-0.158203,-90.454102,73.974609,390.014648
1493852598.924601,-1.138184,0.410645,-0.190918,-89.965820,74.157715,391.052246
1493852598.927283,-1.314941,0.416016,-0.231445,-88.256836,73.120117,392.761230
1493852598.929915,-1.322754,0.389648,-0.246582,-86.853027,72.753906,395.446777
1493852598.932476,-1.365234,0.375488,-0.320312,-85.571289,72.326660,397.277832
1493852598.935029,-1.397949,0.388672,-0.252930,-83.312988,72.265625,398.010254
1493852598.937583,-1.373047,0.395020,-0.354980,-82.153320,72.204590,398.925781
1493852598.940202,-1.440918,0.379883,-0.183594,-79.040527,73.425293,400.207520
1493852598.942886,-1.462402,0.358887,-0.256836,-76.599121,74.401855,400.329590
1493852598.945570,-1.394531,0.347656,-0.267578,-73.547363,76.171875,400.634766
1493852598.948272,-1.527344,0.339355,-0.347168,-69.091797,77.209473,400.024414
1493852598.950975,-1.602051,0.358398,-0.369141,-64.941406,78.674316,399.963379
1493852598.953658,-1.709961,0.338867,-0.332520,-63.049316,80.444336,400.939941
1493852598.956340,-1.769531,0.330566,-0.309082,-60.974121,82.458496,401.733398
1493852598.959031,-1.820312,0.325684,-0.353516,-59.936523,85.388184,402.770996
1493852598.961717,-1.754883,0.305176,-0.336914,-62.316895,85.632324,403.320312
1493852598.964401,-1.960449,0.161621,-0.347168,-64.575195,87.524414,403.259277
1493852598.967083,-2.023438,0.213867,-0.298340,-65.612793,89.294434,403.015137
1493852598.969725,-2.122559,0.147949,-0.228027,-68.115234,91.735840,402.587891
1493852598.972301,-2.138672,0.070801,-0.312988,-71.228027,93.017578,401.062012
1493852598.974854,-2.277344,-0.040527,-0.315918,-74.890137,93.688965,399.658203
1493852598.977408,-2.333984,-0.142578,-0.269531,-75.927734,92.773438,398.498535
1493852598.979959,-2.348633,-0.295898,-0.257812,-77.270508,91.064453,396.240234
1493852598.982508,-2.355469,-0.456543,-0.253418,-75.439453,90.148926,395.141602
1493852598.985057,-2.392578,-0.591797,-0.377930,-72.326660,85.144043,392.578125
1493852598.987609,-2.426758,-0.741699,-0.347656,-67.871094,79.406738,389.282227
1493852598.990242,-2.413574,-0.860840,-0.390137,-60.729980,73.120117,387.207031
1493852598.992931,-2.320801,-0.965820,-0.490723,-55.847168,69.396973,382.324219
1493852598.995614,-2.489258,-1.039551,-0.582031,-46.936035,67.016602,372.070312
1493852598.998302,-2.314453,-1.177734,-0.546387,-38.269043,68.176270,358.398438
1493852599.000993,-2.269531,-1.304688,-0.502930,-30.090332,69.641113,342.468262
1493852599.003783,-2.187500,-1.402344,-0.468750,-20.629883,72.021484,325.500488
1493852599.006473,-2.232910,-1.505859,-0.398438,-13.061523,76.293945,309.143066
1493852599.009164,-2.079590,-1.642090,-0.251953,-9.826660,80.993652,294.738770
1493852599.011854,-2.048340,-1.764160,-0.196777,-5.249023,86.730957,281.005859
1493852599.014537,-1.962402,-1.854492,-0.024414,-1.586914,89.233398,267.456055
1493852599.017218,-1.950684,-1.948730,0.012695,0.183105,89.416504,253.234863
1493852599.019846,-1.919434,-2.031250,0.089355,1.220703,87.890625,238.769531
1493852599.022407,-1.767578,-2.127930,0.147949,1.831055,84.167480,222.473145
1493852599.024957,-1.847168,-2.223633,0.177246,0.183105,78.552246,205.322266
1493852599.027508,-1.828125,-2.299316,0.236328,-2.746582,75.622559,183.166504
1493852599.030142,-1.659668,-2.190918,0.148438,-9.826660,67.565918,144.470215
1493852599.032825,-1.498535,-1.753418,-0.065430,-36.437988,66.711426,52.124023
1493852599.035511,-1.474609,-2.385742,0.309570,-66.040039,45.715332,-63.720703
1493852599.038196,-1.599609,-3.124512,-0.055176,-77.941895,-3.356934,-107.604980
1493852599.040879,-1.830566,-3.433594,0.151367,-71.838379,-46.020508,-97.900391
1493852599.043560,-2.003418,-3.562012,0.004883,-64.636230,-49.377441,-67.626953
1493852599.046244,-2.112793,-3.543945,0.167480,-52.001953,-30.517578,-32.409668
1493852599.048934,-1.939453,-3.460449,0.237305,-23.986816,-7.995605,0.488281
1493852599.051620,-1.770996,-3.285645,-0.074707,16.906738,-5.615234,27.099609
1493852599.054302,-1.666992,-3.019531,0.119141,50.659180,-35.522461,20.324707
1493852599.056991,-1.266602,-2.698242,-0.039551,56.274414,-51.818848,12.817383
1493852599.059628,-1.257324,-2.367188,0.047363,43.823242,-42.724609,-14.709473
1493852599.062194,-1.130859,-2.075195,0.088867,15.502930,-36.499023,-61.035156
1493852599.064746,-1.080078,-2.085449,0.220215,7.385254,-33.325195,-107.238770
1493852599.067295,-1.191406,-2.084961,0.182617,4.150391,-34.729004,-138.061523
1493852599.069927,-1.326172,-2.128906,0.132324,3.479004,-40.832520,-160.217285
1493852599.072624,-1.421387,-2.171875,0.029785,0.854492,-44.799805,-179.321289
1493852599.075306,-1.488281,-2.052246,0.151855,-2.502441,-45.959473,-199.096680
1493852599.077993,-1.445312,-1.899902,0.058105,-5.432129,-46.691895,-217.651367
1493852599.080675,-1.301758,-1.782715,0.096191,-11.779785,-46.264648,-231.384277
1493852599.083358,-1.364746,-1.657715,0.019043,-15.319824,-42.846680,-237.915039
1493852599.086044,-1.315918,-1.437500,0.193359,-16.540527,-37.963867,-238.708496
1493852599.088729,-1.665039,-0.522461,-0.674316,-36.437988,-46.264648,-241.943359
1493852599.091417,-1.537109,-0.382324,-0.389648,-12.145996,-19.775391,-245.666504
1493852599.094102,-1.163574,0.099609,0.372559,122.924805,183.166504,-226.196289
1493852599.096789,-1.450684,1.297363,-0.212402,199.829102,371.337891,-175.537109
1493852599.099501,-1.502930,2.188965,-0.924316,191.101074,375.854492,-87.219238
1493852599.102210,-1.585449,3.153320,-0.564941,165.771484,304.138184,38.513184
1493852599.104897,-2.294922,4.589844,-0.451660,138.549805,213.806152,168.884277
1493852599.107579,-3.464844,5.691406,-0.673340,148.803711,106.628418,262.756348
1493852599.110255,-2.976562,4.971191,-0.785156,183.044434,-30.151367,220.153809
1493852599.112808,-1.284668,3.518066,-1.103027,168.395996,-201.843262,160.278320
1493852599.115359,0.280762,2.347656,-1.160156,127.990723,-383.117676,-31.188965
1493852599.117929,1.094238,1.461426,-0.580566,119.445801,-519.958496,-222.229004
1493852599.120500,1.169434,0.580566,0.026855,119.934082,-583.190918,-398.193359
1493852599.123048,0.790527,-0.028320,0.788574,117.675781,-543.090820,-574.951172
1493852599.125600,0.484375,-0.724121,1.267578,90.637207,-398.437500,-763.244629
1493852599.128175,0.293945,-1.075684,1.046387,31.494141,-295.471191,-927.612305
1493852599.130818,0.171875,-1.312500,0.706543,-41.625977,-84.655762,-998.107910
1493852599.133508,-0.101562,-1.528809,0.115234,-101.867676,75.256348,-970.275879
1493852599.136196,-0.588867,-1.778809,-0.346680,-139.465332,165.649414,-919.860840
1493852599.138888,-1.333496,-1.892090,-0.783691,-154.846191,160.583496,-888.549805
1493852599.141690,-1.763184,-1.847656,-0.927246,-191.528320,168.640137,-859.497070
1493852599.144376,-2.088867,-1.956055,-0.674316,-218.139648,112.976074,-792.419434
1493852599.147059,-2.322754,-2.105469,-0.353516,-193.115234,-5.615234,-673.767090
1493852599.149747,-2.329102,-2.199219,0.042480,-122.070312,-112.854004,-501.220703
1493852599.152439,-1.958008,-1.921387,0.421387,-15.197754,-172.912598,-325.500488
1493852599.155121,-1.695312,-1.154785,0.226074,67.504883,-171.203613,-158.935547
1493852599.157804,-1.317871,-0.685547,-0.011230,95.458984,-137.207031,-46.997070
1493852599.160420,-0.910156,-0.460449,-0.370605,106.079102,-123.657227,-14.953613
1493852599.162973,-0.454590,-0.333496,-0.331055,133.728027,-135.192871,24.841309
1493852599.165522,-0.124512,-0.216309,-0.415527,165.405273,-147.766113,37.963867
1493852599.168108,0.011230,-0.089844,-0.498535,175.354004,-144.165039,23.010254
1493852599.170759,-0.068359,0.117188,-0.414062,176.574707,-125.915527,-26.611328
1493852599.173429,-0.265625,0.448242,-0.353516,137.817383,-79.650879,-99.853516
1493852599.176096,-0.410156,0.656738,-0.296387,74.279785,-58.227539,-169.494629
1493852599.178766,-0.382324,0.612305,-0.239746,14.953613,-18.920898,-223.449707
1493852599.181442,-0.293945,0.366211,-0.288574,-20.141602,-2.014160,-257.812500
1493852599.184112,-0.415527,-0.065918,-0.439453,-33.752441,5.432129,-275.512695
1493852599.186776,-0.549805,-0.421875,-0.146484,-71.960449,16.052246,-276.489258
1493852599.189466,-0.779785,-0.722656,-0.079590,-100.402832,3.295898,-260.925293
1493852599.192158,-0.947266,-1.091309,0.008301,-115.234375,-12.512207,-229.431152
1493852599.194827,-0.941406,-1.026367,0.199219,-107.055664,-28.503418,-185.058594
1493852599.197497,-1.006836,-1.032227,0.112305,-88.928223,-30.334473,-128.479004
1493852599.200119,-0.974609,-0.831543,-0.012207,-65.124512,-22.338867,-92.956543
1493852599.202672,-0.904297,-0.585938,-0.231934,-43.945312,-21.606445,-58.715820
1493852599.205511,-0.853027,-0.378906,-0.373047,-30.273438,-27.832031,-4.394531
1493852599.208371,-0.750977,-0.121094,-0.163574,-23.193359,-41.687012,5.432129
1493852599.210938,-0.629883,-0.062012,-0.065918,-23.559570,-53.588867,12.084961
1493852599.213481,-0.639160,-0.050781,0.047852,-23.620605,-63.110352,12.756348
1493852599.216025,-0.588867,-0.043945,0.092285,-23.010254,-64.086914,12.695312
1493852599.218577,-0.585449,-0.096680,-0.094238,-18.859863,-56.274414,15.258789
1493852599.221126,-0.560059,-0.139648,-0.082520,-15.075684,-51.879883,16.235352
1493852599.223674,-0.630371,-0.123535,-0.019043,-13.305664,-43.273926,16.601562
1493852599.226222,-0.694824,-0.063477,-0.020996,-12.817383,-40.527344,16.235352
1493852599.228869,-0.709473,-0.027344,-0.060059,-15.319824,-41.503906,16.723633
1493852599.231521,-0.720215,-0.025879,-0.058594,-20.141602,-40.954590,16.845703
1493852599.234069,-0.683594,0.009277,-0.067871,-24.902344,-39.245605,15.869141
1493852599.236615,-0.638672,0.009277,-0.071777,-27.404785,-33.874512,15.380859
1493852599.239205,-0.604980,-0.002441,0.028320,-27.526855,-28.869629,14.099121
1493852599.241873,-0.577637,-0.017090,-0.055664,-26.977539,-23.803711,11.840820
1493852599.244554,-0.584961,-0.006836,-0.028320,-26.306152,-20.141602,6.347656
1493852599.247233,-0.619629,-0.012695,-0.020996,-23.986816,-17.761230,1.464844
1493852599.249860,-0.619629,-0.016602,-0.021484,-21.179199,-12.878418,-2.075195
1493852599.252422,-0.639160,-0.115234,-0.072754,-20.507812,-10.131836,-4.028320
1493852599.254971,-0.668945,-0.105957,-0.083984,-19.104004,-4.577637,-3.784180
1493852599.257514,-0.700684,-0.028320,-0.023438,-18.066406,-0.793457,-3.967285
1493852599.260058,-0.678223,-0.012695,-0.110840,-16.540527,1.892090,-3.540039
1493852599.262604,-0.670898,-0.061523,-0.066406,-15.441895,4.333496,-1.525879
1493852599.265146,-0.704590,-0.040527,-0.123535,-14.221191,5.065918,2.258301
1493852599.267692,-0.700195,-0.049316,-0.085938,-12.145996,4.760742,5.676270
1493852599.270369,-0.744141,-0.051758,-0.078125,-8.544922,3.906250,9.399414
1493852599.273045,-0.708496,-0.017090,-0.033691,-6.225586,1.525879,12.756348
1493852599.275840,-0.711914,-0.031738,-0.107422,-1.525879,-0.976562,16.418457
1493852599.278521,-0.636230,-0.024414,-0.101074,1.525879,-3.845215,19.409180
1493852599.281204,-0.719238,0.117676,-0.166992,5.310059,-5.493164,22.338867
1493852599.283882,-0.702148,0.014648,-0.246094,9.338379,-7.141113,22.521973
1493852599.286560,-0.759277,0.021484,-0.185059,11.779785,-8.789062,24.597168
1493852599.289260,-0.741699,0.036621,-0.202637,16.967773,-11.596680,25.634766
1493852599.291961,-0.707031,0.066406,-0.149902,20.996094,-13.610840,25.573730
1493852599.294642,-0.734375,0.041504,-0.106934,22.338867,-31.005859,25.329590
1493852599.297327,-0.674805,0.060547,-0.187012,23.498535,-15.686035,24.658203
1493852599.299951,-0.713867,0.062012,-0.137695,24.353027,-15.808105,23.193359
1493852599.302505,-0.753906,0.036621,-0.183105,25.390625,-15.075684,22.644043
1493852599.305058,-0.719727,0.052246,-0.246582,27.099609,-14.831543,20.812988
1493852599.307610,-0.718262,0.052246,-0.236816,28.869629,-14.465332,19.897461
1493852599.310233,-0.689941,0.039062,-0.071777,31.066895,-13.183594,18.615723
1493852599.312918,-0.724609,0.031250,-0.121582,31.188965,-12.878418,17.578125
1493852599.315605,-0.724121,0.047852,-0.124512,31.433105,-12.756348,17.517090
1493852599.318295,-0.743164,0.069824,-0.072266,30.029297,-13.122559,17.028809
1493852599.320981,-0.719238,0.083496,-0.113281,29.235840,-14.648438,14.831543
1493852599.323663,-0.757812,0.081543,-0.022461,29.235840,-19.348145,9.704590
1493852599.326342,-0.743164,0.087402,-0.106445,28.930664,-24.902344,5.615234
1493852599.329021,-0.699219,0.026855,-0.034180,31.982422,-31.127930,2.136230
1493852599.331705,-0.749512,-0.020508,-0.052246,40.832520,-34.118652,1.098633
1493852599.334385,-0.725586,-0.117188,-0.145020,52.124023,-37.292480,2.624512
1493852599.337065,-0.708496,0.038086,-0.204590,59.753418,-37.109375,3.967285
1493852599.339700,-0.683105,0.065430,-0.096680,57.373047,-37.475586,3.356934
1493852599.342264,-0.690918,0.087402,-0.142090,52.368164,-38.452148,-0.732422
1493852599.344813,-0.680664,0.079590,-0.218262,49.194336,-38.330078,-3.967285
1493852599.347362,-0.668457,0.117676,-0.144531,49.072266,-37.475586,-6.286621
1493852599.349981,-0.687988,0.099609,-0.234863,51.879883,-37.719727,-10.620117
1493852599.352676,-0.686523,0.113281,-0.215820,51.574707,-36.437988,-15.136719
1493852599.355361,-0.684570,0.107422,-0.269043,47.302246,-35.461426,-20.690918
1493852599.358073,-0.702148,0.073730,-0.247559,42.785645,-36.682129,-25.085449
1493852599.360783,-0.680176,0.028320,-0.287598,40.588379,-36.682129,-28.320312
1493852599.363467,-0.655762,-0.015137,-0.354980,40.527344,-35.034180,-30.334473
1493852599.366151,-0.748047,-0.045410,-0.340820,40.039062,-34.362793,-29.357910
1493852599.368856,-0.606934,-0.083496,-0.302734,39.550781,-32.104492,-28.137207
1493852599.371562,-0.570312,-0.112305,-0.382324,40.710449,-28.930664,-24.963379
1493852599.374246,-0.554199,-0.146484,-0.260254,46.813965,-23.498535,-20.507812
1493852599.376931,-0.580566,-0.181152,-0.406250,50.842285,-19.470215,-13.366699
1493852599.379622,-0.541504,-0.168945,-0.392090,76.721191,-18.371582,-9.338379
1493852599.382309,-0.548340,-0.168945,-0.380371,89.538574,-20.385742,-10.009766
1493852599.384994,-0.603516,-0.130859,-0.289551,80.871582,-25.634766,-15.197754
1493852599.387682,-0.586914,-0.069824,-0.285645,87.890625,-30.212402,-19.531250
1493852599.390306,-0.656738,-0.032715,-0.277832,89.904785,-30.944824,-22.216797
1493852599.392861,-0.650391,-0.009277,-0.249512,90.148926,-30.700684,-24.841309
1493852599.395416,-0.625000,0.021484,-0.197754,88.012695,-26.062012,-25.451660
1493852599.397981,-0.727539,0.018555,-0.177246,88.256836,-23.315430,-22.949219
1493852599.400614,-0.690918,0.026367,-0.130371,90.637207,-23.254395,-21.362305
1493852599.403299,-0.752441,0.058105,-0.005859,85.144043,-29.907227,-18.188477
1493852599.405986,-0.745605,0.059570,0.022461,77.514648,-42.053223,-0.793457
1493852599.408674,-0.786133,0.092773,0.010254,75.561523,-48.767090,-31.005859
1493852599.411364,-0.761230,0.106445,0.041504,83.129883,-48.400879,-16.967773
1493852599.414157,-0.847168,0.121582,0.135742,88.745117,-43.823242,-20.568848
1493852599.416840,-0.727539,0.236328,0.089844,87.036133,-38.085938,-25.268555
1493852599.419531,-0.708008,0.140625,0.106445,82.092285,-35.217285,-46.630859
1493852599.422219,-0.692871,0.200195,0.115234,76.232910,-33.630371,-38.208008
1493852599.424901,-0.680664,0.272461,0.142578,70.312500,-31.860352,-49.133301
1493852599.427580,-0.660645,0.306152,0.204590,69.274902,-23.437500,-64.758301
1493852599.430306,-0.712402,0.268066,0.175781,65.795898,-11.352539,-80.688477
1493852599.432989,-0.769043,0.228027,0.099609,58.471680,-7.141113,-86.486816
1493852599.435670,-0.775391,0.123535,0.089844,51.818848,-10.925293,-80.139160
1493852599.438348,-0.826172,0.073730,0.206543,53.649902,-21.789551,-64.697266
1493852599.440953,-0.991211,0.077637,0.172852,56.518555,-31.677246,-46.447754
1493852599.443503,-0.948242,0.075195,0.088867,57.861328,-35.095215,-36.865234
1493852599.446059,-0.946777,0.103027,0.090820,59.936523,-17.639160,-34.790039
1493852599.448642,-1.098633,0.108398,0.067383,59.143066,-27.465820,-39.001465
1493852599.451291,-0.931641,0.102051,0.019531,57.617188,-22.705078,-46.203613
1493852599.453971,-1.026367,0.161621,-0.070312,56.335449,-21.179199,-54.931641
1493852599.456653,-1.013672,0.174805,-0.046387,58.044434,-22.521973,-66.284180
1493852599.459341,-1.033203,0.205566,-0.116699,57.678223,-21.972656,-79.650879
1493852599.462026,-0.992676,0.169434,-0.018555,57.434082,-19.958496,-87.951660
1493852599.464711,-0.999512,0.140625,-0.072754,58.410645,-18.798828,-93.994141
1493852599.467397,-0.998047,0.015625,0.000000,54.748535,-16.967773,-96.374512
1493852599.470088,-0.976562,0.013184,-0.048340,52.551270,-14.648438,-99.121094
1493852599.472772,-0.932617,0.132324,-0.031250,50.109863,-14.160156,-100.646973
1493852599.475456,-0.945312,0.169434,-0.050781,48.522949,-13.610840,-103.820801
1493852599.478147,-0.939453,0.200684,-0.004395,48.034668,-15.197754,-105.590820
1493852599.480837,-0.877930,0.258301,-0.060547,47.302246,-17.761230,-107.543945
1493852599.483523,-0.968750,0.281738,-0.039062,47.912598,-20.141602,-111.083984
1493852599.486209,-0.963867,0.351074,0.106445,43.395996,-21.179199,-116.088867
1493852599.488867,-0.955566,0.364746,-0.092773,36.254883,-21.118164,-122.924805
1493852599.491453,-1.019043,0.370605,-0.072266,17.456055,-20.019531,-129.150391
1493852599.494006,-1.023438,0.398926,-0.009766,28.930664,-21.606445,-135.131836
1493852599.496556,-1.079590,0.398926,-0.122559,21.789551,-22.766113,-139.648438
1493852599.499174,-1.115234,0.414551,-0.057617,15.258789,-26.367188,-146.057129
1493852599.501863,-1.162109,0.450684,-0.056641,7.751465,-28.259277,-153.747559
1493852599.504544,-1.263184,0.451172,-0.128418,0.183105,-28.259277,-161.865234
1493852599.507224,-1.291992,0.476562,-0.038086,-4.028320,-29.541016,-171.569824
1493852599.509912,-1.303223,0.499023,-0.119141,-5.065918,-32.775879,-180.786133
1493852599.512599,-1.356934,0.478027,-0.132812,-2.014160,-33.874512,-190.917969
1493852599.515278,-1.274414,0.446777,-0.142090,0.183105,-36.132812,-199.218750
1493852599.517960,-1.479980,0.477051,-0.185059,8.728027,-42.480469,-208.007812
1493852599.520570,-1.342773,0.518066,-0.123535,10.803223,-46.997070,-229.553223
1493852599.523120,-1.378418,0.637207,-0.117188,9.887695,-48.339844,-227.416992
1493852599.525669,-1.360352,0.677246,-0.282715,4.760742,-38.146973,-245.727539
1493852599.528234,-1.388672,0.687500,-0.302246,3.356934,-27.954102,-258.972168
1493852599.530868,-1.377441,0.659180,-0.378418,-0.732422,-30.151367,-260.925293
1493852599.533548,-1.397461,0.629395,-0.516113,-4.028320,-41.748047,-254.028320
1493852599.536225,-1.500977,0.587891,-0.597168,4.028320,-54.992676,-244.201660
1493852599.538875,-1.500488,0.645020,-0.708496,10.192871,-58.837891,-242.492676
1493852599.541462,-1.562012,0.692383,-0.753906,12.817383,-58.044434,-250.000000
1493852599.544010,-1.610840,0.776855,-0.770020,20.507812,-55.603027,-262.390137
1493852599.546559,-1.583496,0.897949,-0.878906,30.029297,-59.265137,-278.198242
1493852599.549160,-1.607422,0.928711,-0.850586,43.395996,-66.589355,-287.109375
1493852599.551940,-1.703613,0.943848,-0.916504,59.570312,-73.059082,-301.513672
1493852599.554620,-1.734375,1.108887,-0.947266,73.547363,-80.444336,-309.326172
1493852599.557297,-1.767578,1.034668,-0.827637,79.833984,-83.923340,-314.636230
1493852599.559982,-1.761719,1.062012,-0.804688,80.505371,-81.970215,-338.806152
1493852599.562672,-1.826660,1.041016,-0.774902,88.073730,-79.284668,-334.167480
1493852599.565354,-1.938965,1.041016,-0.687500,93.688965,-82.092285,-346.130371
1493852599.568061,-2.006836,0.949219,-0.603516,94.726562,-88.317871,-359.863281
1493852599.570767,-2.070312,0.794922,-0.727051,88.806152,-89.721680,-378.417969
1493852599.573451,-2.182617,0.576172,-0.576172,66.650391,-86.242676,-399.902344
1493852599.576130,-2.276855,0.404785,-0.666992,39.245605,-83.618164,-418.395996
1493852599.578809,-2.281738,0.125488,-0.786621,10.864258,-79.589844,-431.640625
1493852599.581494,-2.203125,0.179199,-0.752930,-6.042480,-78.979492,-440.673828
1493852599.584171,-2.099609,0.266113,-0.718262,11.962891,-87.890625,-441.772461
1493852599.586852,-2.038574,0.302734,-0.864746,58.593750,-108.764648,-436.279297
1493852599.589490,-2.060547,0.347168,-0.729004,83.312988,-133.300781,-430.908203
1493852599.592065,-2.371582,0.541992,-0.581055,113.281250,-140.258789,-427.490234
1493852599.594620,-2.137695,0.654297,-0.802734,168.273926,-133.972168,-428.039551
1493852599.597171,-2.192383,0.910645,-0.781250,220.336914,-118.164062,-433.288574
1493852599.599787,-2.058594,1.099609,-0.822266,256.835938,-110.595703,-442.749023
1493852599.602473,-1.904785,1.203125,-0.929199,271.484375,-114.257812,-449.401855
1493852599.605156,-1.830078,0.773438,-1.157715,255.493164,-130.310059,-449.768066
1493852599.607864,-1.708496,0.742188,-1.333008,182.556152,-161.437988,-446.289062
1493852599.610570,-1.634766,0.744629,-1.121582,90.576172,-185.974121,-433.471680
1493852599.613255,-1.513184,0.796387,-0.954590,26.000977,-189.575195,-416.687012
1493852599.615941,-1.568848,0.979004,-0.907715,1.098633,-171.264648,-383.117676
1493852599.618650,-1.548340,0.900391,-0.803711,3.906250,-134.765625,-363.830566
1493852599.621358,-1.523438,0.939941,-0.770996,15.380859,-90.454102,-339.599609
1493852599.624046,-1.393555,0.942871,-0.937012,21.240234,-43.212891,-307.983398
1493852599.626730,-1.305176,1.043945,-0.938965,37.841797,6.042480,-289.978027
1493852599.629420,-1.206543,1.154785,-0.798340,88.623047,57.067871,-260.864258
1493852599.632111,-1.112793,1.291504,-0.667969,186.950684,107.116699,-243.103027
1493852599.634797,-1.871582,2.140137,-0.521973,322.814941,149.414062,-235.595703
1493852599.637481,-3.867676,2.728516,0.625000,551.513672,267.517090,-285.095215
1493852599.640112,-3.498047,2.281250,1.072266,659.301758,281.738281,-354.064941
1493852599.642661,-1.492188,0.430176,-0.331055,500.122070,98.266602,-448.059082
1493852599.645211,-0.056152,-0.246094,-1.158203,419.799805,-76.782227,-545.898438
1493852599.647775,0.770508,-0.659668,-1.024902,294.677734,-189.758301,-578.491211
1493852599.650413,1.411133,-0.752441,-0.439941,212.463379,-258.117676,-536.804199
1493852599.653095,1.628906,-0.761719,-0.576172,112.060547,-361.938477,-417.419434
1493852599.655777,1.851562,-0.847168,-0.214355,-4.882812,-403.076172,-222.229004
1493852599.658470,1.715332,-0.621094,0.489258,-129.943848,-374.267578,22.949219
1493852599.661167,1.311035,-0.128906,0.382812,-199.340820,-280.761719,261.474609
1493852599.663846,0.755859,0.130859,0.077637,-207.519531,-146.728516,448.120117
1493852599.666528,0.450684,0.619141,-0.277344,-202.697754,-16.906738,566.955566
1493852599.669212,0.210449,1.025879,-0.407715,-213.989258,70.678711,633.361816
1493852599.671897,-0.011230,1.484375,-0.421387,-227.661133,105.957031,668.334961
1493852599.674576,-0.222656,1.650879,-0.595703,-227.539062,104.614258,649.230957
1493852599.677256,-0.479980,1.871582,-0.509277,-232.421875,87.524414,621.215820
1493852599.679943,-0.556641,2.161133,-0.441406,-225.097656,56.213379,545.166016
1493852599.682632,-0.686523,2.485840,-0.473145,-196.472168,35.034180,489.318848
1493852599.685316,-0.923828,2.669434,-0.387695,-168.884277,27.343750,378.967285
1493852599.688108,-1.169922,2.815918,-0.508301,-139.160156,21.667480,192.138672
1493852599.690716,-1.101562,2.436523,-0.300293,-141.784668,20.324707,139.526367
1493852599.693263,-0.793945,1.785156,-0.367188,-181.396484,28.930664,57.617188
1493852599.695812,-0.624512,1.221191,-0.302734,-217.346191,57.739258,3.967285
1493852599.698388,-0.313965,0.839355,-0.358398,-228.210449,94.238281,-26.367188
1493852599.701035,-0.234375,0.544922,-0.405762,-232.604980,134.704590,-39.855957
1493852599.703717,-0.044434,0.145020,-0.394043,-225.891113,147.888184,-38.024902
1493852599.706400,0.133301,0.075195,-0.487305,-213.073730,156.005859,-22.888184
1493852599.709087,0.268066,-0.112793,-0.520996,-197.326660,129.577637,5.554199
1493852599.711770,0.331055,-0.243164,-0.563965,-183.105469,119.812012,47.607422
1493852599.714451,0.404785,-0.302734,-0.537109,-170.410156,87.829590,102.600098
1493852599.717133,0.375488,-0.369141,-0.438965,-161.315918,56.457520,166.809082
1493852599.719817,0.276855,-0.328613,-0.425293,-153.625488,31.433105,233.093262
1493852599.722502,0.103516,-0.174805,-0.416992,-149.169922,18.310547,291.870117
1493852599.725182,-0.000977,-0.009277,-0.385254,-145.751953,15.686035,333.679199
1493852599.727868,-0.153320,0.133301,-0.300781,-142.578125,20.385742,355.163574
1493852599.730557,-0.275391,0.292969,-0.326172,-138.000488,28.259277,359.497070
1493852599.733239,-0.392578,0.457520,-0.358887,-126.403809,35.095215,357.055664
1493852599.735921,-0.461914,0.611816,-0.276855,-111.083984,41.015625,330.627441
1493852599.738593,-0.500488,0.662598,-0.363281,-94.543457,44.555664,316.345215
1493852599.741193,-0.468262,0.703613,-0.280762,-70.739746,40.771484,316.833496
1493852599.743741,-0.508789,0.637207,-0.319824,-61.706543,48.645020,301.757812
1493852599.746291,-0.412109,0.552246,-0.363770,-57.495117,51.208496,289.916992
1493852599.748875,-0.394043,0.429199,-0.287109,-48.278809,53.588867,281.433105
1493852599.751456,-0.336914,0.314941,-0.249512,-43.212891,55.664062,277.099609
1493852599.754007,-0.338867,0.233398,-0.314941,-40.039062,61.340332,276.733398
1493852599.756555,-0.301758,0.137695,-0.277344,-38.024902,66.101074,280.029297
1493852599.759145,-0.245605,0.132812,-0.293945,-34.362793,68.603516,283.020020
1493852599.761788,-0.304199,0.087891,-0.168457,-29.296875,67.626953,291.015625
1493852599.764431,-0.308105,0.090820,-0.227051,-23.864746,64.208984,301.086426
1493852599.767076,-0.330078,0.248047,-0.198730,-16.784668,60.485840,312.866211
1493852599.769813,-0.416504,0.187500,-0.238770,-10.864258,58.166504,326.599121
1493852599.772573,-0.466309,0.240234,-0.211914,-4.699707,57.312012,337.707520
1493852599.775254,-0.573242,0.324219,-0.192871,-1.525879,57.189941,346.801758
1493852599.777938,-0.520508,0.469238,-0.152832,2.868652,56.762695,353.637695
1493852599.780621,-0.580078,0.397461,-0.194336,5.126953,57.922363,356.018066
1493852599.783297,-0.571777,0.441895,-0.175293,8.789062,58.654785,356.811523
1493852599.785976,-0.603027,0.429199,-0.146484,10.498047,60.241699,355.041504
1493852599.788652,-0.712891,0.414062,-0.191406,11.047363,62.500000,352.172852
1493852599.791260,-0.511719,0.389648,-0.171387,12.573242,64.758301,349.121094
1493852599.793809,-0.719727,0.378906,-0.220215,13.183594,68.237305,348.144531
1493852599.796360,-0.590820,0.337402,-0.181641,11.352539,69.641113,349.182129
1493852599.798953,-0.534668,0.284668,-0.166992,11.169434,73.242188,350.463867
1493852599.801615,-0.625977,0.270020,-0.243652,8.117676,77.575684,352.478027
1493852599.804294,-0.652344,0.228027,-0.190430,7.019043,82.824707,356.811523
1493852599.806974,-0.697754,0.203613,-0.233398,5.798340,85.266113,362.609863
1493852599.809677,-0.666504,0.217773,-0.203125,5.004883,89.050293,367.553711
1493852599.812376,-0.668945,0.207031,-0.153809,5.126953,90.637207,373.352051
1493852599.815053,-0.724609,0.193359,-0.173828,5.737305,92.590332,376.831055
1493852599.817734,-0.694824,0.238770,-0.236816,5.126953,94.421387,382.690430
1493852599.820417,-0.741699,0.260254,-0.178711,4.943848,95.214844,404.479980
1493852599.823097,-0.713867,0.263672,-0.171875,4.333496,99.243164,394.592285
1493852599.825886,-0.858887,0.312012,-0.246582,4.028320,103.271484,400.146484
1493852599.828569,-0.761230,0.291504,-0.197754,-0.183105,106.323242,420.593262
1493852599.831254,-0.824219,0.339844,-0.144531,-2.990723,108.886719,408.142090
1493852599.833931,-0.853027,0.381836,-0.370605,-6.164551,110.778809,410.034180
1493852599.836611,-0.861328,0.424316,-0.313965,-7.873535,113.525391,411.254883
1493852599.839257,-0.903320,0.429199,-0.237793,-10.742188,116.577148,412.597656
1493852599.841836,-0.929688,0.466309,-0.276855,-12.634277,120.605469,412.841797
1493852599.844386,-1.031250,0.447266,-0.272461,-16.479492,124.328613,411.743164
1493852599.846934,-1.050781,0.496582,-0.331055,-19.348145,125.305176,411.071777
1493852599.849555,-1.100098,0.500488,-0.272949,-22.827148,129.394531,409.545898
1493852599.852245,-1.153809,0.512695,-0.340820,-27.221680,132.751465,408.264160
1493852599.854925,-1.226074,0.532715,-0.296387,-31.005859,136.047363,408.142090
1493852599.857608,-1.314453,0.552246,-0.474609,-33.874512,138.854980,408.264160
1493852599.860346,-1.372070,0.558105,-0.382812,-36.193848,142.028809,409.912109
1493852599.863032,-1.387695,0.546387,-0.443848,-40.649414,146.362305,411.132812
1493852599.865717,-1.507324,0.552246,-0.400391,-44.189453,150.756836,411.865234
1493852599.868406,-1.614258,0.560547,-0.384766,-50.354004,156.494141,412.048340
1493852599.871096,-1.684570,0.542969,-0.466797,-57.434082,163.024902,412.475586
1493852599.873778,-1.769531,0.459961,-0.491699,-67.504883,170.715332,411.193848
1493852599.876462,-1.998047,0.328613,-0.583008,-79.101562,180.297852,408.935547
1493852599.879150,-2.001465,0.235840,-0.539551,-92.346191,188.720703,391.357422
1493852599.881835,-2.031250,0.119629,-0.521484,-102.416992,198.242188,403.991699
1493852599.884513,-2.124512,0.002441,-0.546387,-110.656738,203.063965,400.573730
1493852599.887197,-2.171875,-0.097656,-0.437500,-115.478516,202.453613,398.376465
1493852599.889832,-2.232910,-0.215820,-0.113281,-117.614746,202.941895,399.291992
1493852599.892394,-2.269531,-0.380859,-0.121094,-120.910645,208.740234,400.878906
1493852599.894941,-2.323730,-0.438477,-0.293945,-118.041992,210.510254,403.076172
1493852599.897490,-2.344727,-0.443359,-0.294922,-110.656738,200.439453,407.653809
1493852599.900131,-2.455078,-0.464355,-0.256836,-109.802246,181.579590,414.001465
1493852599.902811,-2.387695,-0.580078,-0.142578,-114.196777,157.226562,420.288086
1493852599.905492,-2.443848,-0.700195,-0.205078,-113.037109,164.855957,421.875000
1493852599.908177,-2.442871,-0.856934,-0.312988,-110.412598,166.564941,418.518066
1493852599.910862,-2.535156,-1.011230,-0.379883,-108.581543,170.349121,405.578613
1493852599.913543,-2.553223,-1.137695,-0.347656,-114.929199,170.288086,383.850098
1493852599.916219,-2.606934,-1.461426,-0.402344,-122.070312,169.372559,359.130859
1493852599.918904,-2.576660,-1.532227,-0.389648,-123.535156,168.334961,334.167480
1493852599.921594,-2.606934,-1.732910,-0.339355,-119.873047,168.334961,312.561035
1493852599.924278,-2.527832,-1.873047,-0.501953,-110.046387,166.137695,296.936035
1493852599.926963,-2.444824,-2.005371,-0.406250,-96.862793,158.569336,285.705566
1493852599.929617,-2.417480,-2.345215,-0.441895,-85.205078,149.291992,277.343750
1493852599.932200,-2.291992,-2.374512,-0.474609,-76.782227,146.850586,273.376465
1493852599.934752,-2.097656,-2.359375,-0.359375,-73.791504,150.939941,258.422852
1493852599.937304,-1.910156,-2.438965,-0.281738,-87.829590,166.625977,228.454590
1493852599.939926,-1.685059,-2.376465,-0.187012,-114.135742,184.875488,180.786133
1493852599.942617,-1.600098,-2.443359,-0.031738,-145.141602,195.007324,117.492676
1493852599.945297,-1.610840,-2.704102,0.018555,-169.067383,183.166504,51.574707
1493852599.947981,-1.804199,-2.961914,0.237793,-149.291992,131.835938,-5.615234
1493852599.950663,-2.240234,-3.257812,0.465820,-103.271484,47.668457,-48.095703
1493852599.953343,-2.400391,-3.384277,0.315918,-46.447754,-12.573242,-62.622070
1493852599.956022,-2.470703,-3.125977,0.325195,-21.057129,-3.723145,-54.565430
1493852599.958706,-2.325684,-3.052246,0.388184,-22.949219,18.127441,-26.916504
1493852599.961503,-1.978516,-2.908203,0.498047,-39.123535,49.743652,10.803223
1493852599.964182,-1.571777,-2.966309,0.643066,-38.024902,54.382324,34.301758
1493852599.966860,-1.409668,-3.098633,0.455078,-23.559570,43.212891,25.878906
1493852599.969549,-1.333008,-3.175781,0.422852,-24.291992,24.658203,-7.629395
1493852599.972232,-1.395996,-3.138672,0.382324,-35.461426,21.362305,-45.837402
1493852599.974909,-1.532227,-2.980469,0.308594,-39.062500,18.554688,-77.819824
1493852599.977584,-1.565430,-2.838379,0.241211,-35.888672,7.507324,-98.022461
1493852599.980266,-1.568359,-2.708496,0.331543,-29.602051,-2.014160,-110.656738
1493852599.982817,-1.571777,-2.548828,0.196777,-26.184082,-6.042480,-128.234863
1493852599.985364,-1.465820,-2.359375,0.252930,-29.724121,-8.483887,-155.456543
1493852599.987941,-1.411133,-2.221680,0.315918,-33.081055,-9.521484,-165.649414
1493852599.990587,-1.426758,-2.079590,0.250977,-26.672363,-8.239746,-188.110352
1493852599.993264,-1.683594,-0.908203,-0.597656,-29.724121,-13.854980,-205.810547
1493852599.995945,-1.966797,-0.554199,0.036621,40.527344,50.903320,-222.595215
1493852599.998647,-1.808594,0.131836,1.522949,158.996582,278.503418,-219.055176
1493852600.001349,-2.149414,1.314453,0.600098,254.394531,447.326660,-178.955078
1493852600.004035,-3.349121,3.099609,0.327637,274.291992,419.677734,-124.084473
1493852600.006716,-5.974609,5.544922,0.779785,284.057617,356.506348,-22.399902
1493852600.009397,-6.133301,5.768066,0.141602,256.958008,273.193359,151.062012
1493852600.012079,-3.069824,4.408203,-0.220215,192.749023,140.930176,243.103027
1493852600.014760,-0.661621,3.482422,-1.811035,161.499023,-57.373047,231.872559
1493852600.017438,0.553711,3.122070,-1.705566,173.522949,-308.959961,141.357422
1493852600.020130,0.768066,2.663574,-1.623535,173.889160,-555.358887,-33.264160
1493852600.022810,0.778809,2.080078,-0.438965,166.809082,-748.107910,-275.512695
1493852600.025498,0.487305,1.160156,0.843262,140.991211,-829.406738,-573.059082
1493852600.028181,0.290527,0.160156,1.763184,108.276367,-804.565430,-889.404297
1493852600.030792,0.607910,-0.896484,2.258301,57.556152,-746.154785,-1141.113281
1493852600.033343,0.723633,-1.500488,1.878418,-45.349121,-555.725098,-1253.784180
1493852600.035894,0.711914,-1.957031,1.139160,-165.222168,-308.410645,-1223.083496
1493852600.038493,0.782715,-2.338867,0.404297,-249.877930,-69.946289,-1113.159180
1493852600.041162,-0.059570,-3.086914,-0.308594,-199.951172,-39.428711,-1042.785645
1493852600.043840,-0.898438,-3.185547,-0.554199,-223.999023,123.107910,-938.598633
1493852600.046518,-1.632812,-2.884277,-0.700195,-259.643555,203.918457,-894.775391
1493852600.049201,-2.285156,-2.311035,-0.618652,-253.234863,188.171387,-825.927734
1493852600.051887,-2.644531,-1.756348,-0.485840,-188.049316,90.942383,-676.147461
1493852600.054573,-2.694336,-1.281250,-0.089355,-85.205078,-31.005859,-489.318848
1493852600.057260,-2.302734,-1.085938,0.130371,21.545410,-123.718262,-321.960449
1493852600.059947,-1.565430,-0.785156,-0.156738,119.262695,-163.696289,-193.847656
1493852600.062633,-0.721680,-0.644043,-0.386230,194.824219,-162.963867,-100.463867
1493852600.065316,-0.132812,-0.665039,-0.639160,245.910645,-143.371582,-43.334961
1493852600.067999,0.019043,-0.772461,-0.804688,229.797363,-115.234375,-35.583496
1493852600.070688,0.031738,-0.613281,-0.914062,178.894043,-92.285156,-73.791504
1493852600.073377,-0.141602,-0.377441,-0.642578,141.113281,-60.791016,-122.741699
1493852600.076062,-0.493652,-0.118164,-0.619629,65.795898,-38.391113,-156.860352
1493852600.078725,-0.548340,-0.132324,-0.200684,-10.498047,-32.348633,-179.626465
1493852600.081318,-0.666992,-0.458496,0.176758,-72.937012,-55.969238,-210.876465
1493852600.083869,-0.702148,-0.562500,0.371094,-102.233887,-74.829102,-236.572266
1493852600.086419,-0.755371,-0.763672,0.476074,-100.341797,-108.032227,-223.266602
1493852600.089009,-0.873047,-0.900391,0.544922,-90.026855,-124.206543,-202.880859
1493852600.091671,-0.792480,-0.890625,0.526855,-70.068359,-106.384277,-144.409180
1493852600.094456,-0.822266,-0.855469,0.172363,-40.405273,-62.133789,-85.571289
1493852600.097136,-0.769531,-0.599121,-0.222656,-14.160156,-15.808105,-26.306152
1493852600.099818,-0.627930,-0.412109,-0.342773,-3.845215,10.681152,-6.164551
1493852600.102499,-0.763672,-0.267090,-0.400879,-4.333496,9.948730,24.841309
1493852600.105178,-0.796387,-0.175781,-0.289551,-10.864258,-5.249023,38.818359
1493852600.107880,-0.830078,-0.155762,-0.245605,-19.897461,-30.273438,46.386719
1493852600.110584,-0.801758,-0.120605,-0.062988,-28.320312,-53.100586,52.490234
1493852600.113267,-0.709961,-0.118164,0.010742,-28.930664,-69.763184,57.556152
1493852600.115951,-0.577637,-0.082031,0.030273,-23.864746,-73.669434,60.180664
1493852600.118665,-0.529785,-0.034180,0.090332,-15.136719,-63.781738,60.058594
1493852600.121375,-0.481934,0.012695,-0.019043,-12.145996,-48.706055,53.894043
1493852600.124057,-0.454590,0.053711,-0.056152,-15.808105,-30.822754,43.945312
1493852600.126741,-0.398438,0.078125,-0.099609,-20.019531,-18.005371,31.250000
1493852600.129389,-0.563965,0.003418,-0.156738,-31.433105,-11.352539,17.883301
1493852600.131968,-0.634766,0.239746,-0.009277,-41.320801,-11.047363,6.347656
1493852600.134515,-0.634277,0.112793,0.008789,-42.419434,-10.925293,-4.516602
1493852600.137064,-0.628906,0.074219,0.016602,-39.794922,-7.934570,-11.230469
1493852600.139636,-0.670410,0.011230,0.043945,-31.738281,-3.662109,-14.465332
1493852600.142203,-0.650391,-0.025879,0.032227,-26.489258,5.065918,-15.258789
1493852600.144751,-0.636230,-0.045410,0.055664,-24.780273,12.878418,-15.625000
1493852600.147300,-0.622559,-0.074219,-0.008789,-25.573730,21.118164,-15.502930
1493852600.149922,-0.615723,-0.083496,-0.036133,-25.451660,27.526855,-15.991211
1493852600.152617,-0.674316,-0.124512,-0.101562,-26.489258,29.724121,-14.892578
1493852600.155303,-0.696289,-0.084473,-0.192871,-25.146484,31.860352,-12.634277
1493852600.157991,-0.703125,-0.083496,-0.101562,-23.315430,32.409668,-7.629395
1493852600.160681,-0.711426,-0.099609,-0.096680,-20.751953,33.142090,0.000000
1493852600.163364,-0.737305,-0.067383,-0.173828,-19.409180,33.020020,7.812500
1493852600.166049,-0.744141,-0.045410,-0.145996,-17.028809,32.226562,14.404297
1493852600.168741,-0.739258,-0.014648,-0.163574,-15.563965,29.418945,21.057129
1493852600.171433,-0.824219,0.013184,-0.162109,-13.854980,27.099609,25.634766
1493852600.174119,-0.743652,-0.013184,-0.130859,-10.742188,26.733398,29.418945
1493852600.176803,-0.760742,-0.120117,-0.212891,-8.605957,23.864746,31.982422
1493852600.179485,-0.767578,0.009277,-0.222168,-4.882812,20.629883,35.034180
1493852600.182169,-0.763672,0.001465,-0.138184,-2.868652,19.104004,38.635254
1493852600.184851,-0.743652,-0.002930,-0.227051,0.427246,15.747070,40.771484
1493852600.187532,-0.752441,0.030762,-0.265137,2.380371,15.075684,44.616699
1493852600.190162,-0.769043,0.012207,-0.178711,2.868652,10.803223,47.363281
1493852600.192713,-0.818359,0.026367,-0.257324,3.479004,6.896973,48.767090
1493852600.195260,-0.794434,0.041504,-0.276855,1.892090,-0.122070,50.842285
1493852600.197817,-0.804199,0.049805,-0.291992,3.784180,-7.873535,52.917480
1493852600.200442,-0.844727,0.056152,-0.244141,4.211426,-15.197754,51.330566
1493852600.203122,-0.808105,0.062500,-0.188965,6.042480,-21.667480,48.095703
1493852600.205804,-0.778320,0.134766,-0.213867,6.958008,-25.695801,42.907715
1493852600.208494,-0.721191,0.155762,-0.203613,8.300781,-26.794434,36.132812
1493852600.211183,-0.630859,0.174805,-0.154785,5.615234,-27.893066,29.174805
1493852600.213862,-0.713867,0.197266,-0.178711,1.342773,-28.442383,20.446777
1493852600.216546,-0.684570,0.026855,-0.173828,3.662109,-30.517578,11.657715
1493852600.219254,-0.725586,0.028809,-0.203613,10.253906,-34.667969,7.995605
1493852600.221966,-0.696289,0.034180,-0.216797,24.475098,-38.696289,7.263184
1493852600.224655,-0.659668,0.013672,-0.246582,35.156250,-43.273926,10.009766
1493852600.227336,-0.659668,0.050293,-0.235840,36.865234,-44.128418,11.901855
1493852600.230014,-0.657715,0.053711,-0.296875,33.813477,-43.212891,12.329102
1493852600.232698,-0.656738,0.087402,-0.322754,29.724121,-39.245605,11.962891
1493852600.235628,-0.649902,0.097656,-0.294434,25.878906,-32.409668,7.690430
1493852600.238376,-0.650879,0.099609,-0.371094,22.644043,-30.212402,1.403809
1493852600.241055,-0.614746,0.052734,-0.362793,20.812988,-30.761719,-6.958008
1493852600.243618,-0.664062,0.027344,-0.423828,21.240234,-46.752930,-13.671875
1493852600.246183,-0.635742,0.007812,-0.381836,22.460938,-32.714844,-19.531250
1493852600.248772,-0.645996,-0.006348,-0.556641,25.268555,-35.278320,-23.620605
1493852600.251428,-0.633301,-0.033691,-0.416992,24.047852,-39.062500,-26.550293
1493852600.254112,-0.646484,-0.087402,-0.451660,20.507812,-40.710449,-27.832031
1493852600.256793,-0.599609,-0.141602,-0.478027,18.005371,-40.039062,-28.320312
1493852600.259482,-0.604492,-0.196777,-0.457520,21.850586,-36.560059,-28.137207
1493852600.262173,-0.597656,-0.227539,-0.619629,36.437988,-32.348633,-25.451660
1493852600.264856,-0.621094,-0.245117,-0.432129,50.476074,-30.090332,-23.437500
1493852600.267540,-0.739746,-0.196777,-0.356934,60.058594,-33.752441,-19.958496
1493852600.270232,-0.696289,-0.108887,-0.343750,63.049316,-43.212891,-14.770508
1493852600.272917,-0.716309,-0.033691,-0.284668,60.729980,-54.687500,-10.986328
1493852600.275599,-0.735352,0.009766,-0.344238,65.246582,-64.331055,-7.385254
1493852600.278286,-0.680176,0.058105,-0.279297,76.904297,-67.626953,-6.103516
1493852600.280998,-0.694824,0.067871,-0.212402,89.599609,-66.162109,-7.812500
1493852600.283793,-0.650879,0.099609,-0.231445,92.895508,-62.561035,-14.587402
1493852600.286513,-0.607422,0.164551,-0.183105,92.346191,-56.030273,-27.099609
1493852600.289162,-0.609863,0.155762,-0.131836,91.735840,-43.762207,-43.090820
1493852600.291737,-0.584961,0.119629,-0.168945,91.674805,-28.747559,-59.509277
1493852600.294289,-0.571777,0.045898,-0.071777,92.102051,-15.197754,-70.434570
1493852600.296842,-0.592285,0.001465,-0.059570,88.684082,-10.131836,-77.026367
1493852600.299441,-0.558594,-0.004395,-0.069824,84.228516,-5.004883,-77.331543
1493852600.302110,-0.609375,-0.005371,0.047363,83.129883,-5.004883,-73.608398
1493852600.304794,-0.626953,0.015625,-0.037109,80.810547,-7.995605,-69.091797
1493852600.307474,-0.667480,0.068359,0.121582,82.397461,-11.657715,-65.734863
1493852600.310167,-0.719727,0.078125,0.090820,80.261230,-15.075684,-63.476562
1493852600.312850,-0.731445,0.121582,0.089355,78.613281,-15.991211,-63.110352
1493852600.315529,-0.761230,0.127930,0.064941,76.660156,-15.075684,-64.208984
1493852600.318199,-0.841797,0.234863,0.065430,72.387695,-13.305664,-66.345215
1493852600.320801,-0.833496,0.017090,-0.006836,70.129395,-9.948730,-67.687988
1493852600.323352,-0.839355,0.098633,0.050781,66.650391,-7.385254,-72.143555
1493852600.325900,-0.833496,0.061523,0.000977,65.002441,-5.676270,-74.768066
1493852600.328528,-0.830566,0.064453,-0.114746,63.842773,-4.028320,-77.575684
1493852600.331158,-0.873535,0.017578,-0.033203,65.124512,-3.356934,-78.308105
1493852600.333705,-0.876465,0.044434,-0.070801,67.138672,-3.540039,-79.345703
1493852600.336255,-0.870605,0.026855,-0.060547,68.786621,-4.028320,-78.063965
1493852600.338889,-0.922852,0.041016,-0.089355,71.533203,-4.882812,-76.721191
1493852600.341524,-0.920898,0.063965,-0.050781,74.096680,-3.723145,-75.927734
1493852600.344075,-0.899414,0.060547,-0.061523,76.965332,-4.760742,-75.378418
1493852600.346623,-0.968750,0.062988,-0.017090,77.941895,-3.845215,-76.049805
1493852600.349215,-0.925293,0.088867,-0.181641,78.491211,-2.319336,-77.331543
1493852600.351877,-0.957031,0.061523,-0.050781,80.017090,-1.953125,-80.078125
1493852600.354557,-0.962891,0.080566,-0.129883,79.345703,-0.305176,-83.740234
1493852600.357234,-0.962891,0.091309,-0.125000,82.458496,-0.915527,-87.158203
1493852600.359921,-0.942871,0.030273,-0.127930,84.777832,-2.868652,-86.975098
1493852600.362610,-0.962402,0.031250,-0.104980,87.402344,-13.732910,-80.322266
1493852600.365292,-0.899414,0.099121,-0.156738,108.032227,-29.052734,-68.420410
1493852600.367980,-0.929199,0.149902,-0.069824,99.792480,-45.654297,-53.771973
1493852600.370670,-1.079590,0.244141,-0.056641,105.285645,-54.199219,-44.494629
1493852600.373483,-1.002930,0.380859,-0.024902,104.919434,-55.664062,-45.837402
1493852600.376167,-1.075195,0.465332,-0.063965,80.627441,-48.767090,-58.837891
1493852600.378872,-1.085449,0.541992,-0.120605,68.237305,-38.330078,-82.214355
1493852600.381580,-1.068359,0.607422,-0.089355,54.138184,-30.212402,-111.816406
1493852600.384265,-1.146973,0.580566,-0.042480,55.419922,-24.353027,-143.005371
1493852600.386943,-1.160156,0.492188,-0.020996,44.433594,-22.766113,-168.701172
1493852600.389582,-1.208984,0.459961,-0.159668,36.926270,-24.169922,-183.471680
1493852600.392156,-1.267090,0.400391,-0.088867,31.982422,-26.855469,-190.246582
1493852600.394705,-1.299316,0.394043,-0.041016,29.968262,-32.531738,-193.176270
1493852600.397252,-1.318848,0.402344,-0.180664,28.747559,-35.034180,-196.289062
1493852600.399885,-1.327637,0.422363,-0.035156,28.686523,-34.973145,-218.627930
1493852600.402593,-1.308105,0.453125,-0.129883,31.066895,-31.860352,-209.167480
1493852600.405273,-1.317871,0.459961,-0.072754,30.212402,-31.311035,-231.201172
1493852600.407960,-1.313965,0.622070,-0.061523,30.883789,-33.508301,-221.740723
1493852600.410648,-1.272949,0.557129,-0.214844,32.043457,-38.024902,-226.379395
1493852600.413331,-1.338867,0.625488,-0.148438,29.418945,-43.334961,-230.346680
1493852600.416013,-1.368652,0.659180,-0.242676,28.137207,-48.278809,-235.839844
1493852600.418702,-1.489258,0.717773,-0.291504,26.062012,-52.246094,-244.445801
1493852600.421391,-1.465820,0.684570,-0.282715,25.695801,-54.565430,-253.051758
1493852600.424073,-1.489746,0.695312,-0.427246,23.498535,-58.105469,-257.995605
1493852600.426752,-1.547852,0.750488,-0.458984,28.747559,-64.697266,-261.230469
1493852600.429409,-1.566406,0.755371,-0.509277,39.001465,-68.603516,-268.432617
1493852600.431995,-1.599609,0.765625,-0.624023,60.485840,-69.091797,-279.663086
1493852600.434544,-1.558594,0.824219,-0.664551,53.649902,-68.054199,-296.813965
1493852600.437093,-1.742188,0.816895,-0.650879,58.105469,-63.293457,-315.490723
1493852600.439711,-1.738281,0.827637,-0.746582,61.706543,-54.199219,-326.904297
1493852600.442400,-1.704590,0.849609,-0.739746,66.284180,-44.372559,-334.045410
1493852600.445083,-1.724121,0.764648,-0.784668,67.321777,-39.184570,-336.547852
1493852600.447771,-1.744629,0.833984,-0.631836,69.946289,-39.916992,-339.416504
1493852600.450456,-1.834961,0.761719,-0.648438,74.584961,-40.405273,-346.740723
1493852600.453135,-2.000000,0.708496,-0.653320,78.735352,-41.320801,-360.229492
1493852600.455814,-1.986328,0.693359,-0.713867,78.308105,-45.776367,-384.399414
1493852600.458499,-1.964844,0.509277,-0.812988,77.941895,-53.588867,-401.550293
1493852600.461186,-1.949707,0.527832,-0.693359,78.430176,-69.335938,-397.766113
1493852600.463863,-1.843262,0.506836,-0.751953,81.726074,-92.712402,-403.564453
1493852600.466542,-1.865723,0.434082,-0.769531,89.111328,-116.333008,-405.761719
1493852600.469223,-1.909668,0.395996,-0.752930,97.229004,-130.310059,-408.264160
1493852600.471908,-2.073730,0.332520,-0.761719,106.811523,-133.178711,-410.583496
1493852600.474591,-2.273926,0.294922,-0.742676,120.605469,-130.249023,-414.489746
1493852600.477274,-2.494141,0.322754,-0.617676,143.249512,-116.638184,-422.119141
1493852600.479905,-2.691406,0.375000,-0.758301,158.142090,-92.712402,-431.701660
1493852600.482471,-2.704102,0.494141,-0.828613,162.170410,-78.735352,-447.082520
1493852600.485025,-2.715820,0.733398,-0.775391,163.757324,-74.951172,-467.590332
1493852600.487576,-2.772949,1.056641,-0.851562,180.664062,-74.523926,-484.130859
1493852600.490125,-2.568359,0.888184,-1.228027,212.341309,-82.885742,-489.196777
1493852600.492675,-2.395508,0.882324,-1.234863,201.843262,-115.356445,-482.788086
1493852600.495222,-2.281250,0.994629,-1.166016,146.972656,-148.742676,-458.251953
1493852600.497778,-2.182617,1.046387,-1.198242,95.336914,-165.649414,-425.537109
1493852600.500408,-2.122559,1.078613,-1.121582,59.997559,-161.865234,-392.944336
1493852600.503086,-1.979980,1.193848,-1.089844,43.640137,-139.160156,-363.708496
1493852600.505764,-1.757324,1.304199,-0.939941,42.602539,-107.055664,-339.233398
1493852600.508560,-1.687012,1.500000,-0.677734,54.565430,-71.533203,-320.495605
1493852600.511249,-1.476562,1.613770,-0.754883,72.509766,-43.273926,-307.861328
1493852600.513934,-1.182129,1.554199,-0.690918,82.275391,-25.573730,-300.537109
1493852600.516618,-1.091309,1.446777,-0.769531,117.370605,-1.464844,-299.011230
1493852600.519305,-0.962891,1.451172,-0.831055,199.035645,48.217773,-310.729980
1493852600.521994,-0.984375,0.835938,0.037598,352.905273,141.479492,-334.228516
1493852600.524675,-3.013672,1.551270,0.495605,451.538086,219.360352,-401.489258
1493852600.527358,-3.553711,1.723145,1.030762,471.191406,263.122559,-502.136230
1493852600.530000,-1.956055,0.624023,0.397949,437.255859,147.644043,-582.763672
1493852600.532575,-0.388184,-0.377441,-0.759766,363.952637,27.465820,-640.502930
1493852600.535128,0.732910,-0.972168,-0.371582,402.648926,-29.174805,-653.137207
1493852600.537679,1.251465,-1.041992,-0.479004,409.851074,-151.916504,-588.195801
1493852600.540355,1.454590,-0.994141,-0.893066,303.283691,-262.451172,-450.805664
1493852600.543037,1.789551,-0.914062,-0.837891,123.413086,-296.813965,-213.012695
1493852600.545719,1.761719,-0.772461,-0.340820,-15.625000,-383.117676,55.358887
1493852600.548405,1.501465,-0.449219,0.494629,-197.692871,-270.874023,304.931641
1493852600.551090,1.010742,-0.174316,0.362793,-237.426758,-174.377441,479.370117
1493852600.553773,0.645020,0.325195,-0.098633,-213.928223,-76.843262,549.255371
1493852600.556457,0.416992,0.776367,-0.265625,-185.729980,12.939453,635.742188
1493852600.559143,0.148438,1.369629,-0.283691,-172.119141,64.758301,678.405762
1493852600.561832,-0.082031,1.629395,-0.544922,-167.541504,87.402344,693.847656
1493852600.564517,-0.250488,1.881348,-0.318359,-189.392090,77.819824,674.011230
1493852600.567203,-0.313477,2.156738,-0.396484,-202.941895,57.128906,622.192383
1493852600.569835,-0.462402,2.520020,-0.486328,-200.439453,54.138184,539.306641
1493852600.572396,-0.694824,2.826172,-0.526855,-177.429199,65.795898,429.138184
1493852600.574946,-0.930664,3.207031,-0.604004,-139.465332,89.965820,301.940918
1493852600.577496,-0.851074,2.798828,-0.465332,-111.816406,79.345703,172.546387
1493852600.580123,-0.549805,2.098145,-0.429199,-131.835938,69.824219,67.382812
1493852600.582806,-0.300781,1.402344,-0.446777,-173.522949,69.091797,-9.887695
1493852600.585487,-0.194336,0.906250,-0.327637,-197.998047,94.848633,-58.349609
1493852600.588175,0.016602,0.552246,-0.381836,-201.904297,134.582520,-81.848145
1493852600.590863,0.129883,0.216797,-0.351562,-191.162109,167.541504,-84.045410
1493852600.593544,0.326172,-0.006836,-0.378906,-174.194336,183.898926,-78.063965
1493852600.596228,0.432129,-0.231934,-0.499023,-154.235840,178.649902,-35.888672
1493852600.598916,0.516113,-0.374512,-0.517090,-138.061523,160.217285,23.437500
1493852600.601607,0.601562,-0.494629,-0.586426,-127.502441,129.699707,85.571289
1493852600.604291,0.447266,-0.510254,-0.553711,-118.957520,98.266602,157.531738
1493852600.606972,0.277344,-0.414062,-0.412598,-114.685059,74.462891,205.261230
1493852600.609641,0.093262,-0.211914,-0.289062,-108.032227,62.683105,276.672363
1493852600.612242,-0.108887,0.012695,-0.378418,-104.309082,62.805176,329.833984
1493852600.614793,-0.217773,0.235840,-0.287109,-103.820801,69.152832,360.351562
1493852600.617344,-0.339355,0.413574,-0.347168,-99.975586,78.430176,372.131348
1493852600.619960,-0.440918,0.609863,-0.289062,-89.538574,83.618164,368.286133
1493852600.622644,-0.461914,0.738281,-0.289062,-74.645996,90.698242,354.858398
1493852600.625324,-0.401855,0.802734,-0.260254,-57.067871,96.069336,337.707520
1493852600.628003,-0.455566,0.797363,-0.263672,-38.574219,93.750000,318.725586
1493852600.630676,-0.357422,0.668457,-0.155762,-18.798828,106.506348,303.833008
1493852600.633346,-0.326660,0.608887,-0.198730,-12.756348,93.750000,291.748047
1493852600.636011,-0.276855,0.506836,-0.089844,-13.183594,96.313477,284.912109
1493852600.638685,-0.258789,0.378418,-0.044922,-16.357422,104.370117,284.423828
1493852600.641361,-0.231445,0.330566,-0.062988,-18.859863,111.389160,287.231445
1493852600.644138,-0.228027,0.322266,-0.028809,-18.249512,118.835449,294.555664
1493852600.646804,-0.268555,0.302246,-0.091309,-17.028809,121.337891,303.710938
1493852600.649476,-0.307617,0.354004,0.062500,-13.000488,122.924805,314.514160
1493852600.652151,-0.414062,0.382812,0.030762,-8.300781,120.971680,321.044922
1493852600.654822,-0.384277,0.455566,0.071289,-3.723145,119.689941,333.740234
1493852600.657488,-0.571777,0.558594,0.022461,-1.220703,118.225098,345.275879
1493852600.660110,-0.619141,0.580566,0.049316,-0.122070,116.516113,353.759766
1493852600.662660,-0.706055,0.648438,0.056152,-0.122070,114.929199,356.689453
1493852600.665207,-0.688477,0.673340,0.104980,1.159668,113.159180,355.957031
1493852600.667796,-0.741211,0.666504,0.096680,1.770020,113.952637,353.515625
1493852600.670459,-0.770996,0.666504,0.189941,1.220703,114.379883,350.891113
1493852600.673142,-0.738281,0.657715,0.036621,-1.647949,114.807129,347.534180
1493852600.675827,-0.777344,0.609863,0.172852,-5.432129,114.257812,347.961426
1493852600.678514,-0.874512,0.575684,0.125488,-10.253906,114.196777,349.670410
1493852600.681200,-0.760742,0.562988,0.096680,-16.845703,116.394043,354.492188
1493852600.683881,-0.810547,0.566895,0.224121,-21.911621,117.187500,359.069824
1493852600.686562,-0.823242,0.529297,0.100586,-28.076172,119.262695,364.013672
1493852600.689266,-0.796875,0.527344,0.105469,-32.836914,119.140625,368.041992
1493852600.691971,-0.838379,0.502930,0.136719,-38.146973,119.445801,372.375488
1493852600.694658,-0.862793,0.509766,0.083008,-42.846680,119.018555,377.319336
1493852600.697341,-0.894531,0.507812,0.085449,-48.400879,117.492676,380.737305
