1493852608.659134,-0.634766,0.070801,-0.184570,-3.417969,-21.118164,-15.625000
1493852608.661760,-0.559570,0.049805,-0.158203,-3.662109,-20.385742,-16.174316
1493852608.664311,-0.642578,0.087402,-0.236328,-4.272461,-19.348145,-17.822266
1493852608.666857,-0.512695,0.057617,-0.121094,-3.051758,-19.409180,-19.165039
1493852608.669477,-0.644531,0.039551,-0.210449,-3.967285,-18.066406,-20.202637
1493852608.672098,-0.650879,0.070312,-0.228516,-4.577637,-18.493652,-20.812988
1493852608.674644,-0.639160,0.054199,-0.121094,-4.943848,-18.432617,-21.606445
1493852608.677187,-0.745605,0.065430,-0.166016,-5.981445,-17.150879,-22.949219
1493852608.679788,-0.665039,0.017090,-0.131836,-5.065918,-16.784668,-23.193359
1493852608.682393,-0.673340,0.027344,-0.200684,-4.272461,-16.601562,-22.583008
1493852608.684938,-0.665039,0.031250,-0.155762,-2.563477,-16.418457,-22.216797
1493852608.687484,-0.683105,0.008789,-0.138184,-4.211426,-16.967773,-21.484375
1493852608.690131,-0.666504,0.023438,-0.215820,-3.417969,-17.700195,-21.301270
1493852608.693113,-0.687988,0.122559,-0.245605,-1.525879,-17.944336,-19.836426
1493852608.696018,-0.684570,0.022461,-0.146484,-0.915527,-18.798828,-18.798828
1493852608.698616,-0.706543,0.021484,-0.153809,1.281738,-20.019531,-17.944336
1493852608.701220,-0.640625,0.062988,-0.138184,0.671387,-20.996094,-16.845703
1493852608.703769,-0.668457,0.058594,-0.212891,1.342773,-21.362305,-17.150879
1493852608.706316,-0.660156,0.026367,-0.194336,2.319336,-21.606445,-17.211914
1493852608.708994,-0.664551,0.041016,-0.240234,2.746582,-20.507812,-18.249512
1493852608.711729,-0.638672,0.027344,-0.182617,4.699707,-18.127441,-19.531250
1493852608.714458,-0.742676,0.044434,-0.197754,5.187988,-15.625000,-21.362305
1493852608.717189,-0.648438,0.021484,-0.217773,6.652832,-14.160156,-22.521973
1493852608.720358,-0.670410,0.030762,-0.137695,4.882812,-13.366699,-21.545410
1493852608.722914,-0.658691,0.026855,-0.076172,2.990723,-14.404297,-21.362305
1493852608.725468,-0.646484,0.044434,-0.228516,5.310059,-15.075684,-20.996094
1493852608.728034,-0.680176,0.032715,-0.044922,5.065918,-14.343262,-22.033691
1493852608.730673,-0.654785,0.026855,-0.179688,6.103516,-13.366699,-22.277832
1493852608.733357,-0.652832,0.046875,-0.174805,7.080078,-12.817383,-23.071289
1493852608.736034,-0.648926,0.029297,-0.134277,8.850098,-13.916016,-22.338867
1493852608.738724,-0.646484,0.019531,-0.150879,9.948730,-13.366699,-22.094727
1493852608.741410,-0.616699,0.121582,-0.165527,9.643555,-13.305664,-21.789551
1493852608.744094,-0.684570,0.002930,-0.070801,10.803223,-14.038086,-21.789551
1493852608.747360,-0.650391,0.028809,-0.158203,11.230469,-13.427734,-22.705078
1493852608.750011,-0.638672,0.023438,-0.160645,11.962891,-13.183594,-23.193359
1493852608.752592,-0.669434,0.006836,-0.104980,11.230469,-12.695312,-23.254395
1493852608.755146,-0.683105,0.025391,-0.201172,10.559082,-11.840820,-22.949219
1493852608.757695,-0.644531,0.041016,-0.166992,9.094238,-12.329102,-23.315430
1493852608.760363,-0.626465,0.021484,-0.108398,10.681152,-11.901855,-23.315430
1493852608.763109,-0.660645,0.021484,-0.135254,10.986328,-13.244629,-23.986816
1493852608.765816,-0.641113,0.039551,-0.227051,9.887695,-14.526367,-24.230957
1493852608.768526,-0.667480,0.012207,-0.040527,10.070801,-15.869141,-24.902344
1493852608.771232,-0.652344,0.018555,-0.145020,10.925293,-16.174316,-25.085449
1493852608.774005,-0.708496,0.012695,-0.148926,9.887695,-18.432617,-26.062012
1493852608.776774,-0.661621,0.029297,-0.044434,10.070801,-18.493652,-25.634766
1493852608.779333,-0.655762,0.021484,-0.197266,10.498047,-18.737793,-26.977539
1493852608.781890,-0.698242,0.026367,-0.136230,11.169434,-17.944336,-28.930664
1493852608.784438,-0.663574,0.041016,-0.161621,8.911133,-18.737793,-46.325684
1493852608.786983,-0.648438,0.032715,-0.170898,10.070801,-19.470215,-32.287598
1493852608.789591,-0.706055,0.015137,-0.185059,9.765625,-19.531250,-33.508301
1493852608.792269,-0.670410,0.009277,-0.197266,10.742188,-20.996094,-34.423828
1493852608.794950,-0.694824,-0.010254,-0.134766,13.732910,-22.033691,-32.226562
1493852608.797629,-0.705078,0.002441,-0.193359,13.183594,-23.498535,-31.555176
1493852608.800490,-0.688477,-0.000488,-0.226562,14.587402,-25.329590,-33.081055
1493852608.803173,-0.680176,0.013184,-0.246094,13.427734,-25.268555,-34.484863
1493852608.805859,-0.700195,0.018555,-0.218262,13.061523,-24.902344,-36.804199
1493852608.808527,-0.691406,0.037109,-0.200684,14.526367,-23.742676,-38.818359
1493852608.811125,-0.645996,0.124023,-0.160645,17.272949,-22.338867,-39.306641
1493852608.813675,-0.688477,-0.008789,-0.194824,17.639160,-22.888184,-39.978027
1493852608.816224,-0.685059,0.008789,-0.263672,17.578125,-24.047852,-40.771484
1493852608.818830,-0.694336,-0.117188,-0.209961,16.906738,-23.803711,-42.114258
1493852608.821437,-0.681152,0.118652,-0.200684,20.019531,-24.047852,-46.203613
1493852608.823991,-0.656250,0.015625,-0.156738,19.958496,-22.094727,-47.363281
1493852608.826547,-0.718262,0.041016,-0.166992,17.578125,-22.033691,-48.950195
1493852608.829198,-0.711914,0.043457,-0.241211,11.901855,-26.184082,-48.034668
1493852608.831918,-0.763672,0.081543,-0.100586,4.333496,-31.127930,-46.691895
1493852608.834599,-0.789062,0.083496,-0.101074,3.784180,-34.667969,-47.485352
1493852608.837285,-0.755371,0.078125,-0.150391,9.277344,-31.982422,-49.194336
1493852608.839973,-0.782715,0.048340,-0.087402,16.052246,-29.052734,-50.354004
1493852608.842662,-0.755371,0.022461,-0.154785,17.395020,-27.893066,-52.551270
1493852608.845344,-0.740234,0.026855,-0.166992,17.517090,-29.846191,-53.771973
1493852608.848024,-0.642578,0.012695,-0.141113,18.066406,-32.470703,-54.809570
1493852608.850706,-0.761719,0.009277,-0.186523,18.249512,-34.423828,-55.786133
1493852608.853390,-0.782227,0.022949,-0.140137,18.310547,-36.560059,-55.847168
1493852608.856071,-0.785156,0.028809,-0.201172,18.310547,-36.437988,-56.640625
1493852608.858733,-0.756836,0.039062,-0.032715,18.737793,-36.010742,-57.434082
1493852608.861330,-0.761719,0.067871,-0.030762,18.371582,-34.301758,-58.715820
1493852608.863883,-0.820312,0.061523,-0.056152,16.906738,-33.264160,-61.157227
1493852608.866438,-0.809570,0.078613,-0.227051,14.831543,-30.944824,-63.903809
1493852608.869057,-0.834961,0.062500,-0.135254,13.671875,-29.235840,-65.795898
1493852608.871675,-0.821777,0.069824,-0.181152,15.991211,-29.785156,-66.345215
1493852608.874226,-0.847656,0.044922,-0.154785,15.869141,-28.930664,-68.542480
1493852608.876781,-0.753906,0.044922,-0.145996,16.662598,-27.893066,-72.082520
1493852608.879437,-0.991699,0.046875,-0.208496,16.601562,-27.160645,-74.340820
1493852608.882145,-0.865234,0.041016,-0.127930,17.456055,-26.062012,-75.317383
1493852608.884830,-0.920898,0.034668,-0.183105,16.174316,-26.550293,-76.049805
1493852608.887537,-0.862793,0.046875,-0.241211,16.723633,-25.939941,-77.819824
1493852608.890237,-0.903320,0.043457,-0.102051,16.418457,-25.390625,-78.796387
1493852608.892924,-0.888184,0.018555,-0.129883,18.188477,-24.169922,-80.139160
1493852608.895602,-0.866699,0.040527,-0.185059,18.249512,-23.315430,-80.505371
1493852608.898292,-0.900391,0.055664,-0.104004,19.714355,-23.742676,-81.848145
1493852608.900980,-0.904785,0.055664,-0.072754,19.714355,-25.207520,-83.190918
1493852608.903663,-0.852539,0.082031,-0.112793,20.446777,-25.756836,-83.679199
1493852608.906348,-0.885742,0.083496,0.000488,21.118164,-26.245117,-84.228516
1493852608.909058,-0.895508,0.090820,-0.053711,21.484375,-27.648926,-85.083008
1493852608.911770,-0.855469,0.102051,-0.012207,22.644043,-27.832031,-86.303711
1493852608.914457,-0.901855,0.101074,-0.064453,22.949219,-28.564453,-86.791992
1493852608.917136,-0.896484,0.111816,-0.034668,23.315430,-30.639648,-88.806152
1493852608.919772,-0.771484,0.103516,-0.083496,21.789551,-29.785156,-90.270996
1493852608.922340,-0.896484,0.113281,-0.100586,17.517090,-25.512695,-93.566895
1493852608.924891,-0.979980,0.140137,-0.122559,14.160156,-19.775391,-95.397949
1493852608.927443,-0.866699,0.115234,-0.069824,10.192871,-12.451172,-99.121094
1493852608.930053,-0.989258,0.121094,-0.134766,10.131836,-10.253906,-103.698730
1493852608.932606,-0.774902,0.156738,-0.096680,9.704590,-10.742188,-106.506348
1493852608.935269,-0.886719,0.091309,-0.097656,8.850098,-11.596680,-109.802246
1493852608.937855,-0.882812,0.115234,-0.179688,9.765625,-12.329102,-112.365723
1493852608.940467,-0.895508,0.089355,-0.087402,12.268066,-12.145996,-114.624023
1493852608.943026,-0.931641,0.086914,-0.190430,14.892578,-11.047363,-117.431641
1493852608.945579,-0.944824,0.043457,-0.097656,17.089844,-9.399414,-119.689941
1493852608.948209,-0.929688,0.050781,-0.196777,19.226074,-8.300781,-122.009277
1493852608.950907,-0.950684,0.048340,-0.129883,20.812988,-5.676270,-121.948242
1493852608.953588,-0.945801,0.056152,-0.261230,23.376465,-2.624512,-122.619629
1493852608.956269,-0.888672,0.071777,-0.267090,27.221680,-1.342773,-124.206543
1493852608.958953,-1.084961,0.091309,-0.250000,32.592773,0.061035,-123.962402
1493852608.961640,-1.024414,0.070312,-0.259766,39.672852,-2.380371,-123.535156
1493852608.964321,-1.066406,0.116699,-0.332031,44.372559,-7.141113,-122.375488
1493852608.966999,-1.060547,0.159668,-0.368652,52.551270,-10.009766,-123.291016
1493852608.969637,-1.045898,0.168945,-0.305176,58.654785,-10.498047,-123.901367
1493852608.972207,-1.050293,0.194824,-0.331055,63.110352,-12.084961,-126.159668
1493852608.974762,-1.074219,0.222168,-0.386719,66.406250,-12.939453,-127.868652
1493852608.977314,-1.068848,0.278809,-0.337402,71.166992,-15.563965,-130.859375
1493852608.979933,-1.029785,0.303711,-0.383301,75.073242,-19.775391,-136.108398
1493852608.982624,-1.039551,0.288574,-0.298828,76.354980,-22.521973,-142.211914
1493852608.985312,-1.017578,0.294434,-0.335938,79.467773,-27.038574,-148.193359
1493852608.987995,-0.992676,0.290527,-0.315918,78.369141,-29.846191,-153.076172
1493852608.990679,-0.966309,0.251953,-0.337891,77.331543,-32.165527,-158.691406
1493852608.993359,-0.994141,0.261230,-0.192871,74.462891,-33.813477,-164.123535
1493852608.996038,-0.969727,0.260254,-0.187500,74.279785,-37.048340,-169.982910
1493852608.998729,-0.970215,0.252930,-0.188965,73.791504,-40.954590,-175.231934
1493852609.001414,-0.993652,0.267578,-0.238281,74.218750,-45.288086,-179.138184
1493852609.004096,-0.972168,0.248535,-0.155762,72.326660,-46.081543,-183.776855
1493852609.006778,-0.978027,0.247559,-0.106934,69.580078,-46.203613,-190.612793
1493852609.009479,-0.961914,0.207031,-0.107422,64.147949,-45.410156,-197.875977
1493852609.012184,-0.944824,0.212891,-0.144531,56.579590,-43.945312,-205.993652
1493852609.014868,-0.935059,0.142090,-0.126465,51.818848,-40.405273,-215.148926
1493852609.017553,-0.903809,0.044922,-0.166992,47.119141,-35.827637,-220.397949
1493852609.020170,-0.887695,-0.038086,-0.180664,41.564941,-32.775879,-246.582031
1493852609.022723,-0.932617,-0.120605,-0.211914,42.419434,-33.508301,-242.187500
1493852609.025280,-0.948242,-0.204590,-0.251953,48.339844,-34.057617,-253.356934
1493852609.027840,-0.920898,-0.216797,-0.291992,52.856445,-34.912109,-261.779785
1493852609.030468,-0.950684,-0.227539,-0.236328,59.631348,-35.705566,-265.319824
1493852609.033156,-0.983887,-0.183105,-0.287109,66.711426,-36.743164,-263.977051
1493852609.035843,-1.012695,-0.090820,-0.334961,63.232422,-39.855957,-256.469727
1493852609.038539,-1.070801,-0.036133,-0.239746,58.532715,-42.663574,-242.675781
1493852609.041230,-1.021484,-0.023926,-0.371094,59.020996,-42.541504,-227.661133
1493852609.043914,-0.979492,-0.010742,-0.341309,61.157227,-38.391113,-215.332031
1493852609.046600,-0.914551,-0.020508,-0.265625,65.368652,-16.845703,-206.848145
1493852609.049251,-0.889648,-0.024902,-0.230469,67.504883,-27.893066,-203.552246
1493852609.051830,-0.860840,-0.081543,-0.198730,69.641113,-25.329590,-204.528809
1493852609.054383,-0.833008,-0.240234,-0.249512,73.242188,-24.902344,-205.749512
1493852609.056938,-0.802246,-0.165527,-0.216309,74.768066,-25.573730,-211.730957
1493852609.059547,-0.817383,-0.172852,-0.261719,76.171875,-25.390625,-218.750000
1493852609.062222,-0.804688,-0.168457,-0.369141,78.735352,-24.047852,-224.792480
1493852609.064903,-0.750488,-0.149414,-0.280762,81.298828,-20.996094,-230.895996
1493852609.067587,-0.753418,-0.133789,-0.254883,82.519531,-15.197754,-235.595703
1493852609.070266,-0.625488,-0.104980,-0.320801,81.726074,-9.155273,-236.267090
1493852609.072924,-0.720215,-0.088379,-0.322266,81.665039,-3.723145,-234.069824
1493852609.075472,-0.716797,-0.059570,-0.366211,79.895020,2.624512,-229.553223
1493852609.078036,-0.679199,-0.023926,-0.271484,80.383301,5.798340,-224.060059
1493852609.080672,-0.628418,0.121582,-0.272949,80.810547,11.657715,-218.444824
1493852609.083358,-0.606934,0.034180,-0.373047,83.068848,17.333984,-212.219238
1493852609.086038,-0.597168,0.042480,-0.181152,82.702637,20.446777,-202.636719
1493852609.088726,-0.602051,0.063965,-0.255859,85.083008,20.996094,-193.115234
1493852609.091418,-0.563477,0.095215,-0.314453,89.416504,21.301270,-180.664062
1493852609.094100,-0.544922,0.121094,-0.209961,93.933105,22.460938,-169.433594
1493852609.096788,-0.483887,0.128418,-0.132324,98.876953,24.902344,-159.057617
1493852609.099477,-0.399414,0.125000,-0.325195,100.402832,29.602051,-149.353027
1493852609.102167,-0.253906,0.144531,-0.187012,104.003906,37.292480,-142.150879
1493852609.104852,-0.317383,0.114746,-0.172852,109.252930,46.997070,-135.803223
1493852609.107536,-0.269043,0.150391,-0.236328,116.455078,59.204102,-133.361816
1493852609.110232,-0.247070,0.148926,-0.205078,121.459961,70.373535,-112.121582
1493852609.112921,-0.187012,0.179688,-0.242188,130.187988,81.298828,-119.079590
1493852609.115602,-0.135742,0.172852,-0.186523,138.183594,90.698242,-107.788086
1493852609.118272,-0.025391,0.089355,-0.160645,147.949219,94.970703,-79.223633
1493852609.120878,-0.103027,-0.123535,-0.258301,150.329590,91.491699,-85.021973
1493852609.123431,-0.081543,-0.239258,-0.246582,151.000977,87.463379,-80.566406
1493852609.125985,-0.066406,-0.358398,-0.022461,151.306152,92.163086,-82.763672
1493852609.128570,-0.018555,-0.294922,0.008789,154.052734,101.623535,-91.064453
1493852609.131226,-0.071289,-0.328125,-0.075195,155.883789,106.262207,-104.003906
1493852609.133911,-0.184570,-0.312500,-0.030762,152.526855,93.811035,-113.708496
1493852609.136593,-0.213867,-0.173340,-0.293945,141.479492,82.946777,-108.825684
1493852609.139281,-0.296387,-0.118164,-0.331055,109.069824,33.752441,-80.322266
1493852609.141972,-0.293945,-0.102539,-0.137695,67.626953,7.324219,-32.470703
1493852609.144657,-0.288574,-0.000488,0.036621,40.710449,-10.009766,19.592285
1493852609.147344,-0.281250,-0.164551,0.101074,37.597656,-23.254395,63.171387
1493852609.150031,-0.294434,-0.144043,0.070312,47.363281,-22.033691,93.017578
1493852609.152719,-0.303711,-0.096680,-0.013672,53.955078,-16.113281,110.351562
1493852609.155405,-0.317383,-0.031738,0.012207,52.368164,-11.047363,120.422363
1493852609.158095,-0.271484,0.233887,-0.084961,46.325684,-4.882812,128.295898
1493852609.160784,-0.267090,0.280762,-0.024902,40.466309,3.295898,137.756348
1493852609.163470,-0.265137,0.416504,-0.024902,35.766602,13.122559,148.254395
1493852609.166155,-0.199219,0.542969,-0.097656,28.320312,22.521973,168.701172
1493852609.168840,-0.178223,0.609375,-0.065918,22.399902,29.541016,162.414551
1493852609.171453,-0.189941,0.638672,-0.078125,17.883301,34.362793,166.076660
1493852609.174007,-0.162598,0.659180,-0.049805,12.939453,33.142090,165.771484
1493852609.176562,-0.119141,0.638184,0.019531,11.230469,29.846191,158.142090
1493852609.179181,-0.132324,0.739258,-0.041016,6.164551,28.320312,144.775391
1493852609.181799,-0.091797,0.591797,0.004395,0.244141,30.029297,129.333496
1493852609.184351,-0.122559,0.601562,-0.038086,-4.394531,31.860352,114.562988
1493852609.186900,-0.119141,0.570801,-0.020508,-7.629395,37.109375,101.379395
1493852609.189518,-0.147461,0.544434,-0.031738,-10.681152,44.921875,89.172363
1493852609.192209,-0.182617,0.513184,-0.112793,-13.122559,52.246094,80.383301
1493852609.194896,-0.145508,0.470215,-0.026367,-15.930176,59.875488,73.486328
1493852609.197584,-0.151855,0.410645,0.006348,-19.470215,64.025879,69.580078
1493852609.200320,-0.225586,0.351074,-0.035156,-22.033691,66.345215,67.321777
1493852609.203003,-0.202148,0.298340,-0.116699,-26.062012,68.481445,66.467285
1493852609.205687,-0.262695,0.259766,0.021484,-29.357910,68.420410,66.650391
1493852609.208378,-0.260254,0.264648,-0.053711,-34.301758,67.382812,68.847656
1493852609.211178,-0.279297,0.226074,-0.085449,-35.278320,65.917969,74.096680
1493852609.213861,-0.306641,0.191406,-0.005859,-39.123535,65.429688,92.407227
1493852609.216546,-0.306152,0.154785,0.064453,-43.273926,64.025879,83.618164
1493852609.219253,-0.319824,0.156738,-0.066406,-45.349121,63.415527,106.323242
1493852609.221958,-0.299805,0.135254,0.004395,-47.729492,63.781738,98.937988
1493852609.224640,-0.339355,0.134766,-0.028809,-49.499512,64.086914,124.084473
1493852609.227325,-0.305664,0.243652,-0.104492,-49.926758,62.561035,116.638184
1493852609.229948,-0.333008,0.113281,-0.116699,-50.720215,62.622070,123.718262
1493852609.232503,-0.290527,0.097168,-0.033203,-51.757812,62.194824,131.469727
1493852609.235053,-0.317383,0.085449,0.093262,-52.917480,63.293457,139.160156
1493852609.237606,-0.352539,0.076172,-0.077637,-54.016113,63.659668,146.606445
1493852609.240229,-0.362305,0.103027,-0.114746,-54.260254,63.964844,154.357910
1493852609.242908,-0.351074,0.106445,-0.002930,-53.222656,65.307617,162.170410
1493852609.245588,-0.443359,0.133301,-0.028809,-53.100586,66.101074,170.104980
1493852609.248272,-0.362793,0.091309,0.041992,-51.147461,68.298340,178.527832
1493852609.250960,-0.360352,0.217773,-0.009277,-50.537109,69.335938,186.340332
1493852609.253645,-0.350586,0.109863,-0.043457,-46.936035,70.861816,193.420410
1493852609.256325,-0.354492,0.123535,0.014648,-44.799805,73.425293,199.340820
1493852609.259011,-0.412598,0.123535,0.012207,-39.916992,76.049805,205.810547
1493852609.261696,-0.489258,0.174805,-0.062500,-35.278320,77.331543,211.669922
1493852609.264379,-0.407715,0.150391,-0.003418,-31.311035,79.589844,217.529297
1493852609.267064,-0.429688,0.190918,-0.035156,-26.367188,80.871582,221.191406
1493852609.269702,-0.440918,0.200684,-0.083984,-21.118164,82.946777,222.167969
1493852609.272274,-0.476074,0.214844,-0.015625,-17.028809,83.984375,224.670410
1493852609.274827,-0.425781,0.212891,-0.050781,-11.779785,84.594727,226.196289
1493852609.277377,-0.477051,0.228027,-0.071777,-10.131836,85.388184,227.355957
1493852609.279998,-0.511230,0.211914,-0.034668,-7.263184,86.669922,230.102539
1493852609.282689,-0.512695,0.235840,-0.089844,-2.929688,86.853027,232.543945
1493852609.285369,-0.519043,0.260254,-0.089844,0.183105,86.791992,233.703613
1493852609.288074,-0.565430,0.234863,-0.109375,2.807617,85.388184,235.046387
1493852609.290781,-0.537109,0.241699,-0.078613,7.507324,85.571289,236.022949
1493852609.293465,-0.565430,0.245605,-0.081543,9.948730,84.533691,237.487793
1493852609.296149,-0.579590,0.217773,-0.060547,12.390137,82.519531,237.670898
1493852609.298854,-0.609863,0.228516,-0.108887,15.502930,80.932617,239.074707
1493852609.301564,-0.609863,0.333496,-0.035156,19.104004,79.833984,240.173340
1493852609.304252,-0.636230,0.231934,-0.086914,23.681641,80.139160,241.882324
1493852609.306940,-0.632812,0.222656,-0.080566,26.306152,80.017090,243.591309
1493852609.309654,-0.660645,0.198730,-0.038086,28.564453,79.406738,244.934082
1493852609.312366,-0.641113,0.161621,-0.029297,32.653809,79.833984,246.826172
1493852609.315053,-0.702148,0.182617,-0.095215,36.682129,80.200195,248.657227
1493852609.317744,-0.678223,0.214355,-0.237793,39.306641,79.650879,250.610352
1493852609.320362,-0.676758,0.178711,-0.012207,43.273926,78.430176,252.868652
1493852609.322914,-0.692871,0.181641,-0.056641,48.828125,79.345703,254.272461
1493852609.325467,-0.734375,0.197266,-0.072266,52.795410,79.650879,256.225586
1493852609.328032,-0.734375,0.205078,0.016602,54.870605,78.552246,257.629395
1493852609.330671,-0.788574,0.185547,-0.076172,60.913086,78.979492,259.948730
1493852609.333359,-0.794434,0.215820,-0.035156,63.354492,79.284668,262.084961
1493852609.336041,-0.845215,0.212402,-0.049805,65.612793,79.589844,264.160156
1493852609.338732,-0.798828,0.202148,-0.056152,69.641113,80.017090,266.052246
1493852609.341419,-0.862793,0.214355,-0.097168,73.852539,80.200195,267.700195
1493852609.344103,-0.894043,0.237793,-0.101562,92.773438,80.932617,267.761230
1493852609.346786,-0.879883,0.227051,-0.109375,80.627441,81.787109,267.822266
1493852609.349585,-0.935547,0.353027,-0.160156,83.068848,82.031250,267.395020
1493852609.352273,-0.955566,0.257324,-0.023438,85.937500,81.359863,266.479492
1493852609.354956,-0.985840,0.257812,-0.127930,87.951660,80.505371,263.427734
1493852609.357662,-0.901855,0.250000,-0.136230,91.125488,81.665039,262.023926
1493852609.360369,-1.074219,0.266113,-0.152344,91.125488,82.092285,259.887695
1493852609.363050,-1.074219,0.255859,-0.224609,92.834473,82.702637,257.507324
1493852609.365736,-1.103027,0.245605,-0.077148,92.346191,82.336426,255.126953
1493852609.368402,-1.104492,0.229004,-0.013672,93.139648,83.251953,253.479004
1493852609.370997,-1.144531,0.181152,-0.102051,92.285156,84.716797,250.244141
1493852609.373554,-1.036621,0.134766,-0.026367,93.017578,88.378906,247.131348
1493852609.376108,-1.167480,0.113281,-0.122559,93.994141,91.491699,244.873047
1493852609.378710,-1.181152,0.062500,-0.065918,91.247559,94.543457,240.112305
1493852609.381382,-1.195312,0.006836,-0.036621,88.073730,95.764160,220.397949
1493852609.384064,-1.214844,-0.039062,-0.117676,90.332031,97.900391,233.398438
1493852609.386751,-1.266113,-0.076172,-0.199219,92.163086,101.623535,231.140137
1493852609.389458,-1.281738,-0.094238,-0.091309,89.477539,103.149414,229.309082
1493852609.392163,-1.301758,-0.104980,-0.073730,88.317871,101.562500,229.980469
1493852609.394847,-1.300293,-0.118652,-0.145996,88.378906,102.050781,232.116699
1493852609.397530,-1.344238,-0.014648,-0.035156,83.984375,100.097656,236.083984
1493852609.400223,-1.350586,-0.109375,-0.015625,84.045410,98.632812,242.370605
1493852609.402911,-1.380859,-0.094238,-0.048828,84.838867,99.609375,249.267578
1493852609.405594,-1.269531,-0.079590,-0.032715,84.289551,100.891113,255.126953
1493852609.408300,-1.480469,-0.049805,-0.020996,83.557129,104.125977,256.286621
1493852609.411005,-1.320801,-0.048340,0.009277,84.045410,106.689453,254.211426
1493852609.413688,-1.347656,-0.043945,0.115234,64.086914,107.971191,248.596191
1493852609.416376,-1.321289,-0.017090,0.008789,74.279785,107.543945,241.516113
1493852609.419055,-1.323730,-0.010254,0.039062,69.885254,107.788086,232.116699
1493852609.421664,-1.252930,-0.067871,0.099609,62.927246,106.933594,225.219727
1493852609.424221,-1.392090,-0.079102,0.072754,58.532715,106.994629,225.280762
1493852609.426772,-1.435059,-0.132324,0.161133,58.776855,105.773926,230.468750
1493852609.429341,-1.497559,-0.180664,0.115234,55.053711,104.858398,236.022949
1493852609.431917,-1.383789,-0.204102,0.101562,55.175781,103.881836,238.403320
1493852609.434471,-1.453125,-0.212402,0.164062,54.138184,102.539062,240.661621
1493852609.437022,-1.396484,-0.194336,0.165527,53.283691,100.708008,238.464355
1493852609.439630,-1.374512,-0.229980,0.187012,51.330566,96.557617,232.910156
1493852609.442309,-1.281738,-0.180664,0.127930,32.043457,93.994141,226.684570
1493852609.444991,-1.237793,-0.178223,0.227539,42.724609,91.308594,220.886230
1493852609.447675,-1.255371,-0.187012,0.153809,39.550781,90.759277,215.820312
1493852609.450365,-1.216309,-0.186523,0.145996,32.714844,90.454102,209.960938
1493852609.453046,-1.210938,-0.209473,0.187012,28.747559,89.477539,203.002930
1493852609.455724,-1.208984,-0.136719,0.216797,22.155762,88.256836,195.678711
1493852609.458406,-1.232422,-0.282227,0.163574,18.676758,86.608887,187.988281
1493852609.461092,-1.274902,-0.341797,0.188965,16.601562,84.045410,180.236816
1493852609.463775,-1.285645,-0.380371,0.241699,15.686035,80.505371,175.903320
1493852609.466462,-1.251465,-0.380859,0.219238,13.671875,76.599121,172.180176
1493852609.469151,-1.226074,-0.432617,0.289062,13.122559,71.960449,169.433594
1493852609.471838,-1.186035,-0.442871,0.268555,11.230469,69.396973,165.954590
1493852609.474522,-1.175293,-0.444824,0.272949,8.850098,65.795898,161.071777
1493852609.477197,-1.105469,-0.407227,0.253906,8.544922,61.096191,155.883789
1493852609.479823,-1.109863,-0.344238,0.369141,5.676270,54.931641,147.521973
1493852609.482381,-1.083008,-0.322266,0.334473,0.244141,45.959473,125.366211
1493852609.484934,-1.077637,-0.399414,0.430664,-1.342773,36.254883,124.084473
1493852609.487597,-1.087891,-0.470703,0.412598,-2.197266,30.639648,108.764648
1493852609.490213,-1.040527,-0.519043,0.329590,-5.249023,26.916504,99.487305
1493852609.492896,-1.029297,-0.584961,0.444824,-11.474609,25.695801,97.167969
1493852609.495582,-1.003906,-0.599609,0.442871,-31.066895,25.573730,96.435547
1493852609.498271,-0.982422,-0.631348,0.292480,-24.658203,23.864746,94.726562
1493852609.500962,-0.961914,-0.638184,0.351074,-32.958984,18.737793,89.172363
1493852609.503645,-0.911133,-0.621094,0.308594,-46.936035,14.648438,78.247070
1493852609.506330,-0.901367,-0.689941,0.308105,-54.138184,13.427734,66.040039
1493852609.509016,-0.874512,-0.872070,0.278809,-52.062988,14.404297,54.992676
1493852609.511698,-0.899902,-0.806641,0.286621,-46.325684,14.038086,48.339844
1493852609.514384,-0.864746,-0.846191,0.221680,-44.738770,10.681152,43.579102
1493852609.517070,-0.854492,-0.895996,0.296875,-46.508789,8.178711,37.902832
1493852609.519706,-0.845215,-0.880371,0.251465,-48.828125,7.446289,30.578613
1493852609.522275,-0.826660,-0.780762,0.302246,-46.875000,5.310059,20.874023
1493852609.524826,-0.834473,-0.997559,0.270508,-42.419434,3.906250,11.474609
1493852609.527379,-0.800293,-0.769043,0.247070,-38.085938,1.098633,7.263184
1493852609.529996,-0.824219,-0.860352,0.201172,-34.729004,-2.502441,-0.488281
1493852609.532681,-0.857422,-0.856934,0.164062,-31.921387,-7.202148,-7.934570
1493852609.535362,-0.830566,-0.849121,0.113281,-28.625488,-10.498047,-17.211914
1493852609.538074,-0.824219,-0.826660,0.184570,-26.489258,-12.878418,-26.611328
1493852609.540788,-0.812500,-0.771484,0.151855,-22.888184,-14.526367,-35.888672
1493852609.543471,-0.784668,-0.637695,0.164551,-21.911621,-16.540527,-45.288086
1493852609.546156,-0.804688,-0.687012,0.026367,-19.042969,-16.967773,-52.917480
1493852609.548867,-0.911133,-0.594727,-0.025391,-7.690430,-0.244141,-66.467285
1493852609.551570,-0.963867,-0.574219,-0.080078,-1.647949,25.878906,-87.768555
1493852609.554250,-0.923340,-0.611328,-0.066406,-3.723145,38.696289,-110.168457
1493852609.556931,-0.841797,-0.671387,0.018555,-3.417969,44.250488,-127.624512
1493852609.559622,-0.698242,-0.806152,-0.024414,5.432129,45.227051,-138.732910
1493852609.562311,-0.614258,-0.905762,0.085938,19.165039,53.466797,-141.845703
1493852609.564997,-0.620605,-0.848633,-0.084961,59.753418,68.237305,-136.047363
1493852609.567688,-0.700195,-0.645508,-0.210938,65.368652,81.787109,-119.506836
1493852609.570309,-0.857422,-0.203125,-0.173828,82.702637,89.233398,-90.026855
1493852609.572862,-0.943359,0.185547,-0.291016,94.421387,87.829590,-50.415039
1493852609.575410,-1.111816,0.554688,-0.256836,113.708496,81.909180,-1.037598
1493852609.577974,-1.299316,0.992188,-0.312500,143.310547,72.326660,49.560547
1493852609.580613,-1.510742,1.360840,-0.419434,177.673340,67.993164,86.791992
1493852609.583296,-1.825684,1.611328,-0.516113,192.077637,57.373047,94.055176
1493852609.585979,-1.624512,1.578125,-0.807617,183.166504,31.127930,72.753906
1493852609.588671,-1.181641,1.367676,-0.753418,159.484863,-11.840820,23.620605
1493852609.591359,-0.396973,1.108887,-0.675293,134.521484,-72.631836,-26.245117
1493852609.594043,-0.140625,0.770996,-0.585449,127.685547,-137.390137,-47.851562
1493852609.596725,0.014648,0.690918,-0.281250,137.695312,-187.011719,-96.740723
1493852609.599414,-0.047852,0.561035,-0.085449,151.123047,-202.819824,-141.540527
1493852609.602104,-0.104980,0.440918,0.096680,147.338867,-181.213379,-179.626465
1493852609.604791,-0.219238,0.326660,0.122070,126.953125,-128.051758,-211.486816
1493852609.607480,-0.300293,0.216797,0.060059,95.642090,-63.110352,-236.267090
1493852609.610183,-0.420898,0.017578,0.096191,67.016602,-7.019043,-251.708984
1493852609.612870,-0.562500,-0.058105,-0.220215,46.875000,27.648926,-259.521484
1493852609.615557,-0.761230,-0.152344,-0.312012,41.564941,36.254883,-262.512207
1493852609.618247,-0.992188,-0.200195,-0.400879,36.743164,25.695801,-260.498047
1493852609.620867,-1.029297,-0.296875,-0.421875,40.710449,3.723145,-251.159668
1493852609.623417,-1.119141,-0.319824,-0.478516,45.837402,-25.390625,-234.313965
1493852609.626076,-1.136230,-0.317383,-0.415527,49.011230,-52.368164,-212.097168
1493852609.628658,-1.133301,-0.350586,-0.368652,49.987793,-58.654785,-183.410645
1493852609.631300,-1.066406,-0.310059,-0.288574,48.828125,-75.744629,-152.282715
1493852609.633966,-0.986328,-0.186523,-0.347656,47.241211,-87.341309,-124.633789
1493852609.636633,-0.916992,-0.116211,-0.364746,42.297363,-95.275879,-101.989746
1493852609.639305,-0.874512,-0.005371,-0.369141,40.161133,-98.205566,-85.632324
1493852609.641979,-0.723633,0.082031,-0.269531,37.292480,-100.708008,-78.002930
1493852609.644648,-0.617676,0.144043,-0.333008,33.447266,-100.769043,-76.965332
1493852609.647312,-0.601562,0.195312,-0.320801,30.883789,-96.801758,-80.871582
1493852609.649984,-0.553711,0.257812,-0.402344,27.709961,-91.491699,-104.492188
1493852609.652656,-0.549805,0.233887,-0.235840,23.254395,-82.275391,-103.454590
1493852609.655324,-0.557617,0.261719,-0.427246,14.770508,-76.232910,-122.436523
1493852609.658007,-0.424805,0.172852,-0.329590,9.948730,-67.260742,-136.718750
1493852609.660672,-0.552734,0.019531,-0.423828,0.732422,-62.927246,-145.141602
1493852609.663315,-0.569824,0.080078,-0.496094,-6.408691,-59.265137,-150.695801
1493852609.665961,-0.541992,0.052246,-0.314941,-10.253906,-55.480957,-153.320312
1493852609.668592,-0.647949,0.015625,-0.355469,-19.897461,-56.030273,-150.451660
1493852609.671180,-0.660645,-0.053223,-0.349121,-24.414062,-56.091309,-145.446777
1493852609.673738,-0.704590,-0.076172,-0.318359,-30.090332,-57.922363,-141.479492
1493852609.676291,-0.660645,-0.110352,-0.257812,-36.315918,-61.889648,-137.023926
1493852609.678879,-0.670898,-0.142578,-0.279785,-39.062500,-65.490723,-125.793457
1493852609.681462,-0.675781,-0.168457,-0.251465,-39.550781,-70.495605,-120.422363
1493852609.684013,-0.662109,-0.167480,-0.202637,-42.541504,-75.866699,-110.046387
1493852609.686563,-0.718262,-0.188965,-0.160645,-42.419434,-79.650879,-99.487305
1493852609.689154,-0.672852,-0.148438,-0.218262,-41.320801,-83.496094,-89.782715
1493852609.691819,-0.638672,-0.141602,-0.121094,-37.780762,-82.641602,-81.359863
1493852609.694505,-0.647949,-0.089844,-0.107422,-36.621094,-80.200195,-71.777344
1493852609.697193,-0.601074,-0.023926,-0.134277,-34.057617,-76.110840,-59.997559
1493852609.699883,-0.649902,-0.041504,-0.074219,-33.386230,-72.753906,-53.344727
1493852609.702571,-0.613281,-0.017090,-0.085938,-31.677246,-69.274902,-51.452637
1493852609.705261,-0.698730,-0.008301,-0.094238,-30.273438,-65.856934,-53.527832
1493852609.707953,-0.501465,0.110840,-0.063965,-29.174805,-63.049316,-54.138184
1493852609.710640,-0.614746,-0.001465,-0.109375,-26.611328,-61.157227,-53.161621
1493852609.713326,-0.597656,-0.020508,-0.024902,-22.216797,-54.077148,-51.574707
1493852609.716010,-0.570801,-0.018066,-0.109863,-15.930176,-45.410156,-49.987793
1493852609.718678,-0.569824,-0.015137,-0.055664,-13.122559,-18.432617,-48.522949
1493852609.721273,-0.587891,-0.006836,-0.108398,-14.038086,-24.475098,-47.546387
1493852609.723824,-0.516113,-0.016602,-0.122559,-16.845703,-17.150879,-44.982910
1493852609.726382,-0.748047,0.006836,-0.148926,-14.648438,-15.258789,-44.250488
1493852609.728974,-0.650879,0.011230,-0.117188,-13.488770,-15.686035,-44.494629
1493852609.731633,-0.675293,0.119629,-0.146484,-11.047363,-16.174316,-43.762207
1493852609.734318,-0.642090,-0.004883,-0.162598,-9.887695,-15.441895,-41.870117
1493852609.737003,-0.660645,-0.016113,-0.216797,-7.690430,-13.244629,-39.489746
1493852609.739692,-0.628906,-0.026367,-0.117676,-6.591797,-8.300781,-35.705566
1493852609.742384,-0.645508,-0.014160,-0.166016,-8.728027,-5.493164,-30.517578
1493852609.745064,-0.658203,0.010742,-0.230469,-9.460449,-4.211426,-27.465820
1493852609.747748,-0.677246,0.011230,-0.173340,-8.300781,-5.065918,-25.573730
1493852609.750434,-0.631348,0.006836,-0.250000,-7.629395,-5.676270,-24.536133
1493852609.753113,-0.681152,0.021484,-0.257324,-8.483887,-8.300781,-23.986816
1493852609.755795,-0.687988,0.028320,-0.200195,-7.324219,-10.498047,-23.376465
1493852609.758490,-0.632324,0.038086,-0.211914,-7.202148,-10.314941,-23.071289
1493852609.761291,-0.630859,0.022949,-0.303711,-6.713867,-9.826660,-22.277832
1493852609.763973,-0.646484,0.021484,-0.183594,-7.263184,-10.192871,-20.812988
1493852609.766657,-0.744629,0.028809,-0.190918,-7.751465,-9.887695,-20.080566
1493852609.769304,-0.681152,-0.004395,-0.166504,-8.483887,-10.620117,-18.798828
1493852609.771881,-0.662598,0.013184,-0.232422,-9.338379,-11.108398,-17.944336
1493852609.774426,-0.736816,0.021484,-0.253906,-9.643555,-12.817383,-17.211914
1493852609.776974,-0.681152,0.010742,-0.162109,-8.422852,-14.221191,-16.662598
1493852609.779581,-0.668457,0.015137,-0.257812,-8.911133,-15.808105,-0.244141
1493852609.782259,-0.658691,0.038574,-0.251465,-7.995605,-16.174316,-14.160156
1493852609.784940,-0.650391,0.002930,-0.197754,-8.422852,-16.845703,-13.183594
1493852609.787619,-0.630859,0.043945,-0.234375,-10.681152,-16.357422,-13.244629
1493852609.790359,-0.634277,0.044434,-0.252930,-10.620117,-17.150879,-12.207031
1493852609.793044,-0.636719,0.016602,-0.138184,-9.460449,-17.761230,-12.573242
1493852609.795722,-0.630859,0.012695,-0.171387,-10.803223,-15.930176,-11.718750
1493852609.798410,-0.607910,0.050293,-0.185547,-10.498047,-15.747070,-11.596680
1493852609.801096,-0.662598,0.008789,-0.195801,-11.901855,-14.587402,-11.840820
1493852609.803782,-0.616699,0.028320,-0.180664,-12.329102,-13.427734,-11.413574
1493852609.806468,-0.641113,0.033203,-0.150879,-11.352539,-13.427734,-10.742188
1493852609.809154,-0.631348,0.021484,-0.168945,-10.742188,-12.939453,-10.559082
1493852609.811838,-0.664062,0.013184,-0.186523,-10.620117,-12.329102,-9.399414
1493852609.814518,-0.603516,0.021484,-0.194824,-11.230469,-12.268066,-8.483887
1493852609.817199,-0.650879,0.002930,-0.110840,-9.826660,-11.413574,-8.605957
1493852609.819833,-0.510742,0.024902,-0.186523,-9.643555,-11.718750,-8.239746
1493852609.822392,-0.722168,0.014648,-0.181641,-8.850098,-10.986328,-7.507324
1493852609.824945,-0.634277,0.023438,-0.115234,-8.300781,-10.070801,-6.591797
1493852609.827497,-0.630371,0.015625,-0.197754,-6.713867,-8.178711,-7.324219
1493852609.830132,-0.746094,0.015625,-0.179199,-7.995605,-7.080078,-7.812500
1493852609.832815,-0.639160,0.012695,-0.192871,-9.460449,-6.652832,-7.202148
1493852609.835495,-0.626953,0.013672,-0.130859,-9.277344,-5.187988,-6.652832
1493852609.838176,-0.629883,0.057617,-0.150391,-7.385254,-5.615234,-7.263184
1493852609.840858,-0.626953,0.024414,-0.122559,-7.751465,-5.065918,-6.774902
1493852609.843536,-0.632324,0.028320,-0.217773,-7.080078,-5.737305,-6.164551
1493852609.846215,-0.653809,0.013672,-0.190430,-5.310059,-5.126953,-5.981445
1493852609.848900,-0.654297,0.033203,-0.200195,-6.958008,-4.638672,-5.493164
1493852609.851580,-0.599609,0.020508,-0.226562,-6.347656,-4.272461,-3.601074
1493852609.854258,-0.652344,0.009766,-0.156738,-5.249023,-4.516602,-2.746582
1493852609.856934,-0.644531,0.054688,-0.201172,-6.774902,-5.493164,-2.441406
1493852609.859559,-0.626465,0.021484,-0.196777,-7.690430,-6.530762,-2.990723
1493852609.862116,-0.668945,0.029297,-0.178711,-5.798340,-7.141113,-2.258301
1493852609.864662,-0.635742,0.046387,-0.275879,-6.286621,-7.629395,-2.624512
1493852609.867204,-0.627930,0.039551,-0.187012,-5.920410,-8.605957,-2.258301
1493852609.869809,-0.633301,0.019531,-0.146484,-6.286621,-9.948730,-1.892090
1493852609.872483,-0.526855,0.012695,-0.150879,-4.211426,-9.582520,-1.342773
1493852609.875160,-0.617188,0.034668,-0.173340,-5.554199,-9.277344,-0.732422
1493852609.877861,-0.648438,-0.007324,-0.242188,-6.530762,-8.850098,-0.244141
1493852609.880557,-0.636719,0.036133,-0.203613,-5.432129,-8.911133,-0.427246
1493852609.883232,-0.628418,0.026855,-0.212891,-5.310059,-8.544922,-0.671387
1493852609.885906,-0.728516,0.039551,-0.193359,-4.699707,-9.521484,-0.976562
1493852609.888590,-0.619629,0.024414,-0.220703,-4.272461,-9.399414,-0.488281
1493852609.891273,-0.648926,0.006836,-0.147461,-4.272461,-9.948730,-1.159668
1493852609.893947,-0.609863,0.031250,-0.210938,-5.249023,-9.643555,-2.258301
1493852609.896625,-0.606445,0.031738,-0.195801,-4.577637,-9.094238,-2.990723
1493852609.899308,-0.517578,0.030762,-0.165527,-5.249023,-9.033203,-2.197266
1493852609.902093,-0.646973,0.039551,-0.194824,-5.920410,-8.666992,-2.014160
1493852609.904774,-0.620605,0.039062,-0.233398,-4.272461,-8.789062,-2.807617
1493852609.907455,-0.633301,0.046387,-0.207031,-2.746582,-9.155273,-3.112793
1493852609.910095,-0.720215,0.017578,-0.134766,-2.563477,-8.056641,-2.929688
1493852609.912654,-0.659668,0.031738,-0.231934,-3.112793,-7.812500,-2.380371
1493852609.915194,-0.515137,0.019531,-0.190430,-4.638672,-8.605957,-2.319336
1493852609.917755,-0.642090,0.012695,-0.192871,-3.234863,-9.216309,-2.319336
1493852609.920317,-0.666504,0.015625,-0.256836,-3.784180,-9.643555,-0.976562
1493852609.922860,-0.639160,0.015137,-0.164551,-3.173828,-11.535645,0.610352
1493852609.925410,-0.627930,0.026855,-0.212891,-0.610352,-13.671875,1.586914
1493852609.927975,-0.709473,0.002441,-0.168457,0.488281,-15.869141,4.455566
1493852609.930611,-0.680664,0.025391,-0.235840,1.892090,-17.456055,6.896973
1493852609.933293,-0.643066,0.031250,-0.207031,1.525879,-18.554688,7.324219
1493852609.935973,-0.655762,0.041016,-0.122559,3.234863,-20.446777,7.263184
1493852609.938682,-0.614746,0.058105,-0.242676,3.234863,-20.141602,6.591797
1493852609.941387,-0.646484,0.041504,-0.179688,3.967285,-21.240234,5.126953
1493852609.944064,-0.670898,0.043457,-0.197754,7.446289,-22.460938,4.455566
1493852609.946745,-0.645508,0.039062,-0.232422,8.422852,-23.864746,3.906250
1493852609.949427,-0.644043,0.038574,-0.095703,10.559082,-26.062012,3.417969
1493852609.952113,-0.662598,0.062012,-0.184570,10.253906,-26.062012,3.356934
1493852609.954796,-0.659668,0.057617,-0.177734,9.643555,-26.000977,2.563477
1493852609.957476,-0.631348,0.042480,-0.158203,9.094238,-24.597168,0.976562
1493852609.960104,-0.526855,0.034180,-0.181641,8.728027,-23.498535,-0.671387
1493852609.962652,-0.626953,0.070312,-0.207031,6.225586,-22.094727,-1.953125
1493852609.965199,-0.521484,0.048340,-0.150879,5.004883,-21.179199,-3.417969
1493852609.967768,-0.732422,0.062012,-0.145996,5.249023,-20.080566,-4.577637
1493852609.970407,-0.597656,0.060059,-0.214844,3.967285,-19.531250,-6.591797
1493852609.973089,-0.654297,0.028809,-0.140625,4.882812,-18.432617,-7.995605
1493852609.975771,-0.623535,0.030273,-0.178711,4.455566,-17.639160,-8.422852
1493852609.978478,-0.622559,0.046875,-0.198730,3.784180,-17.089844,-9.399414
1493852609.981189,-0.664062,0.044922,-0.207520,4.150391,-18.005371,-9.277344
1493852609.983871,-0.637695,0.038574,-0.149902,4.455566,-18.554688,-8.422852
1493852609.986549,-0.634277,0.032715,-0.227051,2.624512,-18.310547,-8.361816
1493852609.989254,-0.672363,0.043945,-0.138672,1.953125,-19.653320,-8.789062
1493852609.991961,-0.676758,0.023438,-0.177734,3.234863,-21.118164,-8.789062
1493852609.994645,-0.642578,0.044434,-0.198730,3.967285,-21.179199,-9.155273
1493852609.997326,-0.567383,0.043457,-0.173828,5.310059,-22.521973,-8.972168
1493852610.000010,-0.678223,0.048340,-0.229980,5.554199,-23.864746,-8.789062
1493852610.002697,-0.655762,0.039551,-0.189453,4.516602,-23.742676,-9.338379
1493852610.005380,-0.628418,0.063965,-0.227051,3.845215,-23.803711,-10.009766
1493852610.008071,-0.688965,0.050293,-0.118652,2.746582,-22.766113,-10.681152
1493852610.010696,-0.672852,0.048340,-0.208984,4.394531,-24.230957,-10.803223
1493852610.013247,-0.656250,0.057617,-0.164062,6.103516,-24.230957,-10.864258
1493852610.015799,-0.628906,0.039551,-0.177734,5.432129,-23.925781,-10.681152
1493852610.018372,-0.664062,0.030762,-0.126953,5.859375,-25.512695,-11.474609
1493852610.021013,-0.722656,0.028809,-0.154297,6.774902,-26.916504,-11.169434
1493852610.023696,-0.671387,0.017578,-0.215820,7.690430,-28.320312,-11.413574
1493852610.026377,-0.660156,0.023438,-0.052734,9.521484,-28.564453,-11.108398
1493852610.029078,-0.696289,0.052734,-0.128418,9.094238,-28.259277,-10.986328
1493852610.031801,-0.695312,0.058594,-0.214355,8.239746,-28.564453,-12.634277
1493852610.034507,-0.662598,0.034668,-0.164551,9.277344,-26.977539,-13.122559
1493852610.037193,-0.689941,0.053711,-0.174805,9.094238,-24.475098,-14.282227
1493852610.039890,-0.624512,0.031250,-0.166504,11.413574,-23.254395,-14.526367
1493852610.042690,-0.547852,0.043945,-0.108887,12.023926,-22.705078,-14.892578
1493852610.045374,-0.643066,0.028320,-0.188965,10.131836,-24.230957,-15.441895
1493852610.048068,-0.696777,0.044922,-0.160645,11.291504,-24.597168,-31.066895
1493852610.050758,-0.632812,0.036621,-0.006836,12.207031,-24.169922,-16.174316
1493852610.053447,-0.661621,0.046387,-0.149902,10.009766,-22.460938,-17.089844
1493852610.056130,-0.734863,0.036133,-0.143066,9.277344,-20.507812,-18.798828
1493852610.058794,-0.664062,0.019043,-0.106445,12.573242,-18.493652,-19.836426
1493852610.061393,-0.651855,0.017090,-0.128418,14.221191,-17.944336,-19.836426
1493852610.063949,-0.663574,-0.123535,-0.195312,14.465332,-17.456055,-19.714355
1493852610.066506,-0.652832,0.003418,-0.108398,14.526367,-17.333984,-20.080566
1493852610.069081,-0.644531,-0.105469,-0.166016,14.221191,-17.822266,-19.653320
1493852610.071650,-0.645508,0.037109,-0.169922,15.136719,-17.761230,-19.775391
1493852610.074197,-0.642090,0.037109,-0.101562,11.169434,-15.747070,-20.202637
1493852610.076745,-0.625000,0.015137,-0.155762,10.498047,-12.756348,-20.202637
1493852610.079349,-0.616699,0.008789,-0.140137,10.681152,-12.268066,-20.812988
1493852610.082028,-0.690918,0.009766,-0.113281,14.953613,-13.610840,-21.240234
1493852610.084712,-0.657715,0.024902,-0.203125,15.747070,-14.953613,-22.033691
1493852610.087399,-0.656738,0.007324,-0.164062,16.601562,-16.357422,-21.423340
1493852610.090099,-0.631348,0.010742,-0.174805,15.563965,-13.793945,-20.019531
1493852610.092782,-0.649902,0.123535,-0.129883,16.174316,-12.451172,-19.531250
1493852610.095467,-0.622559,0.010742,-0.161621,14.648438,-11.291504,-19.409180
1493852610.098161,-0.680664,0.003418,-0.073730,15.075684,-10.620117,-20.446777
1493852610.100855,-0.646484,0.007812,-0.216797,14.709473,-12.268066,-22.888184
1493852610.103538,-0.640137,0.017090,-0.113281,15.991211,-12.390137,-23.986816
1493852610.106217,-0.656738,0.018555,-0.159668,16.662598,-12.512207,-25.024414
1493852610.108907,-0.677246,0.121582,-0.159668,16.296387,-11.657715,-24.475098
1493852610.111593,-0.736328,-0.015137,-0.134277,19.348145,-14.038086,-23.437500
1493852610.114273,-0.648438,0.005371,-0.209961,21.606445,-15.258789,-23.742676
1493852610.116956,-0.643066,-0.000977,-0.113770,18.676758,-16.296387,-25.207520
1493852610.119611,-0.668457,0.110840,-0.147461,19.836426,-16.235352,-25.878906
1493852610.122197,-0.680664,-0.109375,-0.177734,21.057129,-15.747070,-27.099609
1493852610.124749,-0.625977,0.124023,-0.114746,20.080566,-16.540527,-29.602051
1493852610.127300,-0.660645,0.122559,-0.165527,17.822266,-15.197754,-30.822754
1493852610.129928,-0.687988,0.004883,-0.130859,17.395020,-14.587402,-30.883789
1493852610.132629,-0.677246,0.007812,-0.235840,21.301270,-15.075684,-31.494141
1493852610.135316,-0.678711,-0.003418,-0.061523,23.437500,-16.357422,-30.883789
1493852610.138004,-0.693359,0.054199,-0.171875,23.986816,-18.981934,-30.761719
1493852610.140690,-0.720215,0.038086,-0.091309,21.850586,-19.775391,-31.372070
1493852610.143376,-0.662598,0.039062,-0.108398,18.371582,-17.639160,-33.325195
1493852610.146061,-0.644043,0.007812,-0.062988,15.563965,-15.136719,-35.278320
1493852610.148751,-0.683594,0.015137,-0.221680,19.775391,-14.648438,-36.621094
1493852610.151444,-0.683594,0.009766,-0.162109,23.864746,-15.808105,-38.879395
1493852610.154128,-0.679199,0.026855,-0.173340,25.512695,-16.845703,-40.710449
1493852610.156813,-0.652832,0.026367,-0.177734,22.216797,-18.127441,-42.419434
1493852610.159521,-0.732422,0.018555,-0.234863,17.700195,-19.042969,-42.968750
1493852610.162225,-0.714844,0.002930,-0.212402,19.531250,-19.714355,-44.677734
1493852610.164909,-0.669434,0.007324,-0.203613,23.986816,-20.263672,-48.034668
1493852610.167591,-0.706543,-0.016602,-0.265625,25.146484,-19.287109,-49.621582
1493852610.170272,-0.705078,-0.015137,-0.291016,25.024414,-17.944336,-50.903320
1493852610.172827,-0.703125,0.015137,-0.139648,22.155762,-19.287109,-52.368164
1493852610.175381,-0.791504,0.065430,-0.143066,15.258789,-23.803711,-53.100586
1493852610.178037,-0.833496,0.095703,-0.063965,10.070801,-30.456543,-52.856445
1493852610.180593,-0.811035,0.103027,-0.004883,13.549805,-29.968262,-49.804688
1493852610.183146,-0.849121,0.104004,-0.058594,21.118164,-25.573730,-48.339844
1493852610.185699,-0.791992,0.093750,-0.082031,22.644043,-23.559570,-47.912598
1493852610.188274,-0.846191,0.080566,-0.162598,21.728516,-25.451660,-51.086426
1493852610.190917,-0.784180,0.060059,-0.161621,21.789551,-28.442383,-54.626465
1493852610.193603,-0.801758,0.065430,-0.186523,20.507812,-28.991699,-60.363770
1493852610.196289,-0.783203,0.045898,-0.160645,19.409180,-26.855469,-64.636230
1493852610.198981,-0.773438,0.036621,-0.136230,0.793457,-23.925781,-68.786621
1493852610.201674,-0.813965,0.026367,-0.147461,14.526367,-23.071289,-71.044922
1493852610.204357,-0.841797,0.060059,-0.121094,15.380859,-22.827148,-72.631836
1493852610.207041,-0.830078,0.065918,-0.164551,15.319824,-21.911621,-74.279785
1493852610.209733,-0.850586,0.065918,-0.196777,14.709473,-20.446777,-75.744629
1493852610.212422,-0.971680,0.072266,-0.099609,14.587402,-21.118164,-77.941895
1493852610.215111,-0.866699,0.024902,-0.206543,15.869141,-19.592285,-79.467773
1493852610.217800,-0.850586,0.024414,-0.147949,16.906738,-19.042969,-81.787109
1493852610.220487,-0.886719,0.030762,-0.180664,17.944336,-18.066406,-84.106445
1493852610.223174,-0.973633,0.040527,-0.187988,19.653320,-17.700195,-85.449219
1493852610.225857,-0.895508,0.017578,-0.161621,18.859863,-17.089844,-87.402344
1493852610.228527,-0.938477,0.028809,-0.187988,18.798828,-18.981934,-89.599609
1493852610.231132,-0.953125,0.044922,-0.177734,20.751953,-20.507812,-90.515137
1493852610.233682,-0.942383,0.055664,-0.152344,22.094727,-22.216797,-91.491699
1493852610.236233,-1.011719,0.076172,-0.214844,23.315430,-23.376465,-92.468262
1493852610.238820,-0.989258,0.078613,-0.130859,24.230957,-23.986816,-93.750000
1493852610.241476,-0.971680,0.101074,-0.188965,22.705078,-21.179199,-96.069336
1493852610.244163,-0.982422,0.095703,-0.202148,20.874023,-17.822266,-99.243164
1493852610.246850,-1.078613,0.111816,-0.173340,21.301270,-15.563965,-101.867676
1493852610.249544,-0.906250,0.084961,-0.185059,22.766113,-14.587402,-103.820801
1493852610.252236,-1.034180,0.089844,-0.179199,23.193359,-14.587402,-105.529785
1493852610.254916,-0.960938,0.112793,-0.246094,24.353027,-14.709473,-109.375000
1493852610.257603,-1.013672,0.091797,-0.195801,25.146484,-14.831543,-111.999512
1493852610.260339,-1.111328,0.126953,-0.159668,27.893066,-15.502930,-113.525391
1493852610.263022,-1.092285,0.130859,-0.060059,28.259277,-16.052246,-115.600586
1493852610.265710,-1.043945,0.132812,-0.140625,28.503418,-16.235352,-116.577148
1493852610.268396,-1.044922,0.166504,-0.232422,30.395508,-17.456055,-116.760254
1493852610.271081,-0.990234,0.200195,-0.158203,28.564453,-18.493652,-117.614746
1493852610.273762,-0.979492,0.190918,-0.071777,28.198242,-19.409180,-122.497559
1493852610.276445,-0.878906,0.227051,-0.159668,26.550293,-17.578125,-129.455566
1493852610.279099,-1.019043,0.223633,-0.141113,23.864746,-0.732422,-134.948730
1493852610.281681,-0.980469,0.201172,-0.110840,21.301270,-13.854980,-139.404297
1493852610.284230,-1.017578,0.130859,-0.240234,23.681641,-13.000488,-144.531250
1493852610.286780,-1.036621,0.239746,-0.190430,22.521973,-12.023926,-146.423340
1493852610.289378,-1.069824,0.128418,-0.317871,22.338867,-10.559082,-149.841309
1493852610.292048,-1.068848,0.238770,-0.313965,25.695801,-10.620117,-153.198242
1493852610.294733,-1.073730,0.310547,-0.436035,25.146484,-10.314941,-160.583496
1493852610.297419,-1.072266,0.303711,-0.363281,26.733398,-7.385254,-170.471191
1493852610.300116,-1.057617,0.304199,-0.397949,34.301758,-2.197266,-180.725098
1493852610.302799,-1.076660,0.261719,-0.492188,40.832520,5.798340,-190.246582
1493852610.305481,-1.116699,0.279297,-0.465332,45.288086,8.178711,-196.166992
1493852610.308162,-1.089355,0.244141,-0.416504,47.973633,8.728027,-197.998047
1493852610.310771,-1.115723,0.227051,-0.488770,49.926758,6.530762,-195.861816
1493852610.313323,-1.111816,0.216309,-0.400879,54.504395,-1.281738,-190.917969
1493852610.315983,-1.233887,0.207031,-0.437988,61.157227,-6.774902,-184.631348
1493852610.318565,-1.029297,0.202637,-0.423828,69.213867,-18.859863,-179.138184
1493852610.321221,-1.249512,0.207031,-0.421875,76.721191,-31.311035,-175.415039
1493852610.323907,-1.154297,0.191406,-0.302734,88.867188,-43.762207,-175.781250
1493852610.326588,-1.115234,0.194336,-0.350586,98.937988,-50.720215,-180.541992
1493852610.329235,-1.097656,0.196777,-0.242188,110.351562,-53.405762,-189.025879
1493852610.331814,-1.073242,0.263672,-0.272949,116.210938,-53.100586,-193.786621
1493852610.334368,-1.083008,0.243652,-0.333984,116.638184,-49.194336,-205.200195
1493852610.336920,-1.067383,0.236816,-0.276855,111.938477,-44.921875,-217.468262
1493852610.339531,-1.074219,0.173340,-0.141113,108.886719,-45.715332,-227.355957
1493852610.342220,-1.080078,0.150391,-0.363770,104.736328,-47.363281,-237.365723
1493852610.344907,-1.076172,0.062988,-0.318848,101.684570,-48.278809,-248.107910
1493852610.347590,-1.074219,-0.038574,-0.249512,97.045898,-48.828125,-259.094238
1493852610.350322,-1.128418,-0.137695,-0.255371,93.566895,-46.997070,-269.775391
1493852610.353010,-1.152344,-0.142578,-0.438965,88.806152,-44.372559,-279.846191
1493852610.355697,-1.166992,-0.164551,-0.260254,85.327148,-42.602539,-288.208008
1493852610.358391,-1.190430,-0.138184,-0.288574,85.083008,-43.334961,-292.968750
1493852610.361082,-1.208496,-0.062012,-0.346680,87.646484,-46.630859,-296.203613
1493852610.363767,-1.234863,-0.010742,-0.363770,96.191406,-53.466797,-294.738770
1493852610.366452,-1.177734,0.031250,-0.311035,105.285645,-61.767578,-288.574219
1493852610.369142,-1.147949,0.078125,-0.291016,118.957520,-67.016602,-278.930664
1493852610.371838,-1.103516,0.075195,-0.232422,128.662109,-68.847656,-267.700195
1493852610.374522,-1.005859,0.109375,-0.342773,136.840820,-69.458008,-255.065918
1493852610.377205,-0.909668,0.104980,-0.380859,144.104004,-49.316406,-243.286133
1493852610.379838,-0.869141,0.103516,-0.499512,152.526855,-57.495117,-233.581543
1493852610.382400,-0.791992,0.092773,-0.469238,154.846191,-48.583984,-226.501465
1493852610.384952,-0.745117,0.063965,-0.419922,153.381348,-39.916992,-224.304199
1493852610.387502,-0.776855,0.030273,-0.490234,148.132324,-31.921387,-221.984863
1493852610.390143,-0.796875,0.044434,-0.437988,140.930176,-26.489258,-222.534180
1493852610.392830,-0.777344,0.015137,-0.358398,133.117676,-23.193359,-224.792480
1493852610.395518,-0.785156,0.015137,-0.289062,130.432129,-23.559570,-226.318359
1493852610.398210,-0.774902,0.121582,-0.374512,129.882812,-22.949219,-226.257324
1493852610.400901,-0.818848,-0.025879,-0.355469,131.469727,-21.423340,-225.830078
1493852610.403583,-0.763672,0.007324,-0.246094,135.009766,-17.272949,-225.280762
1493852610.406268,-0.731934,-0.025879,-0.220215,137.756348,-11.108398,-225.646973
1493852610.408964,-0.704590,0.015137,-0.242676,138.671875,-2.685547,-225.341797
1493852610.411655,-0.636719,0.076172,-0.280762,139.953613,7.812500,-225.769043
1493852610.414343,-0.599121,0.150391,-0.356934,137.634277,20.141602,-223.999023
1493852610.417034,-0.548340,0.185059,-0.159668,135.803223,33.325195,-219.421387
1493852610.419677,-0.385742,0.217773,-0.285645,137.390137,45.532227,-211.608887
1493852610.422247,-0.495605,0.250488,-0.328125,139.953613,50.598145,-198.730469
1493852610.424797,-0.341309,0.225586,-0.236328,147.399902,58.166504,-182.922363
1493852610.427346,-0.256836,0.221680,-0.202637,156.799316,63.598633,-166.015625
1493852610.429897,-0.205078,0.199219,-0.217773,168.151855,65.673828,-141.174316
1493852610.432446,-0.131836,0.206543,-0.255371,179.199219,68.603516,-140.075684
1493852610.434999,-0.076172,0.172852,-0.203125,196.533203,75.805664,-125.793457
1493852610.437550,-0.069336,0.065918,-0.089355,204.895020,85.510254,-116.271973
1493852610.440179,-0.067383,-0.058105,-0.091309,231.994629,92.468262,-113.342285
1493852610.442866,-0.106445,-0.193359,-0.056152,218.933105,100.646973,-120.605469
1493852610.445550,-0.080078,-0.326172,0.036621,219.665527,114.929199,-137.145996
1493852610.448261,-0.018555,-0.420898,0.194336,227.294922,132.690430,-158.081055
1493852610.451088,-0.073242,-0.402344,-0.024414,209.533691,135.009766,-171.813965
1493852610.453780,-0.132324,-0.272461,-0.154297,203.308105,114.685059,-163.391113
1493852610.456466,-0.150391,-0.002441,-0.227051,146.911621,70.068359,-115.844727
1493852610.459159,-0.158203,-0.065430,-0.025879,62.988281,19.836426,-39.123535
1493852610.461854,-0.202148,-0.136230,0.154297,-1.525879,-16.296387,43.640137
1493852610.464537,-0.209961,-0.149414,0.256836,-18.188477,-23.376465,104.736328
1493852610.467216,-0.201172,-0.134277,0.241699,-6.408691,-5.798340,134.643555
1493852610.469841,-0.263184,0.002930,0.147949,1.098633,-7.080078,144.836426
1493852610.472399,-0.231934,0.148926,0.141602,-8.239746,8.239746,150.451660
1493852610.474945,-0.231445,0.464844,0.064941,-25.634766,21.850586,170.776367
1493852610.477499,-0.248535,0.535156,0.019531,-37.231445,35.766602,168.029785
1493852610.480127,-0.211426,0.658691,0.084473,-43.273926,46.386719,182.556152
1493852610.482811,-0.154297,0.871582,0.004883,-46.325684,55.358887,192.321777
1493852610.485494,-0.089355,0.848633,-0.121582,-53.283691,61.218262,192.504883
1493852610.488184,-0.066406,0.791992,0.032715,-63.171387,67.504883,183.837891
1493852610.490880,-0.060547,0.781250,0.008789,-73.913574,69.458008,168.273926
1493852610.493570,-0.036133,0.758301,-0.005371,-86.242676,72.265625,148.986816
1493852610.496255,-0.058105,0.737793,-0.072266,-107.910156,73.913574,127.990723
1493852610.498947,-0.063965,0.687988,-0.009277,-101.135254,75.622559,108.703613
1493852610.501637,-0.047363,0.656250,-0.065430,-104.553223,79.162598,91.247559
1493852610.504324,-0.209473,0.593262,0.029297,-107.360840,85.083008,76.782227
1493852610.507015,-0.155762,0.527832,-0.005859,-107.666016,91.796875,65.490723
1493852610.509655,-0.154785,0.437988,-0.084961,-109.191895,96.008301,59.570312
1493852610.512225,-0.230469,0.367188,0.074707,-108.459473,96.496582,57.556152
1493852610.514779,-0.257324,0.316406,-0.114746,-109.558105,96.923828,57.373047
1493852610.517332,-0.269531,0.244629,-0.014648,-109.130859,95.153809,58.410645
1493852610.519953,-0.329590,0.195801,0.073242,-105.773926,92.041016,59.082031
1493852610.522649,-0.301758,0.168457,-0.071777,-101.196289,88.623047,60.424805
1493852610.525335,-0.298828,0.132812,0.050781,-95.458984,84.350586,63.537598
1493852610.528022,-0.278809,0.115234,0.061523,-91.430664,81.176758,67.443848
1493852610.530710,-0.261719,0.084961,-0.030273,-86.975098,80.993652,73.974609
1493852610.533399,-0.252441,0.048828,0.026855,-85.205078,81.970215,81.909180
1493852610.536088,-0.261230,0.041504,0.028320,-81.726074,83.068848,89.660645
1493852610.538778,-0.209961,0.005859,-0.002930,-79.162598,85.083008,98.327637
1493852610.541476,-0.199219,-0.005371,0.073730,-74.584961,83.801270,107.482910
1493852610.544168,-0.239746,-0.010254,0.047363,-69.274902,84.289551,115.173340
1493852610.546857,-0.202148,-0.004883,0.065430,-62.133789,83.740234,122.863770
1493852610.549552,-0.274414,-0.009277,0.097168,-57.678223,83.374023,130.493164
1493852610.552243,-0.296387,0.012695,0.028320,-50.720215,83.007812,138.061523
1493852610.554931,-0.296387,0.043457,0.063477,-44.677734,83.007812,145.507812
1493852610.557616,-0.341797,0.059570,0.130859,-41.076660,83.007812,154.418945
1493852610.560279,-0.351562,0.075684,0.183105,-18.859863,83.190918,163.330078
1493852610.562831,-0.349121,0.099609,0.083008,-26.489258,83.374023,171.569824
1493852610.565384,-0.373535,0.116699,0.186523,-18.554688,83.129883,179.016113
1493852610.567956,-0.380371,0.158691,0.089355,-9.704590,82.763672,184.875488
1493852610.570525,-0.406250,0.153809,0.003906,-3.112793,83.312988,190.612793
1493852610.573072,-0.385742,0.192871,0.041992,3.112793,82.763672,193.115234
1493852610.575620,-0.415527,0.189453,0.049316,10.070801,82.458496,197.387695
1493852610.578194,-0.409668,0.193359,0.205078,15.136719,82.092285,201.232910
1493852610.580833,-0.395508,0.174805,0.237305,19.958496,80.322266,204.833984
1493852610.583516,-0.458984,0.204590,0.194824,22.766113,80.200195,209.289551
1493852610.586196,-0.438477,0.229980,0.116211,25.634766,80.627441,213.623047
1493852610.589052,-0.401367,0.341797,0.224609,29.785156,81.970215,217.834473
1493852610.591782,-0.473633,0.248535,0.230469,32.775879,82.458496,221.984863
1493852610.594465,-0.447266,0.283203,0.120117,35.766602,82.153320,224.243164
1493852610.597160,-0.470703,0.285645,0.093262,37.353516,81.542969,227.539062
1493852610.599873,-0.483887,0.284668,0.108887,39.428711,81.176758,230.224609
1493852610.602576,-0.472168,0.275879,0.228027,40.100098,81.848145,232.604980
1493852610.605301,-0.513184,0.315918,0.109375,41.137695,82.885742,234.375000
1493852610.608021,-0.540527,0.304199,0.157227,40.466309,82.580566,237.243652
1493852610.610681,-0.529785,0.303711,0.117188,42.053223,84.594727,239.929199
1493852610.613327,-0.529785,0.298828,0.182617,41.992188,87.219238,242.858887
1493852610.615990,-0.541504,0.283203,0.140625,41.931152,88.867188,245.239258
1493852610.618663,-0.541504,0.290527,0.226074,41.625977,89.111328,248.107910
1493852610.621261,-0.590820,0.265625,0.147949,41.320801,89.660645,252.319336
1493852610.623818,-0.594727,0.299316,0.095215,42.358398,90.026855,255.981445
1493852610.626377,-0.597168,0.298828,0.074219,43.701172,91.369629,259.277344
1493852610.628972,-0.624512,0.270020,0.178711,44.250488,92.285156,261.169434
1493852610.631657,-0.614258,0.265137,0.071777,45.471191,93.627930,280.395508
1493852610.634395,-0.636719,0.259766,0.069336,46.325684,94.055176,268.676758
1493852610.637108,-0.684570,0.259277,0.063477,46.569824,95.581055,273.315430
1493852610.639801,-0.681152,0.285156,0.115234,47.668457,97.045898,276.916504
1493852610.642493,-0.650391,0.291992,0.091797,47.790527,98.999023,296.386719
1493852610.645182,-0.719727,0.276855,0.137695,45.715332,100.341797,284.545898
1493852610.647875,-0.718262,0.298340,0.028320,47.119141,99.914551,289.123535
1493852610.650567,-0.703125,0.302734,0.118652,47.180176,99.426270,293.029785
1493852610.653253,-0.731934,0.302734,0.085449,47.607422,98.876953,295.776367
1493852610.655935,-0.763184,0.315918,0.077148,48.095703,96.923828,298.278809
1493852610.658618,-0.805664,0.372559,0.084473,49.621582,95.092773,300.109863
1493852610.661309,-0.828125,0.386719,0.096680,48.156738,93.566895,300.659180
1493852610.663997,-0.872559,0.383301,0.175781,47.668457,92.529297,299.560547
1493852610.666682,-0.924805,0.416992,0.010254,46.630859,91.979980,294.921875
1493852610.669338,-0.968750,0.418945,0.081543,46.081543,92.407227,289.367676
1493852610.671923,-1.045898,0.420898,0.028809,45.471191,94.177246,283.203125
1493852610.674478,-1.060547,0.391113,0.108887,43.151855,94.726562,276.977539
1493852610.677033,-1.067871,0.373535,0.086914,42.846680,94.909668,271.545410
1493852610.679619,-1.136719,0.354004,0.048340,41.320801,97.473145,266.418457
1493852610.682209,-1.179688,0.333984,0.047363,41.564941,99.609375,263.610840
1493852610.684766,-1.178711,0.307129,0.045898,42.114258,101.379395,258.911133
1493852610.687318,-1.134766,0.241699,0.011230,39.550781,103.515625,254.272461
1493852610.689981,-1.276855,0.241211,-0.011230,38.635254,103.210449,250.610352
1493852610.692712,-1.323730,0.195312,0.008789,39.245605,102.966309,247.619629
1493852610.695395,-1.340820,0.150391,0.090332,37.475586,102.050781,246.704102
1493852610.698082,-1.396484,0.145020,-0.028809,35.034180,101.867676,245.361328
1493852610.700771,-1.381836,0.081543,-0.052246,35.400391,101.135254,243.408203
1493852610.703459,-1.281250,0.001465,-0.030762,33.386230,101.684570,241.210938
1493852610.706148,-1.423828,-0.021973,-0.094238,31.127930,103.515625,238.891602
1493852610.708863,-1.434570,-0.074219,-0.183594,29.357910,105.651855,238.281250
1493852610.711576,-1.440430,-0.087402,-0.094238,23.559570,105.102539,238.220215
1493852610.714253,-1.405762,-0.180176,-0.141113,17.517090,101.562500,241.149902
1493852610.716937,-1.503418,-0.232422,-0.153809,15.686035,94.482422,248.535156
1493852610.719577,-1.513184,-0.130859,-0.152832,16.906738,89.477539,257.507324
1493852610.722144,-1.574219,-0.284180,-0.163574,18.005371,87.097168,268.127441
1493852610.724700,-1.546387,-0.306152,-0.095703,21.118164,83.496094,283.752441
1493852610.727254,-1.529785,-0.319824,-0.148926,23.925781,80.810547,296.997070
1493852610.730005,-1.464844,-0.287598,-0.075684,27.587891,80.200195,305.603027
1493852610.732690,-1.434570,-0.221191,-0.136719,31.311035,81.481934,305.053711
1493852610.735370,-1.401367,-0.154785,-0.163574,32.653809,83.129883,301.757812
1493852610.738072,-1.302734,-0.110840,-0.117188,33.020020,84.533691,296.020508
1493852610.740782,-1.253906,-0.101562,-0.222168,30.395508,85.021973,292.846680
1493852610.743464,-1.250977,-0.079590,-0.016113,27.587891,86.059570,286.132812
1493852610.746148,-1.231934,-0.073730,-0.102051,27.343750,90.942383,275.756836
1493852610.748858,-1.201172,-0.092773,-0.090820,25.634766,97.717285,262.817383
1493852610.751567,-1.254883,-0.108887,-0.050781,21.484375,102.844238,237.243652
1493852610.754250,-1.294922,-0.135254,-0.110840,16.784668,105.529785,245.849609
1493852610.756930,-1.308105,-0.153320,-0.236816,14.099121,107.116699,240.295410
1493852610.759619,-1.381836,-0.207031,0.020508,16.418457,104.064941,238.647461
1493852610.762306,-1.458496,-0.268555,-0.060547,21.484375,102.478027,239.440918
1493852610.764986,-1.563477,-0.358887,-0.017090,24.963379,99.670410,249.206543
1493852610.767678,-1.556641,-0.278809,0.047852,26.733398,91.613770,257.751465
1493852610.770302,-1.511719,-0.336426,0.028320,44.799805,84.655762,262.023926
1493852610.772854,-1.450684,-0.315430,0.058594,36.987305,80.078125,262.207031
1493852610.775410,-1.386719,-0.289062,0.089355,45.471191,62.500000,258.178711
1493852610.777978,-1.237793,-0.272461,0.085449,51.147461,76.660156,252.746582
1493852610.780621,-1.176758,-0.271484,0.073242,47.851562,75.561523,245.422363
1493852610.783308,-1.132324,-0.269531,0.106934,44.555664,73.059082,237.792969
1493852610.785992,-1.096680,-0.291504,0.071289,43.518066,70.922852,230.407715
1493852610.788699,-1.097168,-0.332031,0.129883,43.457031,69.152832,222.290039
1493852610.791406,-1.095215,-0.328613,0.128418,40.588379,67.199707,214.233398
1493852610.794090,-1.116699,-0.346680,0.204590,39.611816,64.514160,206.298828
1493852610.796775,-1.179688,-0.375977,0.165527,37.597656,61.889648,198.425293
1493852610.799481,-1.210938,-0.437012,0.091797,38.146973,59.265137,190.795898
1493852610.802193,-1.200195,-0.462891,0.083496,39.855957,54.687500,182.983398
1493852610.804878,-1.164062,-0.510254,0.035156,42.846680,49.743652,179.199219
1493852610.807560,-1.156250,-0.565430,0.188477,44.738770,45.166016,157.043457
1493852610.810251,-1.236816,-0.644043,0.149902,48.034668,40.039062,167.114258
1493852610.812934,-1.117188,-0.658203,0.190918,50.476074,34.545898,160.278320
1493852610.815619,-1.048828,-0.680664,0.106934,53.588867,30.334473,153.259277
1493852610.818295,-1.015625,-0.729004,0.195312,55.786133,26.916504,145.874023
1493852610.820897,-0.945312,-0.760254,0.128906,58.776855,22.827148,136.962891
1493852610.823447,-0.912109,-0.790527,0.296387,60.058594,19.592285,126.647949
1493852610.826000,-0.905762,-0.791992,0.261719,60.546875,17.150879,116.027832
1493852610.828584,-0.886230,-0.835449,0.270508,62.927246,16.723633,104.675293
1493852610.831241,-0.846191,-0.824219,0.282227,63.659668,15.441895,92.407227
1493852610.833929,-0.873047,-0.878418,0.334961,66.467285,11.840820,81.481934
1493852610.836612,-0.752441,-0.890625,0.273438,66.406250,8.483887,70.495605
1493852610.839300,-0.855469,-0.998535,0.245605,67.687988,3.662109,59.448242
1493852610.841985,-0.864746,-0.911621,0.371094,69.946289,-0.122070,48.217773
1493852610.844666,-0.913574,-0.893555,0.198242,71.716309,-5.615234,38.818359
1493852610.847347,-0.917480,-0.862793,0.157227,73.913574,-10.864258,28.808594
1493852610.850034,-0.908203,-0.855469,0.247559,74.890137,-16.479492,19.165039
1493852610.852726,-0.916992,-0.845215,0.170898,77.270508,-22.216797,10.070801
1493852610.855412,-0.870117,-0.765137,0.184570,78.308105,-27.282715,0.671387
1493852610.858099,-0.891602,-0.784668,0.134277,79.406738,-32.165527,-7.446289
1493852610.860786,-0.751465,-0.678223,0.064941,80.688477,-36.926270,-28.442383
1493852610.863468,-0.841797,-0.637695,0.061523,80.322266,-44.128418,-41.870117
1493852610.866153,-0.810547,-0.646973,0.149414,76.782227,-45.593262,-57.678223
1493852610.868926,-0.808105,-0.724609,0.218262,77.453613,-42.175293,-53.161621
1493852610.871517,-0.801758,-0.786621,0.106445,79.895020,-40.405273,-57.006836
1493852610.874074,-0.845215,-0.797852,0.047852,83.068848,-41.931152,-55.847168
1493852610.876628,-0.826172,-0.781250,0.086914,85.083008,-47.058105,-53.649902
1493852610.879224,-0.868652,-0.786133,0.043457,86.486816,-51.452637,-54.199219
1493852610.881891,-0.878906,-0.711426,0.063965,88.195801,-55.053711,-56.213379
1493852610.884571,-0.824219,-0.671387,-0.019043,91.674805,-56.884766,-58.837891
1493852610.887249,-0.828613,-0.519531,0.058594,93.811035,-56.762695,-60.729980
1493852610.889938,-0.833496,-0.589844,0.100098,97.717285,-57.189941,-62.011719
1493852610.892629,-0.825195,-0.430664,-0.226562,95.520020,-57.678223,-62.744141
1493852610.895316,-0.914062,-0.274902,-0.180664,102.416992,-25.024414,-70.495605
1493852610.898002,-0.919922,-0.187988,0.046387,123.596191,42.236328,-88.134766
1493852610.900689,-0.878418,0.104492,-0.110840,121.826172,74.279785,-100.341797
1493852610.903374,-0.800781,0.235840,0.020996,124.389648,84.899902,-94.970703
1493852610.906057,-0.838867,0.354980,-0.123535,138.916016,94.482422,-67.626953
1493852610.908750,-0.909180,0.619141,-0.217773,167.602539,101.196289,-25.878906
1493852610.911447,-1.269531,1.003418,-0.309082,197.875977,109.558105,10.437012
1493852610.914133,-1.733887,1.414062,-0.151855,219.665527,113.342285,32.348633
1493852610.916821,-1.763184,1.687988,-0.269531,214.538574,100.280762,48.522949
1493852610.919479,-1.560059,1.564941,-0.464355,197.021484,57.312012,47.729492
1493852610.922068,-1.016602,1.244141,-0.560059,189.453125,0.000000,20.812988
1493852610.924621,-0.438477,1.007812,-0.554199,194.458008,-66.223145,1.892090
1493852610.927172,-0.064941,0.925781,-0.730469,202.087402,-132.202148,-30.700684
1493852610.929728,0.046875,0.939453,-0.521484,187.988281,-177.062988,-56.823730
1493852610.932283,-0.034668,0.958984,-0.257324,195.007324,-190.307617,-87.219238
1493852610.934834,-0.154297,0.900879,-0.195801,171.325684,-169.494629,-126.770020
1493852610.937387,-0.241699,0.840820,-0.043945,142.639160,-152.099609,-171.997070
1493852610.940005,-0.293945,0.690430,-0.090820,117.004395,-107.421875,-218.383789
1493852610.942695,-0.325195,0.464355,-0.116211,97.412109,-63.964844,-260.498047
1493852610.945379,-0.373047,0.157715,-0.188965,82.275391,-35.888672,-290.466309
1493852610.948083,-0.525391,-0.242188,-0.212891,73.608398,-21.057129,-303.771973
1493852610.950790,-0.787598,-0.345215,-0.362793,72.082520,-14.709473,-300.720215
1493852610.953475,-1.081543,-0.414551,-0.257812,71.716309,-10.070801,-294.738770
1493852610.956158,-1.208008,-0.401855,-0.589355,63.354492,-11.230469,-260.803223
1493852610.958867,-1.229492,-0.326660,-0.654785,49.865723,-24.536133,-239.562988
1493852610.961571,-1.171875,-0.468262,-0.634277,43.457031,-51.635742,-241.455078
1493852610.964254,-1.069824,-0.383789,-0.521484,51.025391,-86.853027,-231.445312
1493852610.966941,-0.970215,-0.375488,-0.435059,62.316895,-118.286133,-217.346191
1493852610.969628,-0.907715,-0.326172,-0.296875,66.772461,-133.911133,-197.937012
1493852610.972317,-0.895508,-0.298828,-0.233398,61.767578,-132.324219,-173.583984
1493852610.975001,-0.885742,-0.131836,-0.187988,54.504395,-121.215820,-146.667480
1493852610.977689,-0.804199,-0.152344,-0.332031,49.255371,-106.262207,-123.046875
1493852610.980308,-0.741211,-0.058594,-0.255859,46.569824,-93.933105,-103.576660
1493852610.982860,-0.772949,0.041504,-0.312988,45.104980,-87.097168,-94.116211
1493852610.985413,-0.737793,0.121094,-0.369141,41.564941,-80.139160,-91.735840
1493852610.987978,-0.570312,0.091797,-0.445801,35.217285,-81.970215,-91.918945
1493852610.990613,-0.528809,0.123535,-0.402344,32.775879,-88.867188,-97.351074
1493852610.993303,-0.562500,0.155762,-0.406738,33.386230,-92.956543,-106.201172
1493852610.995993,-0.600098,0.175781,-0.277832,28.015137,-92.346191,-118.774414
1493852610.998682,-0.636230,0.175293,-0.337891,22.094727,-83.312988,-131.042480
1493852611.001373,-0.586914,0.082520,-0.416016,18.981934,-75.256348,-139.282227
1493852611.004059,-0.598633,0.006836,-0.384277,16.967773,-72.814941,-143.676758
1493852611.006855,-0.594727,0.017090,-0.404785,16.235352,-72.082520,-145.019531
1493852611.009552,-0.614258,-0.113770,-0.457520,11.962891,-74.890137,-143.615723
1493852611.012245,-0.644531,-0.000488,-0.316406,9.704590,-76.293945,-143.066406
1493852611.014931,-0.691406,-0.006348,-0.311035,5.249023,-75.866699,-142.761230
1493852611.017615,-0.638672,0.037109,-0.348633,-4.089355,-71.899414,-140.686035
1493852611.020346,-0.533203,-0.105469,-0.354980,-8.789062,-71.899414,-135.803223
1493852611.023032,-0.646973,-0.008789,-0.379883,-13.305664,-71.228027,-136.535645
1493852611.025716,-0.599609,-0.016602,-0.262695,-23.132324,-70.251465,-136.047363
1493852611.028382,-0.585449,-0.069336,-0.195312,-27.465820,-73.486328,-133.361816
1493852611.030983,-0.575684,-0.111328,-0.241211,-27.832031,-77.880859,-129.577637
1493852611.033535,-0.611816,-0.180176,-0.104004,-29.907227,-80.322266,-131.225586
1493852611.036093,-0.664062,-0.159180,-0.048828,-34.362793,-75.561523,-131.835938
1493852611.038715,-0.687988,-0.203125,0.018066,-41.320801,-67.932129,-123.046875
1493852611.041408,-0.738281,-0.226562,-0.035156,-40.649414,-60.668945,-105.712891
1493852611.044097,-0.664062,-0.238281,-0.108398,-32.531738,-52.917480,-84.289551
1493852611.046786,-0.652344,-0.209473,-0.247559,-27.038574,-49.316406,-70.251465
1493852611.049479,-0.708496,-0.153809,-0.126465,-26.000977,-45.959473,-62.072754
1493852611.052170,-0.690918,-0.112305,-0.133301,-26.611328,-45.837402,-56.274414
1493852611.054851,-0.691406,-0.078125,-0.205566,-27.343750,-45.227051,-53.710938
1493852611.057534,-0.663574,-0.050781,-0.092773,-23.437500,-46.020508,-49.682617
1493852611.060167,-0.614258,-0.049316,-0.166016,-16.174316,-46.691895,-44.616699
1493852611.062717,-0.635742,-0.063477,-0.127930,-10.925293,-46.875000,-39.489746
1493852611.065269,-0.661621,-0.057617,-0.148926,-11.047363,-44.189453,-37.780762
1493852611.067822,-0.576172,-0.084473,-0.122559,-12.268066,-36.804199,-33.874512
1493852611.070380,-0.575684,-0.093262,-0.142578,-11.413574,-30.029297,-33.264160
1493852611.072936,-0.626465,-0.036621,-0.208984,-11.596680,-23.925781,-33.752441
1493852611.075489,-0.592285,-0.033691,-0.152344,-13.488770,-19.348145,-29.968262
1493852611.078055,-0.652344,-0.018555,-0.247559,-11.657715,-18.188477,-28.076172
1493852611.080691,-0.668457,-0.026367,-0.188965,-12.451172,-18.920898,-28.930664
1493852611.083377,-0.615723,-0.025879,-0.193359,-12.023926,-20.019531,-29.174805
1493852611.086061,-0.666992,-0.032227,-0.190918,-11.901855,-22.338867,-27.526855
1493852611.088753,-0.740723,-0.022461,-0.210449,-11.474609,-21.972656,-24.902344
1493852611.091442,-0.626953,-0.075195,-0.146484,-11.596680,-18.432617,-21.789551
1493852611.094127,-0.614746,-0.039062,-0.216797,-10.681152,-15.502930,-18.127441
1493852611.096816,-0.625000,-0.035156,-0.194336,-11.962891,-11.108398,-16.113281
1493852611.099511,-0.629883,-0.003418,-0.215820,-14.526367,-8.972168,-15.014648
1493852611.102201,-0.743652,0.019531,-0.177734,-13.183594,-8.300781,-14.770508
1493852611.104878,-0.637695,0.020996,-0.184570,-14.160156,-8.911133,-16.174316
1493852611.107555,-0.617676,0.029297,-0.210449,-11.840820,-9.399414,-16.662598
1493852611.110234,-0.657715,0.011230,-0.138672,-12.451172,-8.605957,-17.822266
1493852611.112917,-0.626953,0.019531,-0.248047,-12.939453,-7.446289,-18.615723
1493852611.115598,-0.511230,0.022461,-0.189453,-13.549805,-4.943848,-19.409180
1493852611.118270,-0.714355,0.004395,-0.159668,-13.854980,-2.136230,-19.287109
1493852611.120875,-0.604492,0.098145,-0.183594,-15.380859,-0.244141,-19.897461
1493852611.123422,-0.617676,-0.112793,-0.206543,-13.610840,1.647949,-19.714355
1493852611.125970,-0.623047,-0.001465,-0.250488,-13.366699,3.540039,-19.592285
1493852611.128556,-0.634766,-0.024414,-0.185059,-13.061523,4.760742,-19.042969
1493852611.131211,-0.664062,-0.044434,-0.224121,-14.587402,4.577637,-18.615723
1493852611.133893,-0.634277,-0.020996,-0.171875,-13.610840,5.249023,-17.028809
1493852611.136575,-0.648438,-0.040527,-0.182617,-13.427734,4.943848,-14.526367
1493852611.139363,-0.656250,-0.035156,-0.244141,-12.268066,4.943848,-12.084961
1493852611.142055,-0.623047,-0.002930,-0.263184,-12.634277,4.760742,-9.826660
1493852611.144737,-0.645996,-0.014648,-0.312012,-11.962891,3.662109,-8.544922
1493852611.147413,-0.619629,-0.008789,-0.222168,-12.939453,2.807617,-7.812500
1493852611.150103,-0.601562,-0.006836,-0.229980,-11.169434,2.868652,-6.774902
1493852611.152782,-0.523438,-0.004883,-0.185547,-12.268066,2.502441,-6.042480
1493852611.155463,-0.615234,0.017090,-0.256836,-13.000488,2.441406,-5.432129
1493852611.158149,-0.622559,0.009766,-0.125488,-13.488770,2.014160,-4.760742
1493852611.160832,-0.638672,-0.030762,-0.231934,-13.732910,2.502441,-4.699707
1493852611.163512,-0.606934,0.015137,-0.239746,-14.160156,2.319336,-4.882812
1493852611.166193,-0.500977,-0.007324,-0.208496,-14.038086,2.624512,-4.699707
1493852611.168860,-0.539551,-0.002930,-0.234863,-14.770508,3.417969,-4.394531
1493852611.171457,-0.630859,-0.115234,-0.279785,-14.160156,3.051758,-3.723145
1493852611.174004,-0.619629,0.122559,-0.183594,-13.549805,2.380371,-3.112793
1493852611.176551,-0.632812,0.114258,-0.241211,-14.038086,2.441406,-2.807617
1493852611.179108,-0.607422,0.013184,-0.283691,-13.610840,3.112793,-2.807617
1493852611.181664,-0.665039,-0.113770,-0.194824,-14.160156,2.929688,-2.624512
1493852611.184212,-0.635742,0.001465,-0.211914,-12.695312,1.892090,-1.892090
1493852611.186758,-0.580078,0.002441,-0.177246,-11.962891,1.770020,-2.380371
1493852611.189347,-0.747559,0.003418,-0.272949,-10.803223,2.014160,-2.258301
1493852611.192014,-0.627930,0.020996,-0.272461,-10.864258,1.892090,-2.746582
1493852611.194697,-0.646484,0.005371,-0.321777,-9.826660,1.342773,-2.380371
1493852611.197376,-0.626465,0.020508,-0.160156,-9.704590,1.647949,-3.479004
1493852611.200104,-0.641113,-0.015137,-0.263672,-9.826660,1.586914,-3.356934
1493852611.202783,-0.512695,-0.006348,-0.256836,-9.094238,1.037598,-3.601074
1493852611.205461,-0.662109,-0.109863,-0.275879,-9.155273,-0.061035,-2.502441
1493852611.208147,-0.634277,-0.001465,-0.322266,-8.972168,0.305176,-2.441406
1493852611.210830,-0.645996,-0.001465,-0.184570,-8.544922,-0.793457,-1.525879
1493852611.213509,-0.632812,-0.006836,-0.194824,-7.080078,-1.525879,-1.220703
1493852611.216185,-0.507324,0.007812,-0.283691,-7.690430,-3.662109,-0.793457
1493852611.218856,-0.645508,-0.008789,-0.285645,-3.540039,-5.859375,-1.281738
1493852611.221457,-0.656250,-0.027344,-0.219238,-3.967285,-6.591797,-2.258301
1493852611.223998,-0.602051,-0.020996,-0.233398,-5.615234,-7.202148,-1.647949
1493852611.226543,-0.653809,-0.042480,-0.309082,-6.164551,-7.324219,-0.305176
1493852611.229146,-0.664062,-0.079590,-0.279785,-6.958008,-10.803223,7.202148
1493852611.231813,-0.716309,-0.105469,-0.190430,-5.737305,-14.160156,16.967773
1493852611.234487,-0.683105,-0.082031,-0.348633,0.366211,-16.418457,23.925781
1493852611.237161,-0.670898,-0.024902,-0.236816,2.929688,-16.845703,25.756836
1493852611.240307,-0.684570,-0.011230,-0.225586,2.258301,-19.348145,22.583008
1493852611.244808,-0.640625,0.056152,-0.279297,3.845215,-22.521973,15.319824
1493852611.248972,-0.732422,0.071777,-0.246582,5.371094,-22.644043,9.277344
1493852611.252662,-0.630859,0.038574,-0.239746,4.150391,-20.935059,4.333496
1493852611.255787,-0.626953,0.020996,-0.145996,3.356934,-19.104004,2.258301
1493852611.259593,-0.585938,-0.104492,-0.214355,0.671387,-16.601562,-2.990723
1493852611.263131,-0.603027,-0.006836,-0.152832,-1.647949,-15.686035,-3.845215
1493852611.265672,-0.607910,0.004883,-0.166992,-0.061035,-15.319824,-4.394531
1493852611.268272,-0.624512,-0.122070,-0.250488,0.122070,-13.793945,-4.516602
1493852611.270875,-0.639160,0.013184,-0.212402,0.549316,-13.061523,-3.906250
1493852611.273418,-0.627930,0.016602,-0.165527,0.549316,-13.366699,-4.821777
1493852611.275961,-0.612793,0.007324,-0.149902,15.502930,-13.732910,-5.249023
1493852611.278556,-0.662109,0.002930,-0.232422,-0.244141,-13.916016,-5.187988
1493852611.281151,-0.650879,0.012695,-0.242188,0.000000,-13.244629,-8.300781
1493852611.283696,-0.648926,0.020508,-0.300293,0.915527,-13.305664,-9.277344
1493852611.286368,-0.623047,0.011230,-0.238281,0.671387,-12.695312,-9.765625
1493852611.288970,-0.593262,0.021484,-0.214844,2.441406,-11.047363,-12.573242
1493852611.291646,-0.521973,-0.018555,-0.178711,2.197266,-10.192871,-13.549805
1493852611.294329,-0.501465,0.012695,-0.208496,2.563477,-10.314941,-14.892578
1493852611.297009,-0.591309,0.120605,-0.241699,3.601074,-8.361816,-16.052246
1493852611.299693,-0.611328,0.005371,-0.133301,3.540039,-7.446289,-18.005371
1493852611.302376,-0.660645,0.004395,-0.210449,3.356934,-10.070801,-18.310547
1493852611.305053,-0.750000,0.000000,-0.252930,4.638672,-15.136719,-1.159668
1493852611.307736,-0.651855,-0.007324,-0.164551,8.544922,-18.066406,-13.427734
1493852611.310423,-0.666504,-0.025879,-0.219238,8.056641,-19.531250,-12.573242
1493852611.313102,-0.670898,-0.000977,-0.190918,8.728027,-20.874023,-12.878418
1493852611.315784,-0.680664,0.013184,-0.224121,5.920410,-18.798828,-15.014648
1493852611.318450,-0.662598,0.022949,-0.242188,7.568359,-13.793945,-18.249512
