1493852629.896847,-1.076172,-0.146484,-0.362793,34.118652,-15.625000,-242.187500
1493852629.899742,-1.100098,-0.182129,-0.272949,32.592773,1.220703,-248.413086
1493852629.902589,-1.007324,-0.164062,-0.361328,36.132812,9.704590,-256.713867
1493852629.905138,-1.193359,-0.149414,-0.366699,44.616699,9.338379,-276.916504
1493852629.907681,-1.166992,-0.073730,-0.416992,56.213379,1.892090,-271.362305
1493852629.910459,-1.214844,-0.089844,-0.410156,66.772461,-7.812500,-278.930664
1493852629.913009,-1.212891,-0.057617,-0.502930,71.166992,-13.916016,-283.081055
1493852629.915558,-1.220703,-0.028809,-0.458008,70.556641,-17.944336,-285.095215
1493852629.918184,-1.173340,-0.018555,-0.420898,67.260742,-18.554688,-285.339355
1493852629.920819,-1.200195,-0.024902,-0.454590,64.636230,-19.531250,-286.071777
1493852629.923371,-1.102051,-0.063477,-0.388672,63.232422,-20.751953,-285.339355
1493852629.925921,-1.125977,-0.102539,-0.295898,60.241699,-23.315430,-286.010742
1493852629.928560,-1.067383,-0.098633,-0.314941,57.922363,-25.024414,-286.132812
1493852629.931589,-1.066406,-0.170410,-0.343750,57.067871,-25.512695,-285.461426
1493852629.934538,-1.011230,-0.255371,-0.372559,58.410645,-21.301270,-284.667969
1493852629.937092,-0.887695,-0.245117,-0.308594,61.218262,-19.042969,-283.630371
1493852629.939720,-0.994629,-0.252441,-0.338867,65.979004,-13.977051,-282.836914
1493852629.942349,-0.977051,-0.237793,-0.359863,74.035645,-8.789062,-281.860352
1493852629.944897,-0.967285,-0.233887,-0.395996,85.327148,-3.845215,-278.991699
1493852629.947444,-1.018555,-0.187988,-0.366699,96.252441,0.488281,-277.526855
1493852629.950218,-0.972168,-0.094238,-0.371582,104.248047,3.173828,-272.460938
1493852629.952785,-1.002930,-0.050781,-0.416992,111.755371,4.821777,-264.953613
1493852629.955441,-0.970215,0.010742,-0.487793,118.774414,5.493164,-254.333496
1493852629.958273,-0.972656,0.075195,-0.366211,128.601074,6.103516,-234.680176
1493852629.961490,-0.945312,0.208496,-0.442871,137.512207,9.582520,-221.191406
1493852629.964489,-0.917480,0.229004,-0.397949,146.118164,14.282227,-209.045410
1493852629.967175,-0.750977,0.306641,-0.397949,153.381348,21.057129,-198.547363
1493852629.969900,-0.816406,0.353027,-0.398438,160.827637,27.160645,-191.223145
1493852629.972623,-0.754883,0.375488,-0.498535,164.245605,34.484863,-185.668945
1493852629.975310,-0.729980,0.386719,-0.418945,167.541504,41.137695,-182.556152
1493852629.978002,-0.642578,0.376953,-0.377930,171.691895,60.668945,-179.748535
1493852629.980624,-0.616699,0.334961,-0.373047,179.321289,55.664062,-179.809570
1493852629.983181,-0.534180,0.330078,-0.356934,192.626953,69.030762,-181.152344
1493852629.985734,-0.458008,0.349121,-0.441406,215.881348,83.801270,-181.518555
1493852629.988318,-0.447266,0.267090,-0.352051,240.539551,99.304199,-182.312012
1493852629.990905,-0.492188,0.128418,-0.336914,255.432129,109.130859,-183.349609
1493852629.993461,-0.419922,-0.055664,-0.326172,253.784180,108.337402,-187.438965
1493852629.996017,-0.422852,-0.245117,-0.239746,248.840332,97.229004,-194.091797
1493852629.998573,-0.450684,-0.372070,-0.210938,236.389160,76.843262,-203.674316
1493852630.001129,-0.466309,-0.449219,-0.069824,227.722168,48.095703,-208.435059
1493852630.003685,-0.447266,-0.519043,-0.113281,227.905273,39.367676,-205.627441
1493852630.006239,-0.445312,-0.491699,-0.056152,235.656738,19.287109,-191.711426
1493852630.008836,-0.380371,-0.510742,-0.040527,248.779297,10.253906,-165.832520
1493852630.011437,-0.449219,-0.481934,0.008301,257.385254,17.028809,-155.517578
1493852630.013996,-0.437012,-0.419922,-0.057617,254.638672,34.606934,-126.403809
1493852630.016552,-0.487793,-0.348633,-0.125488,247.741699,51.940918,-90.942383
1493852630.019188,-0.399902,-0.209473,-0.235840,189.270020,53.833008,-48.828125
1493852630.021871,-0.363281,-0.108398,-0.255859,142.272949,30.639648,-0.732422
1493852630.024535,-0.333008,0.035156,-0.160156,112.365723,-3.295898,44.250488
1493852630.027223,-0.200195,0.052246,-0.013672,62.316895,-27.832031,76.232910
1493852630.029870,-0.127930,0.065430,0.058105,39.916992,-31.738281,93.872070
1493852630.032452,-0.036621,0.076172,0.035156,38.513184,-27.893066,101.989746
1493852630.035146,-0.138184,0.117188,-0.031250,38.208008,-15.136719,108.032227
1493852630.037724,-0.195312,0.133301,-0.050781,28.686523,-4.089355,116.760254
1493852630.040298,-0.229004,0.169922,-0.095703,13.122559,5.920410,128.845215
1493852630.042846,-0.223633,0.170898,-0.085449,-0.671387,15.808105,151.977539
1493852630.045398,-0.210449,0.187500,-0.024414,-9.704590,26.123047,153.503418
1493852630.047972,-0.371094,0.214844,-0.144531,-14.709473,33.020020,170.104980
1493852630.050543,-0.308105,0.212891,-0.055664,-15.197754,33.813477,184.631348
1493852630.053096,-0.340820,0.217773,-0.171875,-15.136719,28.991699,194.946289
1493852630.055648,-0.441406,0.249512,-0.143066,-16.418457,25.329590,200.866699
1493852630.058203,-0.365234,0.298340,-0.140625,-19.287109,19.531250,203.369141
1493852630.060760,-0.467773,0.349121,-0.159668,-23.071289,15.869141,205.688477
1493852630.063312,-0.354004,0.376953,-0.078613,-24.902344,15.563965,206.115723
1493852630.065866,-0.346191,0.424316,-0.134277,-24.780273,18.920898,206.359863
1493852630.068491,-0.260254,0.477051,-0.106934,-26.489258,25.085449,205.383301
1493852630.071117,-0.229492,0.467285,-0.124512,-30.029297,30.944824,201.049805
1493852630.073674,-0.245605,0.382324,-0.169922,-31.738281,36.254883,194.091797
1493852630.076230,-0.204590,0.481934,-0.111816,-34.240723,41.870117,184.570312
1493852630.078831,-0.209473,0.452637,-0.116211,-37.963867,60.485840,175.659180
1493852630.081436,-0.145508,0.460938,-0.104004,-41.992188,51.513672,165.649414
1493852630.084040,-0.136230,0.451172,-0.154785,-44.677734,56.762695,158.142090
1493852630.086644,-0.190918,0.394043,-0.145996,-47.851562,62.988281,153.015137
1493852630.089240,-0.147949,0.394531,-0.194824,-51.025391,66.894531,151.855469
1493852630.091906,-0.198242,0.370605,-0.107422,-55.114746,69.519043,149.780273
1493852630.094588,-0.198730,0.345215,-0.202148,-59.082031,71.105957,150.085449
1493852630.097270,-0.127930,0.294434,-0.123047,-59.204102,71.777344,152.465820
1493852630.099958,-0.270508,0.265137,-0.116211,-61.767578,71.472168,157.165527
1493852630.102651,-0.291504,0.208984,-0.169434,-63.659668,72.143555,166.503906
1493852630.105337,-0.321777,0.221680,-0.234863,-63.903809,72.387695,176.574707
1493852630.108024,-0.358887,0.231934,-0.116699,-63.476562,71.533203,186.096191
1493852630.110707,-0.454590,0.238770,-0.160156,-63.415527,71.533203,191.589355
1493852630.113389,-0.357422,0.132812,-0.132324,-61.462402,70.251465,195.739746
1493852630.116073,-0.404297,0.275391,-0.216309,-60.668945,68.786621,200.805664
1493852630.118733,-0.370117,0.275879,-0.220703,-59.814453,67.199707,203.369141
1493852630.121327,-0.351562,0.289062,-0.009277,-58.837891,65.185547,204.711914
1493852630.123879,-0.405762,0.255371,-0.027344,-58.593750,65.063477,204.528809
1493852630.126430,-0.364746,0.274902,-0.244629,-60.607910,64.819336,205.322266
1493852630.129042,-0.370605,0.293945,-0.067871,-61.950684,62.805176,207.275391
1493852630.131656,-0.344727,0.302246,-0.109863,-63.720703,62.194824,210.876465
1493852630.134205,-0.358398,0.265625,-0.083496,-67.565918,61.706543,212.646484
1493852630.136756,-0.383789,0.291504,-0.104980,-70.129395,61.706543,215.881348
1493852630.139407,-0.345215,0.313965,-0.130371,-73.120117,62.988281,220.825195
1493852630.142125,-0.381836,0.293945,-0.054688,-73.852539,64.514160,225.341797
1493852630.144806,-0.394531,0.272461,-0.114746,-76.477051,66.101074,229.431152
1493852630.147489,-0.392090,0.291992,-0.123047,-77.514648,66.528320,234.008789
1493852630.150179,-0.421875,0.255371,-0.074219,-79.956055,66.528320,238.403320
1493852630.152862,-0.459961,0.259766,-0.141113,-79.772949,67.932129,243.591309
1493852630.155545,-0.470703,0.282715,-0.115234,-80.810547,69.152832,247.863770
1493852630.158252,-0.468750,0.279297,-0.077148,-81.909180,69.763184,251.525879
1493852630.160959,-0.496094,0.277344,-0.011230,-81.420898,71.044922,255.554199
1493852630.163639,-0.508789,0.294922,-0.146484,-82.336426,72.326660,258.666992
1493852630.166317,-0.509277,0.304688,-0.124512,-81.298828,72.814941,261.779785
1493852630.169005,-0.525391,0.326660,-0.142578,-81.176758,74.279785,265.441895
1493852630.171813,-0.502441,0.315918,-0.228027,-82.275391,75.500488,269.287109
1493852630.174497,-0.528809,0.308105,-0.022949,-82.946777,75.988770,271.972656
1493852630.177179,-0.583984,0.324219,-0.133301,-83.435059,76.477051,275.146484
1493852630.179892,-0.545898,0.324707,-0.138184,-82.397461,78.002930,278.442383
1493852630.182608,-0.569824,0.313965,-0.152344,-81.665039,78.308105,281.188965
1493852630.185294,-0.627930,0.302734,-0.156738,-82.092285,79.101562,282.043457
1493852630.187984,-0.634277,0.320312,-0.213867,-81.726074,78.491211,284.545898
1493852630.190674,-0.652832,0.303711,-0.134277,-81.848145,78.735352,285.339355
1493852630.193359,-0.687988,0.294922,-0.193359,-82.885742,79.956055,285.888672
1493852630.196048,-0.712402,0.306641,-0.168945,-82.153320,81.726074,287.780762
1493852630.198713,-0.713379,0.291992,-0.156250,-79.528809,81.909180,289.550781
1493852630.201309,-0.761719,0.282715,-0.237793,-78.308105,80.810547,290.100098
1493852630.203861,-0.752441,0.289551,-0.161621,-78.430176,80.200195,290.832520
1493852630.206410,-0.744141,0.316895,-0.179199,-76.782227,78.125000,292.663574
1493852630.209003,-0.804199,0.276855,-0.232422,-77.148438,78.002930,293.823242
1493852630.211669,-0.793945,0.269531,-0.241699,-76.416016,78.796387,293.701172
1493852630.214355,-0.823730,0.277832,-0.142090,-75.805664,80.322266,294.250488
1493852630.217041,-0.837402,0.259766,-0.245605,-77.148438,81.420898,293.823242
1493852630.219732,-0.886230,0.136230,-0.204590,-79.956055,83.068848,292.602539
1493852630.222420,-0.910156,0.244141,-0.238770,-79.528809,83.618164,291.748047
1493852630.225099,-0.945801,0.220215,-0.223633,-80.078125,83.618164,290.222168
1493852630.227787,-1.083496,0.219238,-0.275879,-81.542969,82.275391,289.855957
1493852630.230405,-0.897461,0.190430,-0.237793,-82.458496,79.895020,290.039062
1493852630.232955,-1.040527,0.200684,-0.281250,-83.251953,79.772949,289.916992
1493852630.235504,-1.054688,0.179688,-0.241211,-81.054688,77.941895,290.527344
1493852630.238069,-1.009766,0.190430,-0.257812,-79.589844,76.538086,291.748047
1493852630.240702,-1.140137,0.216309,-0.347656,-77.819824,75.805664,291.992188
1493852630.243382,-1.154785,0.216797,-0.218750,-73.913574,74.340820,292.968750
1493852630.246064,-1.188965,0.162109,-0.333008,-70.861816,76.782227,294.250488
1493852630.248755,-1.207031,0.196777,-0.348633,-70.312500,78.552246,298.400879
1493852630.251447,-1.234863,0.221680,-0.392578,-73.120117,77.636719,304.321289
1493852630.254133,-1.275879,0.203613,-0.308594,-78.918457,74.523926,305.786133
1493852630.256822,-1.272949,0.242676,-0.354004,-80.444336,71.899414,282.714844
1493852630.259514,-1.265137,0.220703,-0.375000,-74.035645,73.974609,286.193848
1493852630.262203,-1.297363,0.183105,-0.275879,-67.749023,81.359863,273.010254
1493852630.264886,-1.271484,0.141113,-0.404297,-69.152832,91.369629,264.221191
1493852630.267570,-1.307129,0.109863,-0.441895,-74.218750,97.961426,259.155273
1493852630.270295,-1.355469,0.052734,-0.337891,-79.895020,102.111816,258.666992
1493852630.272981,-1.366211,0.021484,-0.482422,-85.449219,104.003906,260.742188
1493852630.275666,-1.398438,-0.029297,-0.276855,-85.083008,105.163574,265.441895
1493852630.278344,-1.482910,-0.048340,-0.440918,-87.646484,106.323242,268.493652
1493852630.280953,-1.567383,-0.059570,-0.447266,-88.134766,104.858398,270.751953
1493852630.283506,-1.413574,-0.122559,-0.394531,-90.759277,105.285645,273.498535
1493852630.286057,-1.537109,-0.149902,-0.421875,-90.270996,105.102539,276.306152
1493852630.288608,-1.520508,-0.185547,-0.384766,-89.721680,105.773926,279.907227
1493852630.291160,-1.435059,-0.202148,-0.396484,-88.256836,102.416992,285.705566
1493852630.293709,-1.520508,-0.196777,-0.458984,-86.303711,99.243164,289.611816
1493852630.296258,-1.444824,-0.188477,-0.363281,-85.632324,96.801758,297.302246
1493852630.298850,-1.420898,-0.193359,-0.437012,-82.946777,95.581055,305.114746
1493852630.301516,-1.440918,-0.149902,-0.431641,-84.411621,95.520020,311.462402
1493852630.304202,-1.371094,-0.010742,-0.384277,-85.388184,95.092773,315.124512
1493852630.307001,-1.369141,-0.079102,-0.498047,-83.618164,96.008301,314.025879
1493852630.309692,-1.324707,-0.026367,-0.498535,-84.472656,97.656250,310.424805
1493852630.312382,-1.321289,-0.056152,-0.410645,-85.144043,98.632812,304.870605
1493852630.315071,-1.324219,-0.010254,-0.445801,-86.914062,101.440430,297.729492
1493852630.317761,-1.334961,-0.035156,-0.438965,-88.806152,103.881836,289.245605
1493852630.320445,-1.338867,-0.045410,-0.391113,-89.233398,104.919434,283.752441
1493852630.323128,-1.409668,-0.090820,-0.326660,-90.576172,105.468750,282.226562
1493852630.325818,-1.412109,-0.104980,-0.356445,-89.782715,105.163574,283.569336
1493852630.328511,-1.428711,-0.173340,-0.203125,-87.463379,104.309082,284.240723
1493852630.331202,-1.433105,-0.192383,-0.236328,-83.374023,103.820801,284.667969
1493852630.333885,-1.414062,-0.187012,-0.206543,-80.993652,104.858398,283.752441
1493852630.336567,-1.401855,-0.173340,-0.201172,-77.636719,104.858398,279.663086
1493852630.339232,-1.386230,-0.136230,-0.020508,-76.721191,103.576660,275.573730
1493852630.341829,-1.254883,-0.135742,-0.123047,-74.218750,101.928711,271.240234
1493852630.344383,-1.370117,-0.120117,-0.100586,-71.594238,100.708008,267.272949
1493852630.346935,-1.474121,-0.127930,-0.095703,-73.608398,100.158691,264.892578
1493852630.349540,-1.250977,-0.185059,-0.190430,-77.941895,99.731445,259.155273
1493852630.352217,-1.406250,-0.348633,-0.206543,-79.467773,97.778320,252.502441
1493852630.354899,-1.457031,-0.299805,-0.133301,-80.688477,96.191406,247.741699
1493852630.357581,-1.425781,-0.406250,-0.368652,-79.406738,93.566895,243.408203
1493852630.360312,-1.430664,-0.558594,-0.314453,-77.941895,90.393066,237.243652
1493852630.362998,-1.384277,-0.626953,-0.359375,-77.514648,84.350586,230.468750
1493852630.365683,-1.347168,-0.763672,-0.259766,-75.195312,78.857422,223.327637
1493852630.368370,-1.310547,-0.908203,-0.291504,-70.617676,75.012207,216.613770
1493852630.371057,-1.252930,-1.003418,-0.213867,-65.429688,73.608398,209.716797
1493852630.373739,-1.243652,-1.108887,-0.196777,-47.302246,71.716309,203.186035
1493852630.376418,-1.209961,-1.146973,-0.216797,-57.250977,71.533203,196.533203
1493852630.379105,-1.170898,-1.169922,-0.152832,-54.138184,70.312500,187.988281
1493852630.381795,-1.111328,-1.251465,-0.100586,-49.072266,70.617676,177.124023
1493852630.384482,-1.145996,-1.267578,0.038574,-46.325684,69.824219,163.696289
1493852630.387167,-1.099121,-1.320801,0.128418,-42.358398,69.946289,149.169922
1493852630.389812,-1.121094,-1.336426,0.204102,-41.320801,70.007324,132.995605
1493852630.392390,-1.109863,-1.360840,0.210449,-39.550781,70.129395,115.295410
1493852630.394943,-1.068848,-1.272949,0.147949,-39.245605,69.335938,93.688965
1493852630.397492,-1.064453,-1.195801,0.198242,-43.762207,61.889648,53.833008
1493852630.400124,-1.181641,-1.198730,0.140137,-55.053711,51.574707,13.916016
1493852630.402857,-1.034668,-1.229980,0.057129,-66.223145,41.564941,-45.288086
1493852630.405588,-1.075684,-1.312500,-0.039062,-92.102051,16.418457,-85.937500
1493852630.408287,-1.087891,-1.481934,0.069824,-117.858887,-17.028809,-122.070312
1493852630.410972,-1.185547,-1.661621,0.252441,-120.422363,-41.809082,-117.858887
1493852630.413695,-1.261719,-1.799316,0.226562,-93.811035,-48.645020,-89.660645
1493852630.416430,-1.227051,-1.824707,0.074219,-52.795410,-33.142090,-55.969238
1493852630.419086,-1.260742,-1.745605,0.014648,-23.437500,-14.404297,-17.822266
1493852630.421734,-1.195312,-1.609863,-0.076172,-12.329102,-9.155273,-7.751465
1493852630.424399,-1.069824,-1.425781,-0.071777,-11.352539,-13.793945,-5.065918
1493852630.427088,-0.958984,-1.304199,-0.007812,-7.751465,-21.362305,-19.653320
1493852630.429723,-0.885254,-1.198242,-0.031738,-4.516602,-24.230957,-40.710449
1493852630.432285,-0.816406,-1.125000,-0.074219,-3.906250,-19.714355,-59.936523
1493852630.434833,-0.866211,-1.084961,-0.142578,-6.469727,-12.878418,-78.796387
1493852630.437378,-0.872070,-1.044434,-0.171387,-11.047363,-11.413574,-98.632812
1493852630.439924,-0.901855,-1.064453,-0.094238,-19.409180,-11.230469,-118.652344
1493852630.442581,-0.928711,-1.094727,-0.206543,-24.414062,-15.075684,-138.244629
1493852630.445125,-0.915527,-1.106445,-0.107422,-24.536133,-19.958496,-163.146973
1493852630.447668,-0.984375,-1.129883,-0.114746,-21.545410,-24.353027,-164.001465
1493852630.450343,-0.982910,-1.142578,-0.200195,-19.714355,-25.146484,-174.743652
1493852630.453023,-0.972168,-1.079590,-0.135254,-17.761230,-22.094727,-180.786133
1493852630.455706,-0.929199,-1.027344,-0.085449,-15.991211,-16.357422,-183.105469
1493852630.458393,-1.020996,-0.675781,-0.231934,-25.024414,-16.784668,-182.739258
1493852630.461075,-1.166504,-0.403320,-0.489258,-11.291504,1.892090,-185.241699
1493852630.463750,-1.046875,-0.377930,0.334473,28.381348,77.270508,-189.941406
1493852630.466430,-0.911621,-0.101074,0.024414,31.982422,151.306152,-176.574707
1493852630.469121,-0.919922,0.288574,0.394043,44.372559,191.467285,-141.357422
1493852630.471809,-1.097656,0.750000,-0.095215,60.302734,179.931641,-84.350586
1493852630.474489,-1.119629,1.307129,-0.070801,108.520508,160.400391,-13.427734
1493852630.477170,-1.253418,1.654297,-0.230469,150.207520,136.535645,50.720215
1493852630.479815,-1.314941,1.980957,-0.246094,162.536621,103.027344,90.942383
1493852630.482392,-1.778809,2.328613,-0.339355,165.100098,51.025391,93.261719
1493852630.484940,-2.348633,2.541016,-0.369141,145.812988,42.846680,38.208008
1493852630.487489,-2.209961,2.445801,-0.363281,124.511719,15.380859,-61.645508
1493852630.490126,-1.445312,1.881348,-0.491699,92.773438,-24.108887,-161.743164
1493852630.492806,-0.362793,1.332031,-0.496094,73.364258,-75.256348,-240.356445
1493852630.495488,0.198730,0.820801,-0.452637,65.856934,-131.652832,-306.457520
1493852630.498177,0.285156,0.277832,-0.284668,67.321777,-169.494629,-358.398438
1493852630.500863,0.132324,-0.107422,-0.070312,61.767578,-172.485352,-435.058594
1493852630.503549,-0.063477,-0.386719,0.016602,50.903320,-136.047363,-465.637207
1493852630.506232,-0.334473,-0.621094,0.206543,32.714844,-83.374023,-539.978027
1493852630.508923,-0.708984,-0.634277,0.177246,21.179199,-33.447266,-581.359863
1493852630.511613,-0.901367,-0.728027,0.036621,11.779785,-2.197266,-577.575684
1493852630.514293,-1.166504,-0.809570,-0.065430,-0.061035,13.244629,-556.152344
1493852630.516974,-1.305176,-0.860352,-0.246582,-17.517090,12.145996,-532.775879
1493852630.519628,-1.352539,-0.950684,-0.252930,-28.015137,-0.793457,-500.000000
1493852630.522212,-1.411621,-1.046875,-0.175293,-26.916504,-21.606445,-450.622559
1493852630.524764,-1.412598,-1.079590,-0.177734,-16.784668,-43.334961,-385.681152
1493852630.527316,-1.422852,-1.016602,-0.077637,2.502441,-51.208496,-311.340332
1493852630.529931,-1.349609,-0.811035,-0.185059,17.700195,-62.377930,-236.145020
1493852630.532618,-1.320312,-0.598633,-0.157715,29.968262,-67.138672,-166.442871
1493852630.535292,-1.195801,-0.343262,-0.099609,38.391113,-66.345215,-103.210449
1493852630.537984,-1.092285,-0.124512,-0.047852,52.307129,-66.833496,-48.767090
1493852630.540684,-0.899902,0.044922,-0.097168,68.542480,-70.983887,-4.272461
1493852630.543368,-0.825195,0.120605,-0.131836,88.073730,-76.599121,27.526855
1493852630.546052,-0.610840,0.280762,-0.301270,100.158691,-79.284668,44.250488
1493852630.548744,-0.408203,0.482422,-0.273438,105.895996,-82.763672,44.128418
1493852630.551440,-0.296875,0.458984,-0.266113,108.825684,-84.228516,13.854980
1493852630.554125,-0.162598,0.556641,-0.426270,114.196777,-82.092285,-18.615723
1493852630.556812,-0.108398,0.704590,-0.574219,110.412598,-77.514648,-77.941895
1493852630.559459,-0.232422,0.735840,-0.548340,103.881836,-69.763184,-95.031738
1493852630.562035,-0.152344,0.796875,-0.544434,89.050293,-54.382324,-148.071289
1493852630.564585,-0.177246,0.720703,-0.781738,76.721191,-40.649414,-206.054688
1493852630.567137,-0.300293,0.684570,-0.817871,60.424805,-28.259277,-256.347656
1493852630.569753,-0.298828,0.410156,-0.882324,36.987305,-15.014648,-291.320801
1493852630.572371,-0.313965,0.325684,-0.957520,13.244629,-9.765625,-311.828613
1493852630.574922,-0.389648,0.041992,-1.072754,-20.507812,-8.422852,-319.519043
1493852630.577573,-0.570801,-0.198730,-0.943848,-71.166992,-22.583008,-322.448730
1493852630.580189,-0.664062,-0.333496,-0.592285,-122.741699,-47.241211,-321.777344
1493852630.582866,-0.786133,-0.625000,-0.253418,-163.024902,-92.651367,-307.800293
1493852630.585546,-0.988281,-0.916992,0.141602,-179.504395,-140.869141,-284.057617
1493852630.588227,-1.098633,-1.035156,0.247559,-176.513672,-187.805176,-264.587402
1493852630.590909,-1.005371,-1.124512,0.532227,-155.761719,-206.481934,-206.481934
1493852630.593590,-1.123535,-1.228027,0.623047,-112.365723,-206.726074,-150.817871
1493852630.596273,-1.001465,-1.033203,0.390137,-63.049316,-171.203613,-121.459961
1493852630.598961,-0.862305,-0.818359,0.213379,-22.277832,-120.178223,-50.598145
1493852630.601647,-0.632812,-0.604980,-0.076172,-1.708984,-73.059082,16.906738
1493852630.604328,-0.638184,-0.352539,-0.270020,-0.305176,-47.607422,59.997559
1493852630.607009,-0.562012,-0.002441,-0.242676,-11.596680,-45.532227,74.401855
1493852630.609646,-0.552734,0.113281,-0.241699,-25.268555,-62.316895,64.941406
1493852630.612212,-0.574219,0.225586,0.019531,-46.691895,-87.463379,39.672852
1493852630.614762,-0.587402,0.285156,0.003418,-39.978027,-106.933594,5.493164
1493852630.617311,-0.583496,0.298340,0.215820,-33.874512,-111.328125,-25.695801
1493852630.619931,-0.555664,0.274902,0.194824,-18.493652,-101.196289,-45.166016
1493852630.622612,-0.551758,0.220215,0.042480,-9.887695,-71.105957,-52.734375
1493852630.625280,-0.479980,0.166504,-0.019531,-6.225586,-27.526855,-53.588867
1493852630.627946,-0.440918,0.111816,-0.129883,-16.235352,11.352539,-54.199219
1493852630.630615,-0.494629,0.070312,-0.150879,-35.583496,29.907227,-56.640625
1493852630.633281,-0.497559,0.068359,-0.191406,-47.607422,28.442383,-59.204102
1493852630.635947,-0.599121,0.044922,-0.081543,-50.292969,21.118164,-64.270020
1493852630.638618,-0.693359,-0.002441,-0.036621,-46.630859,10.498047,-70.495605
1493852630.641292,-0.716309,-0.062012,-0.085938,-40.649414,6.225586,-73.974609
1493852630.643958,-0.644531,-0.155762,-0.075684,-33.447266,8.117676,-75.988770
1493852630.646621,-0.769043,-0.170410,-0.169434,-30.517578,14.587402,-72.143555
1493852630.649292,-0.747559,-0.180664,-0.159668,-26.306152,17.272949,-64.208984
1493852630.651964,-0.702148,-0.168457,-0.352051,-27.099609,16.845703,-53.894043
1493852630.654637,-0.721191,-0.167480,-0.135254,-26.367188,7.690430,-41.992188
1493852630.657303,-0.704102,-0.114746,-0.199219,-25.573730,-4.028320,-33.935547
1493852630.659940,-0.680664,-0.091309,-0.095703,-20.874023,-14.343262,-29.052734
1493852630.662515,-0.724121,-0.022949,-0.113281,-14.770508,-19.897461,-26.489258
1493852630.665061,-0.681152,-0.001465,-0.142578,-9.155273,-20.507812,-25.634766
1493852630.667610,-0.732422,-0.004883,-0.030762,-4.028320,-19.592285,-25.207520
1493852630.670158,-0.712402,0.039062,-0.135254,-3.601074,-14.892578,-24.475098
1493852630.672708,-0.711426,0.054688,-0.072754,-2.868652,-8.666992,-24.658203
1493852630.675252,-0.664062,0.059570,-0.046875,-5.065918,-4.943848,-24.597168
1493852630.677859,-0.663574,0.033203,-0.117188,-6.896973,-1.953125,-26.489258
1493852630.680537,-0.670898,0.024414,-0.124512,-7.812500,0.305176,-30.090332
1493852630.683208,-0.680176,0.014648,-0.195801,-7.934570,1.831055,-33.508301
1493852630.685870,-0.636230,-0.004395,-0.207520,-7.263184,4.943848,-35.766602
1493852630.688535,-0.648926,-0.040039,-0.214844,-7.019043,6.591797,-35.766602
1493852630.691199,-0.643066,-0.060547,-0.205566,-6.225586,7.629395,-34.057617
1493852630.693856,-0.657715,-0.069336,-0.126465,-6.958008,7.751465,-31.372070
1493852630.696513,-0.694336,-0.084961,-0.169922,-5.676270,7.019043,-28.747559
1493852630.699171,-0.729492,-0.057617,-0.189453,-3.784180,5.126953,-25.817871
1493852630.701830,-0.689941,-0.069336,-0.095215,-0.427246,2.929688,-22.460938
1493852630.704490,-0.739746,-0.050781,-0.063965,2.258301,1.647949,-19.226074
1493852630.707148,-0.733887,-0.069824,-0.243652,5.737305,-0.854492,-17.272949
1493852630.709812,-0.698242,-0.062012,-0.126953,8.972168,-2.624512,-15.502930
1493852630.712476,-0.746094,-0.066406,-0.119141,11.047363,-4.577637,-13.977051
1493852630.715254,-0.722168,-0.037109,-0.158203,12.878418,-4.455566,-13.427734
1493852630.717924,-0.700195,-0.016113,-0.185547,17.395020,-2.807617,-12.573242
1493852630.720589,-0.677246,-0.030762,-0.015137,18.981934,-0.427246,-13.122559
1493852630.723248,-0.675293,-0.012207,-0.140137,19.104004,1.831055,-13.671875
1493852630.725910,-0.705078,0.007324,-0.102051,20.812988,4.394531,-13.366699
1493852630.728579,-0.700195,0.122559,-0.101562,20.080566,5.004883,-13.366699
1493852630.731248,-0.700684,-0.119141,-0.171875,19.287109,7.385254,-13.488770
1493852630.733912,-0.662109,0.012207,-0.237793,19.775391,9.033203,-13.549805
1493852630.736573,-0.724609,0.004395,-0.052734,18.188477,11.230469,-14.343262
1493852630.739259,-0.665039,0.013672,-0.191406,18.432617,12.817383,-14.221191
1493852630.741944,-0.716797,-0.018555,-0.138184,18.371582,13.671875,-13.305664
1493852630.744608,-0.703125,-0.122070,-0.204590,18.615723,14.404297,-13.671875
1493852630.747273,-0.729004,-0.008789,-0.208496,17.883301,14.404297,-12.756348
1493852630.749941,-0.667480,-0.016602,-0.155762,19.104004,13.061523,-12.084961
1493852630.752614,-0.710449,-0.035156,-0.134766,19.042969,11.718750,-12.145996
1493852630.755278,-0.699219,-0.024414,-0.265625,18.554688,8.911133,-11.535645
1493852630.757944,-0.683105,-0.043945,-0.232422,20.996094,5.859375,-10.070801
1493852630.760610,-0.675781,-0.040039,-0.237793,22.094727,2.685547,-8.056641
1493852630.763268,-0.713867,-0.028320,-0.233887,23.742676,-14.099121,-5.859375
1493852630.765929,-0.677246,-0.041504,-0.216309,25.085449,-1.647949,-3.784180
1493852630.768591,-0.720215,-0.047852,-0.249512,26.000977,-4.577637,-0.976562
1493852630.771253,-0.684570,-0.027344,-0.241211,26.855469,-9.155273,0.854492
1493852630.773909,-0.692871,-0.047363,-0.196777,25.878906,-12.939453,2.014160
1493852630.776566,-0.682129,-0.032715,-0.238281,25.939941,-15.075684,2.624512
1493852630.779237,-0.656738,-0.033691,-0.231445,29.052734,-16.906738,3.540039
1493852630.781922,-0.633301,-0.022461,-0.181152,31.250000,-16.296387,2.807617
1493852630.784602,-0.637695,-0.022461,-0.146484,32.836914,-15.563965,2.380371
1493852630.787284,-0.646973,0.002930,-0.200195,28.930664,-15.319824,-0.366211
1493852630.789975,-0.678711,0.007812,-0.222656,23.681641,-17.272949,-2.136230
1493852630.792663,-0.710449,0.024902,-0.136230,21.484375,-18.798828,-3.784180
1493852630.795346,-0.696289,0.041016,-0.132812,21.850586,-19.592285,-4.028320
1493852630.798054,-0.678223,0.086914,-0.182617,25.329590,-19.104004,-3.479004
1493852630.800757,-0.727539,0.054199,-0.150391,27.221680,-18.127441,-2.868652
1493852630.803441,-0.682129,0.038574,-0.192383,28.564453,-17.517090,-5.004883
1493852630.806122,-0.698730,0.001465,-0.095215,28.381348,-16.113281,-7.812500
1493852630.808812,-0.707031,-0.016113,-0.147461,25.878906,-15.197754,-11.413574
1493852630.811501,-0.697754,0.005859,-0.132324,24.230957,-14.709473,-14.465332
1493852630.814179,-0.702637,-0.016602,-0.145020,23.376465,-15.625000,-16.174316
1493852630.816857,-0.707031,0.012207,-0.081543,25.634766,-16.479492,-17.456055
1493852630.819500,-0.687988,0.007324,-0.113770,25.878906,-17.517090,-17.822266
1493852630.822074,-0.665039,0.025391,-0.138184,26.672363,-19.104004,-17.456055
1493852630.824624,-0.694824,0.034180,-0.110840,27.160645,-19.226074,-16.723633
1493852630.827172,-0.656250,0.008789,-0.128418,27.709961,-19.165039,-16.479492
1493852630.829782,-0.630371,0.034668,-0.074219,26.794434,-18.432617,-16.845703
1493852630.832462,-0.632324,0.113770,-0.104004,24.719238,-18.737793,-15.869141
1493852630.835146,-0.621582,-0.022949,-0.117188,22.094727,-18.493652,-15.014648
1493852630.837853,-0.599609,0.001465,-0.080566,23.681641,-17.639160,-13.488770
1493852630.840564,-0.621582,-0.008789,-0.088867,24.780273,-15.991211,-12.207031
1493852630.843246,-0.616699,-0.016602,-0.116699,25.939941,-15.136719,-11.901855
1493852630.845927,-0.572266,-0.119141,-0.248047,24.169922,-13.732910,-12.084961
1493852630.848609,-0.610840,-0.016602,-0.144043,22.583008,-13.061523,-13.488770
1493852630.851293,-0.580078,-0.063965,-0.141113,25.329590,-15.869141,-13.366699
1493852630.854080,-0.583984,-0.047852,-0.162598,30.822754,-21.240234,-9.216309
1493852630.856759,-0.524902,-0.006836,-0.119629,30.395508,-26.977539,-27.954102
1493852630.859460,-0.534180,-0.005371,-0.145020,26.428223,-32.409668,-41.076660
1493852630.862163,-0.578613,0.118652,-0.259766,13.488770,-39.855957,-58.349609
1493852630.864844,-0.670898,0.144531,-0.124512,-1.525879,-44.982910,-56.457520
1493852630.867522,-0.678223,0.016602,-0.076172,-6.896973,-42.846680,-59.020996
1493852630.870147,-0.714355,-0.214355,-0.144531,7.568359,-34.301758,-45.532227
1493852630.872696,-0.732422,-0.200684,-0.056641,18.920898,-21.545410,-20.629883
1493852630.875244,-0.747559,-0.144043,-0.143066,33.142090,-15.075684,-0.732422
1493852630.877788,-0.689941,-0.098633,-0.113281,31.250000,-14.160156,5.615234
1493852630.880408,-0.670898,-0.038086,-0.075684,23.376465,-12.084961,-2.014160
1493852630.883088,-0.614258,-0.008301,-0.017578,18.798828,-10.192871,-17.211914
1493852630.885769,-0.532227,0.024414,-0.141113,20.263672,-7.080078,-31.066895
1493852630.888472,-0.545898,0.010742,-0.143066,26.000977,-4.150391,-37.719727
1493852630.891174,-0.619141,0.006836,-0.160156,28.015137,-4.028320,-38.146973
1493852630.893854,-0.491699,0.108398,-0.161621,26.000977,-5.004883,-34.973145
1493852630.896530,-0.540527,-0.041504,-0.130371,22.583008,-6.042480,-30.517578
1493852630.899202,-0.566406,-0.065430,-0.033203,21.240234,-6.042480,-27.465820
1493852630.901807,-0.599609,-0.071777,-0.144531,22.705078,-7.690430,-26.367188
1493852630.904358,-0.621582,-0.076172,-0.069824,24.291992,-7.934570,-25.146484
1493852630.906908,-0.625000,-0.073242,-0.005859,24.780273,-7.446289,-25.939941
1493852630.909538,-0.649902,-0.030762,-0.139648,24.230957,-7.263184,-28.808594
1493852630.912235,-0.511230,-0.027344,-0.065918,24.291992,-6.652832,-29.907227
1493852630.914928,-0.630859,-0.014648,-0.114746,25.329590,-5.249023,-30.456543
1493852630.917623,-0.627930,-0.031738,-0.065918,26.916504,-3.784180,-30.822754
1493852630.920280,-0.626465,-0.050781,-0.125000,27.832031,-1.953125,-30.639648
1493852630.922833,-0.616699,-0.026855,-0.192383,26.977539,-1.159668,-30.639648
1493852630.925385,-0.593262,-0.049805,-0.098633,25.878906,-1.342773,-30.639648
1493852630.927954,-0.632324,-0.071289,-0.113770,26.550293,-2.868652,-30.212402
1493852630.930539,-0.591309,-0.029297,-0.070801,26.733398,-3.784180,-31.921387
1493852630.933091,-0.592285,-0.077148,-0.009766,24.475098,-3.906250,-31.921387
1493852630.935643,-0.624512,-0.054199,-0.233887,23.437500,-3.784180,-33.508301
1493852630.938215,-0.608887,-0.038574,-0.106445,23.132324,-2.990723,-32.958984
1493852630.940856,-0.648926,-0.067383,-0.047852,23.132324,-2.014160,-33.203125
1493852630.943538,-0.636719,-0.055176,-0.175781,22.033691,-1.464844,-33.508301
1493852630.946219,-0.748535,-0.083008,-0.071777,21.972656,-1.037598,-33.935547
1493852630.948905,-0.642578,-0.060059,-0.113770,23.132324,-1.220703,-33.081055
1493852630.951593,-0.670898,-0.071289,-0.090820,21.362305,-1.770020,-33.203125
1493852630.954281,-0.654785,-0.035156,-0.179688,21.728516,-1.464844,-32.226562
1493852630.957033,-0.664062,-0.059570,-0.059570,22.460938,-0.244141,-32.958984
1493852630.959794,-0.667480,-0.050293,-0.129883,22.155762,1.037598,-34.362793
1493852630.962487,-0.719238,-0.059570,-0.233398,24.291992,2.746582,-34.423828
1493852630.965314,-0.727539,-0.057129,-0.108887,25.817871,3.784180,-34.057617
1493852630.968008,-0.700195,-0.040527,-0.086914,25.085449,4.272461,-35.217285
1493852630.970690,-0.685059,-0.038086,-0.187988,26.550293,5.859375,-40.161133
1493852630.973373,-0.708008,-0.028320,-0.057617,27.282715,9.094238,-43.273926
1493852630.976057,-0.724609,0.001465,-0.020996,25.695801,8.972168,-46.813965
1493852630.978719,-0.676758,0.005859,-0.097168,25.817871,7.202148,-48.706055
1493852630.981313,-0.729980,-0.004883,-0.067383,26.733398,7.324219,-50.781250
1493852630.983862,-0.668945,0.022461,-0.024902,25.695801,7.385254,-52.551270
1493852630.986411,-0.724121,0.029297,-0.135254,22.827148,5.310059,-53.161621
1493852630.988961,-0.722656,0.027344,-0.043945,22.338867,2.990723,-55.358887
1493852630.991632,-0.722168,0.026855,-0.074219,21.728516,2.502441,-57.067871
1493852630.994185,-0.652344,0.016602,-0.064453,20.019531,1.342773,-58.959961
1493852630.996734,-0.855469,0.066406,-0.078125,19.958496,-0.915527,-59.631348
1493852630.999299,-0.819824,0.034180,-0.080566,19.531250,-3.662109,-58.898926
1493852631.001864,-0.787598,0.061523,-0.105469,17.028809,-6.286621,-59.631348
1493852631.004414,-0.801758,0.065430,-0.097168,15.380859,-11.962891,-61.096191
1493852631.006964,-0.850586,0.051758,-0.114746,16.418457,-15.441895,-64.636230
1493852631.009577,-0.953125,0.071777,-0.131836,16.723633,-16.784668,-70.373535
1493852631.012192,-0.858887,0.119141,-0.087891,15.686035,-18.005371,-90.026855
1493852631.014744,-0.868164,0.113281,-0.128906,13.854980,-17.028809,-84.411621
1493852631.017291,-0.837402,0.141113,-0.114746,9.094238,-12.145996,-94.665527
1493852631.019963,-0.766602,0.143066,-0.108887,2.258301,-5.310059,-104.431152
1493852631.022704,-0.873047,0.128906,-0.013184,-2.990723,2.380371,-114.318848
1493852631.025379,-0.858887,0.117188,-0.209961,-3.967285,6.469727,-121.154785
1493852631.028073,-0.879883,0.123535,-0.093750,-5.676270,6.774902,-125.549316
1493852631.030701,-0.932617,0.099609,-0.171875,-7.995605,4.943848,-129.089355
1493852631.033246,-1.053711,0.116211,-0.153809,-10.559082,4.150391,-134.521484
1493852631.035792,-0.897949,0.091797,-0.218262,-9.887695,2.624512,-140.014648
1493852631.038362,-1.024902,0.090820,-0.269531,-8.422852,4.028320,-144.165039
1493852631.041006,-1.061035,0.015137,-0.287598,-4.516602,4.089355,-145.507812
1493852631.043684,-1.065918,-0.034668,-0.373047,2.929688,0.732422,-140.808105
1493852631.046359,-1.094727,-0.070312,-0.337402,11.352539,-12.329102,-136.108398
1493852631.049066,-1.034180,0.004883,-0.345703,18.249512,-24.108887,-128.845215
1493852631.051774,-1.087402,-0.004395,-0.426270,21.545410,-30.029297,-126.159668
1493852631.054454,-1.116699,0.043457,-0.418945,23.559570,-29.357910,-129.089355
1493852631.057136,-0.976074,0.074219,-0.422363,23.620605,-23.315430,-135.498047
1493852631.059825,-0.952637,0.092773,-0.366699,22.583008,-15.441895,-143.005371
1493852631.062515,-0.948242,0.091797,-0.373047,25.085449,-10.070801,-148.254395
1493852631.065196,-0.916504,0.074219,-0.386719,29.174805,-9.704590,-150.329590
1493852631.067883,-0.976074,0.036621,-0.341797,33.813477,-11.230469,-150.695801
1493852631.070570,-0.989746,0.053711,-0.349609,39.184570,-13.122559,-148.620605
1493852631.073252,-0.951660,0.019043,-0.275391,44.860840,-14.892578,-148.376465
1493852631.075932,-0.978027,0.050781,-0.165527,48.034668,-13.488770,-149.536133
1493852631.078589,-1.057617,0.079590,-0.231934,51.696777,-12.939453,-152.404785
1493852631.081178,-1.083008,0.157715,-0.248047,53.588867,-13.244629,-156.738281
1493852631.083730,-1.109863,0.221680,-0.128906,57.922363,-14.038086,-161.132812
1493852631.086283,-1.134766,0.269043,-0.156738,62.805176,-13.671875,-165.222168
1493852631.088890,-1.197266,0.333008,-0.186523,67.321777,-13.732910,-168.212891
1493852631.091570,-1.337402,0.362793,-0.236328,71.166992,-14.953613,-170.959473
1493852631.094254,-1.251465,0.380859,-0.245605,72.753906,-15.075684,-173.522949
1493852631.096932,-1.259766,0.382812,-0.310547,71.105957,-13.366699,-175.231934
1493852631.099619,-1.303223,0.378906,-0.363770,74.462891,-18.127441,-176.940918
1493852631.102306,-1.279785,0.397461,-0.424316,78.491211,-21.484375,-179.687500
1493852631.104990,-1.280762,0.400391,-0.352051,85.632324,-25.024414,-181.213379
1493852631.107681,-1.257812,0.392578,-0.379883,93.261719,-27.587891,-184.875488
1493852631.110368,-1.277344,0.404785,-0.452637,102.844238,-30.700684,-190.002441
1493852631.113050,-1.268066,0.447754,-0.291016,109.069824,-35.095215,-197.753906
1493852631.115735,-1.312500,0.458984,-0.384766,114.746094,-41.931152,-206.665039
1493852631.118398,-1.294922,0.537109,-0.398438,118.103027,-48.950195,-217.163086
1493852631.120993,-1.295410,0.500488,-0.304199,119.567871,-55.053711,-230.102539
1493852631.123540,-1.320801,0.488770,-0.310547,119.750977,-57.922363,-244.140625
1493852631.126095,-1.332031,0.485840,-0.228027,117.858887,-56.823730,-261.169434
1493852631.128897,-1.368164,0.424316,-0.272949,113.891602,-55.053711,-279.907227
1493852631.131631,-1.374512,0.330078,-0.166992,104.797363,-50.659180,-298.889160
1493852631.134317,-1.342773,0.246582,-0.290527,78.918457,-47.729492,-316.711426
1493852631.137006,-1.365234,0.065918,-0.192383,84.777832,-46.997070,-332.641602
1493852631.139697,-1.385254,-0.047852,-0.364746,79.162598,-52.062988,-346.557617
1493852631.142384,-1.382812,-0.159668,-0.314453,76.416016,-56.762695,-357.177734
1493852631.145062,-1.344727,-0.221680,-0.334961,75.012207,-60.363770,-362.609863
1493852631.147749,-1.357422,-0.176758,-0.358398,79.650879,-77.941895,-358.459473
1493852631.150438,-1.455078,-0.099609,-0.462402,84.899902,-68.786621,-343.200684
1493852631.153121,-1.263184,-0.023926,-0.420898,88.928223,-76.782227,-322.021484
1493852631.155803,-1.379883,0.013672,-0.479492,89.904785,-75.561523,-302.307129
1493852631.158490,-1.363281,0.046875,-0.447266,89.721680,-60.913086,-290.954590
1493852631.161178,-1.365234,0.060059,-0.389648,88.562012,-37.109375,-292.358398
1493852631.163863,-1.312500,0.057617,-0.335938,91.918945,-20.019531,-301.635742
1493852631.166547,-1.270996,0.019043,-0.281738,94.604492,-17.517090,-315.795898
1493852631.169189,-1.294922,-0.034668,-0.332520,92.590332,-28.564453,-329.528809
1493852631.171839,-1.308594,-0.081055,-0.487305,88.500977,-47.851562,-339.233398
1493852631.174496,-1.267090,-0.052246,-0.535156,88.867188,-66.284180,-341.796875
1493852631.177075,-1.264160,-0.022949,-0.404785,92.346191,-79.772949,-342.102051
1493852631.179653,-1.214844,0.007324,-0.429199,97.412109,-83.557129,-338.012695
1493852631.182233,-1.211914,0.049805,-0.466309,107.421875,-78.430176,-328.735352
1493852631.184784,-1.171875,0.152344,-0.492676,111.877441,-68.237305,-314.819336
1493852631.187335,-1.099121,0.217773,-0.446777,120.239258,-47.058105,-298.278809
1493852631.189960,-1.072266,0.285645,-0.484375,126.708984,-52.429199,-281.066895
1493852631.192657,-1.001465,0.361328,-0.452637,125.366211,-45.837402,-264.221191
1493852631.195347,-0.923828,0.427734,-0.397949,120.666504,-42.541504,-249.023438
1493852631.198054,-0.877930,0.437988,-0.402832,114.379883,-42.602539,-237.243652
1493852631.200758,-0.854004,0.509766,-0.490234,113.525391,-40.710449,-228.088379
1493852631.203442,-0.788574,0.591309,-0.435059,114.501953,-37.597656,-223.083496
1493852631.206129,-0.672852,0.560059,-0.335938,117.126465,-31.311035,-223.510742
1493852631.208788,-0.731934,0.594238,-0.408203,126.464844,-19.470215,-225.524902
1493852631.211378,-0.640137,0.594238,-0.344238,145.019531,-3.723145,-227.416992
1493852631.213928,-0.593262,0.621582,-0.360840,175.476074,12.145996,-230.957031
1493852631.216486,-0.537598,0.590332,-0.344238,210.083008,23.681641,-233.215332
1493852631.219118,-0.401367,0.272461,-0.237793,229.431152,25.695801,-238.037109
1493852631.221747,-0.494141,0.119629,-0.210938,219.299316,18.310547,-247.619629
1493852631.224303,-0.461914,-0.237793,-0.159668,190.979004,2.380371,-265.869141
1493852631.226855,-0.451172,-0.315918,-0.012695,181.030273,-6.347656,-286.437988
1493852631.229491,-0.392578,-0.470703,0.086426,169.677734,-23.132324,-301.025391
1493852631.232133,-0.275391,-0.507812,0.108887,174.926758,-35.156250,-299.072266
1493852631.234689,-0.277344,-0.521484,0.175293,189.208984,-41.015625,-274.169922
1493852631.237243,-0.212402,-0.445801,0.104492,196.777344,-35.522461,-221.496582
1493852631.239876,-0.157715,-0.389648,0.055664,187.194824,-22.460938,-166.625977
1493852631.242575,-0.194336,-0.326660,0.032227,168.151855,-3.234863,-105.468750
1493852631.245260,-0.178223,-0.212402,-0.054688,145.874023,16.113281,-49.255371
1493852631.247952,-0.187988,-0.192383,0.008301,130.310059,33.508301,-23.376465
1493852631.250645,-0.231934,-0.100586,0.047852,112.304688,47.058105,-14.831543
1493852631.253335,-0.297852,0.047852,-0.336914,76.843262,40.283203,0.976562
1493852631.256014,-0.368164,0.208984,-0.357422,15.869141,9.094238,18.127441
1493852631.258702,-0.326660,0.257324,-0.096680,-47.119141,-30.273438,43.090820
1493852631.261394,-0.211914,0.130371,0.005371,-88.012695,-56.457520,69.091797
1493852631.264204,-0.216309,0.200195,-0.065430,-103.637695,-58.044434,92.773438
1493852631.266888,-0.157715,0.115234,0.052246,-106.933594,-46.020508,110.107422
1493852631.269531,-0.137695,0.108398,-0.040527,-112.487793,-31.127930,123.596191
1493852631.272108,-0.003418,0.122559,-0.096680,-116.821289,-18.310547,133.911133
1493852631.274663,-0.130859,0.157715,-0.097168,-129.455566,-12.084961,143.920898
1493852631.277216,-0.032715,0.219238,-0.132812,-142.272949,-10.192871,155.334473
1493852631.279831,-0.168457,0.262695,-0.062012,-151.855469,-6.286621,167.236328
1493852631.282514,-0.207031,0.320801,-0.135254,-158.081055,-0.671387,178.100586
1493852631.285197,-0.208008,0.318359,-0.215820,-157.531738,4.638672,186.706543
1493852631.287888,-0.253418,0.354980,-0.234863,-148.559570,7.873535,189.880371
1493852631.290581,-0.257324,0.341309,-0.185547,-139.648438,9.582520,187.927246
1493852631.293262,-0.365234,0.345215,-0.201172,-132.141113,9.155273,181.457520
1493852631.295943,-0.173340,0.339844,-0.198730,-127.502441,6.347656,173.278809
1493852631.298628,-0.290527,0.359863,-0.250488,-125.061035,5.615234,164.794922
1493852631.301321,-0.235352,0.257324,0.028320,-128.295898,14.648438,160.827637
1493852631.304005,-0.287109,0.337402,-0.253906,-132.995605,20.935059,140.747070
1493852631.306683,-0.356934,0.318848,-0.192383,-123.779297,11.901855,171.203613
1493852631.309367,-0.232422,0.287109,-0.257324,-119.079590,10.253906,158.264160
1493852631.312050,-0.202637,0.372559,-0.160645,-115.478516,9.582520,163.513184
1493852631.314733,-0.183105,0.259766,-0.126465,-110.229492,10.620117,169.677734
1493852631.317415,-0.171387,0.193359,-0.192383,-105.651855,8.605957,173.950195
1493852631.320041,-0.132812,0.190430,-0.193359,-100.646973,8.239746,176.635742
1493852631.322594,-0.162598,0.178711,-0.179199,-81.787109,7.995605,177.124023
1493852631.325144,-0.153320,0.221680,-0.238770,-89.904785,11.047363,176.940918
1493852631.327723,-0.154297,0.181641,-0.185059,-85.998535,13.183594,175.598145
1493852631.330372,-0.149902,0.222168,-0.233398,-82.275391,15.808105,171.936035
1493852631.333052,-0.175781,0.200684,-0.214844,-79.040527,19.165039,170.776367
1493852631.335737,-0.178711,0.196777,-0.169434,-75.500488,20.690918,170.532227
1493852631.338425,-0.231445,0.193359,-0.232422,-70.678711,22.399902,171.081543
1493852631.341106,-0.219727,0.184570,-0.136719,-69.641113,22.644043,173.461914
1493852631.343789,-0.130859,0.160645,-0.183594,-68.054199,23.681641,176.147461
1493852631.346474,-0.298828,0.117188,-0.201172,-67.016602,24.169922,180.297852
1493852631.349162,-0.306641,0.093262,-0.195312,-64.575195,25.451660,186.706543
1493852631.351851,-0.302246,0.050293,-0.194336,-62.744141,27.282715,193.664551
1493852631.354536,-0.324219,0.039551,-0.184570,-60.729980,28.259277,202.087402
1493852631.357216,-0.292480,0.008789,-0.208984,-58.654785,29.602051,207.153320
1493852631.359848,-0.294922,0.020996,-0.162109,-56.213379,30.395508,234.191895
1493852631.362413,-0.315918,-0.000488,-0.175781,-54.321289,30.395508,229.736328
1493852631.364966,-0.286133,0.037109,-0.155762,-52.001953,30.517578,240.783691
1493852631.367519,-0.341309,0.070801,-0.134766,-51.147461,30.090332,251.037598
1493852631.370128,-0.319824,0.073730,-0.123047,-47.180176,30.151367,261.901855
1493852631.372811,-0.311035,0.076172,-0.072266,-46.081543,30.883789,270.996094
1493852631.375495,-0.317871,0.009277,-0.017090,-42.419434,32.348633,277.587891
1493852631.378188,-0.360840,0.121094,-0.072266,-40.954590,33.264160,284.484863
1493852631.380877,-0.336426,0.170898,-0.180664,-39.855957,34.606934,290.100098
1493852631.383558,-0.370605,0.162598,-0.070801,-39.489746,36.132812,295.104980
1493852631.386241,-0.351562,0.179199,-0.142090,-39.550781,38.146973,299.011230
1493852631.388930,-0.377930,0.201172,-0.107422,-37.597656,41.198730,302.185059
1493852631.391615,-0.353027,0.207520,-0.101074,-36.010742,43.212891,304.931641
1493852631.394297,-0.399414,0.212891,-0.092773,-36.193848,46.386719,306.762695
1493852631.396981,-0.380859,0.212891,-0.162598,-36.193848,49.926758,307.373047
1493852631.399730,-0.410156,0.200195,-0.120605,-34.973145,53.039551,308.654785
1493852631.402305,-0.448730,0.203613,-0.173340,-33.996582,55.725098,312.133789
1493852631.404855,-0.474121,0.200195,-0.121094,-33.813477,58.471680,313.720703
1493852631.407406,-0.485840,0.164551,-0.126953,-33.203125,60.241699,317.626953
1493852631.410022,-0.493652,0.195801,-0.227051,-32.348633,62.927246,320.556641
1493852631.412709,-0.522461,0.202637,-0.140625,-33.264160,63.903809,324.951172
1493852631.415393,-0.536621,0.186523,-0.159668,-32.531738,63.476562,328.308105
1493852631.418088,-0.570801,0.189453,-0.173828,-33.081055,65.490723,331.970215
1493852631.420785,-0.505371,0.219238,-0.222656,-33.569336,65.612793,334.594727
1493852631.423472,-0.641113,0.198730,-0.190430,-34.545898,65.734863,336.914062
1493852631.426157,-0.664551,0.207031,-0.240234,-33.813477,67.749023,339.782715
1493852631.428873,-0.688477,0.235840,-0.285156,-16.174316,69.458008,342.712402
1493852631.431589,-0.669434,0.238770,-0.174805,-30.700684,71.533203,346.740723
1493852631.434273,-0.696289,0.244629,-0.236816,-30.883789,72.692871,349.060059
1493852631.436956,-0.683594,0.216797,-0.166992,-32.348633,74.157715,351.013184
1493852631.439672,-0.713867,0.218262,-0.238281,-32.653809,75.988770,352.905273
1493852631.442384,-0.753906,0.270020,-0.212402,-35.156250,77.880859,354.736328
1493852631.445067,-0.708496,0.274902,-0.208984,-39.123535,81.481934,355.224609
1493852631.447752,-0.717773,0.261719,-0.203613,-41.198730,85.266113,355.407715
1493852631.450369,-0.779785,0.269043,-0.216309,-42.236328,87.097168,356.445312
1493852631.452921,-0.775391,0.289551,-0.208984,-43.457031,89.050293,356.994629
1493852631.455470,-0.800293,0.306152,-0.227051,-47.546387,90.759277,358.093262
1493852631.458037,-0.851562,0.281250,-0.203613,-49.682617,91.857910,374.511719
1493852631.460664,-0.836426,0.277344,-0.138672,-52.490234,93.322754,360.534668
1493852631.463328,-0.877441,0.265625,-0.249512,-53.466797,94.970703,361.633301
1493852631.465993,-0.886230,0.264648,-0.262695,-54.870605,94.848633,362.976074
1493852631.468678,-0.963867,0.247559,-0.173340,-55.541992,93.505859,364.318848
1493852631.471365,-1.046387,0.274902,-0.224609,-55.053711,90.759277,365.234375
1493852631.474032,-1.099121,0.282715,-0.227051,-54.260254,87.341309,365.600586
1493852631.476698,-1.121094,0.328125,-0.197266,-52.124023,83.068848,363.769531
1493852631.479371,-1.179688,0.333984,-0.152832,-51.635742,80.993652,359.252930
1493852631.482041,-1.241699,0.310059,-0.283691,-49.865723,80.322266,353.515625
1493852631.484709,-1.274902,0.304199,-0.247559,-50.231934,82.763672,346.069336
1493852631.487375,-1.277344,0.261230,-0.248535,-47.790527,88.745117,341.796875
1493852631.490200,-1.280762,0.242188,-0.321777,-43.823242,96.069336,339.538574
1493852631.492970,-1.336426,0.195312,-0.379883,-37.658691,103.088379,338.806152
1493852631.495520,-1.464844,0.187988,-0.320312,-40.161133,102.966309,340.698242
1493852631.498107,-1.420898,0.227051,-0.431152,-48.706055,99.731445,341.308594
1493852631.500699,-1.463867,0.231445,-0.330078,-55.847168,90.759277,338.745117
1493852631.503250,-1.486328,0.241699,-0.362793,-58.105469,83.557129,330.139160
1493852631.505794,-1.606445,0.225586,-0.349121,-54.626465,84.228516,324.096680
1493852631.508353,-1.425293,0.168945,-0.347168,-52.429199,95.336914,310.058594
1493852631.510913,-1.501465,0.128906,-0.439453,-56.701660,112.426758,295.715332
1493852631.513461,-1.537109,0.023438,-0.378906,-76.232910,128.662109,286.621094
1493852631.516013,-1.575195,-0.047852,-0.429199,-71.105957,138.488770,280.944824
1493852631.518622,-1.681641,-0.104492,-0.462402,-82.336426,141.174316,281.188965
1493852631.521228,-1.679688,-0.179199,-0.401855,-90.942383,139.404297,283.142090
1493852631.523774,-1.710938,-0.206055,-0.434082,-95.581055,133.972168,287.109375
1493852631.526320,-1.626465,-0.272949,-0.407715,-96.679688,130.676270,291.381836
1493852631.528929,-1.784668,-0.289551,-0.375000,-97.106934,129.272461,309.814453
1493852631.531607,-1.792969,-0.315918,-0.460449,-100.158691,129.272461,302.124023
1493852631.534326,-1.791016,-0.328613,-0.425781,-103.942871,127.807617,312.988281
1493852631.537164,-1.660156,-0.318359,-0.391113,-104.187012,124.328613,341.430664
1493852631.539857,-1.673828,-0.327637,-0.383301,-102.966309,121.093750,354.125977
1493852631.542538,-1.641113,-0.296875,-0.341797,-101.440430,117.065430,348.022461
1493852631.545212,-1.646973,-0.224609,-0.330566,-98.205566,114.135742,351.928711
1493852631.547906,-1.579590,-0.197754,-0.284668,-95.153809,113.891602,348.266602
1493852631.550527,-1.532715,-0.193359,-0.239746,-94.116211,116.149902,341.369629
1493852631.553082,-1.534668,-0.196289,-0.207520,-92.712402,119.567871,331.848145
1493852631.555636,-1.481934,-0.202637,-0.233398,-92.651367,125.427246,321.960449
1493852631.558192,-1.482422,-0.244141,-0.117188,-93.872070,129.882812,313.842773
1493852631.560749,-1.509277,-0.263672,-0.180664,-93.261719,131.408691,307.067871
1493852631.563302,-1.528320,-0.298828,-0.176758,-93.078613,133.239746,302.062988
1493852631.565853,-1.526367,-0.313477,-0.098633,-91.064453,130.798340,299.621582
1493852631.568431,-1.523438,-0.339844,-0.152832,-88.378906,125.854492,295.288086
1493852631.571082,-1.580078,-0.373047,-0.229980,-86.425781,120.422363,290.283203
1493852631.573767,-1.542480,-0.409668,-0.297363,-84.106445,112.915039,284.362793
1493852631.576452,-1.543945,-0.499512,-0.260254,-84.960938,104.858398,277.832031
1493852631.579147,-1.494141,-0.587402,-0.306641,-83.862305,97.351074,272.094727
1493852631.581839,-1.484375,-0.735352,-0.345703,-86.425781,92.407227,265.625000
1493852631.584523,-1.392090,-0.854980,-0.316895,-91.491699,88.378906,256.958008
1493852631.587209,-1.252441,-0.970215,-0.208984,-94.482422,88.256836,248.596191
1493852631.589898,-1.281250,-1.236816,-0.239746,-98.449707,88.745117,239.318848
1493852631.592589,-1.215820,-1.264160,-0.199219,-101.501465,88.500977,228.637695
1493852631.595277,-1.220703,-1.433105,-0.093262,-102.233887,88.134766,216.552734
1493852631.597968,-1.146484,-1.549805,0.031738,-105.590820,88.256836,203.430176
1493852631.600657,-1.017578,-1.677734,-0.001465,-107.116699,86.791992,188.964844
1493852631.603342,-1.124512,-1.870605,0.205078,-104.736328,85.937500,174.377441
1493852631.606030,-1.103516,-1.804688,0.329102,-103.149414,84.228516,158.447266
1493852631.608698,-1.046875,-1.840820,0.336914,-100.891113,80.810547,141.479492
1493852631.611296,-1.064453,-1.846680,0.321777,-93.383789,63.537598,124.206543
1493852631.613849,-1.040527,-1.794434,0.224609,-83.251953,71.899414,105.529785
1493852631.616401,-1.036621,-1.708984,0.166504,-72.082520,62.866211,84.472656
1493852631.618996,-1.044434,-1.607422,0.237793,-59.448242,49.926758,57.556152
1493852631.621658,-1.057617,-1.409180,0.004883,-49.804688,35.827637,31.005859
1493852631.624341,-0.948730,-1.257324,-0.024414,-48.278809,20.568848,-3.540039
1493852631.627023,-0.876465,-1.065430,-0.182617,-55.419922,8.605957,-48.522949
1493852631.629709,-0.808105,-0.958496,-0.229004,-77.270508,-6.958008,-118.774414
1493852631.632398,-0.765137,-1.017090,-0.207520,-101.501465,-18.798828,-137.939453
1493852631.635081,-0.872070,-1.233887,-0.184570,-112.854004,-27.587891,-171.325684
1493852631.637770,-1.083496,-1.447266,-0.027344,-100.036621,-39.184570,-177.734375
1493852631.640460,-1.094727,-1.558105,-0.080566,-64.941406,-52.062988,-154.113770
1493852631.643147,-1.154785,-1.476562,-0.118652,-32.592773,-52.429199,-113.769531
1493852631.645833,-1.132812,-1.204590,-0.136719,-24.047852,-37.841797,-85.998535
1493852631.648527,-1.045898,-1.064453,-0.171875,-32.775879,-24.230957,-78.552246
1493852631.651215,-0.958008,-0.912109,-0.090820,-32.165527,-17.333984,-79.284668
1493852631.653902,-0.841309,-0.794434,-0.144531,-28.808594,-14.770508,-81.970215
1493852631.656587,-0.791992,-0.706543,-0.119141,-19.165039,-16.235352,-89.172363
1493852631.659236,-0.733398,-0.624512,-0.005859,-16.723633,-18.493652,-100.463867
1493852631.661822,-0.706543,-0.602051,-0.216309,-22.460938,-16.845703,-116.821289
1493852631.664375,-0.685059,-0.542969,-0.218750,-32.958984,-14.831543,-130.493164
1493852631.666926,-0.877441,-0.184570,-0.679199,-48.461914,-13.122559,-143.005371
1493852631.669586,-0.925293,-0.090820,-1.052734,-53.405762,-1.037598,-167.785645
1493852631.672426,-0.947266,-0.023926,0.005371,-2.136230,61.706543,-194.213867
1493852631.675111,-0.685547,-0.357422,-0.173340,-21.606445,123.291016,-212.463379
1493852631.677798,-0.694336,-0.320312,-0.404785,-22.155762,173.828125,-220.703125
1493852631.680488,-0.897949,-0.138184,-0.832031,17.333984,188.110352,-224.731445
1493852631.683172,-1.019531,0.093750,-0.384766,93.200684,205.505371,-219.726562
1493852631.685856,-1.444824,0.523926,-0.455078,111.938477,212.951660,-200.744629
1493852631.688548,-2.104980,1.518555,0.081543,116.516113,200.744629,-171.020508
1493852631.691236,-3.937988,2.850586,0.253906,128.540039,192.993164,-142.822266
1493852631.693916,-4.556152,3.005859,0.098633,158.142090,176.635742,-142.517090
1493852631.696597,-3.467285,2.062012,-0.220215,174.072266,137.878418,-206.298828
1493852631.699284,-1.210938,1.183105,-0.585449,160.583496,53.894043,-286.315918
1493852631.701970,0.002930,0.458984,-0.660645,150.939941,-72.998047,-331.726074
1493852631.704656,0.444824,-0.021484,-0.457520,156.982422,-198.303223,-362.182617
1493852631.707341,0.273438,-0.433594,-0.091797,156.860352,-262.817383,-430.603027
1493852631.709975,-0.194824,-0.712402,0.155762,123.535156,-237.731934,-540.588379
1493852631.712537,-0.565430,-0.841797,0.180664,67.138672,-148.681641,-663.208008
1493852631.715089,-0.763672,-0.952637,-0.099609,38.635254,-49.987793,-719.909668
1493852631.717644,-0.961914,-1.262695,-0.394043,27.648926,21.301270,-697.143555
1493852631.720327,-1.289062,-1.455078,-0.580566,-0.366211,56.945801,-645.812988
1493852631.723010,-1.713867,-1.394043,-0.535645,-36.010742,32.165527,-584.838867
1493852631.725689,-1.884766,-1.321289,-0.500488,-59.082031,-24.169922,-515.991211
1493852631.728375,-1.916016,-1.284668,-0.218262,-49.743652,-109.375000,-442.382812
1493852631.731061,-1.898438,-1.259277,0.088867,-16.479492,-138.488770,-356.201172
1493852631.733743,-1.708008,-1.090820,0.196289,28.808594,-194.458008,-251.342773
1493852631.736427,-1.327637,-0.820801,0.248047,70.373535,-209.289551,-138.061523
1493852631.739117,-1.142578,-0.462891,0.108398,97.900391,-196.838379,-33.569336
1493852631.741806,-0.826172,-0.018066,0.083496,112.609863,-174.011230,49.438477
1493852631.744490,-0.565430,0.302246,-0.002930,121.948242,-158.203125,101.928711
1493852631.747175,-0.420898,0.515625,-0.053711,134.582520,-152.282715,121.643066
1493852631.749824,-0.047852,0.798340,-0.182617,161.437988,-149.291992,102.600098
1493852631.752402,0.012695,0.976074,-0.238281,197.998047,-149.414062,93.200684
1493852631.754957,0.190918,1.071777,-0.347168,230.590820,-138.183594,41.809082
1493852631.757510,0.479004,1.056152,-0.207520,203.918457,-108.398438,-30.029297
1493852631.760113,0.358398,1.174316,-0.733887,210.510254,-67.687988,-124.877930
1493852631.762761,0.144043,1.018555,-1.513184,193.664551,-21.179199,-235.595703
1493852631.765404,0.410156,0.948242,-1.581055,133.789062,36.254883,-340.209961
1493852631.768093,0.331055,0.640625,-1.733887,23.437500,74.829102,-415.161133
1493852631.770806,0.082520,0.175293,-1.511230,-112.304688,65.734863,-461.120605
1493852631.773488,-0.498047,-0.354004,-1.197754,-244.018555,44.067383,-483.459473
1493852631.776171,-0.752441,-0.864258,-0.533203,-338.867188,-33.081055,-500.061035
1493852631.778880,-1.205566,-1.491211,-0.024902,-376.831055,-141.479492,-510.742188
1493852631.781589,-1.476562,-1.732910,0.576660,-347.656250,-240.112305,-506.591797
1493852631.784271,-1.717285,-2.048828,0.630371,-260.253906,-283.447266,-455.688477
1493852631.786954,-1.724609,-2.116699,0.488281,-135.498047,-297.851562,-338.012695
1493852631.789622,-1.527832,-1.947266,0.368652,-26.184082,-240.112305,-173.217773
1493852631.792222,-1.151855,-1.544434,0.294922,29.663086,-157.104492,-9.277344
1493852631.794770,-0.881836,-1.123047,0.059570,31.555176,-86.425781,121.643066
1493852631.797328,-0.754883,-0.518066,0.107422,9.582520,-55.480957,160.156250
1493852631.799948,-0.674316,-0.365234,0.159668,-16.296387,-64.697266,210.815430
1493852631.802632,-0.601074,0.084961,0.168457,-28.503418,-90.148926,217.102051
1493852631.805429,-0.447266,0.431152,0.166504,-17.211914,-115.661621,185.852051
1493852631.808119,-0.314453,0.630859,0.077637,12.084961,-116.210938,132.690430
1493852631.810804,-0.302734,0.506348,-0.121094,43.823242,-88.989258,75.012207
1493852631.813490,-0.475098,0.606934,-0.125488,67.260742,-53.405762,25.390625
1493852631.816174,-0.551758,0.539062,-0.117188,57.128906,-50.903320,-14.038086
1493852631.818882,-0.573730,0.425781,0.322266,14.953613,-19.592285,-40.649414
1493852631.821590,-0.570801,0.261230,0.070312,-22.277832,-18.798828,-59.204102
1493852631.824276,-0.625977,0.005859,-0.091797,-45.898438,-7.690430,-73.364258
1493852631.826959,-0.590820,-0.099121,-0.351562,-39.306641,18.676758,-89.294434
1493852631.829663,-0.563477,-0.219238,-0.393066,-60.913086,45.288086,-104.553223
1493852631.832369,-0.603516,-0.272461,-0.335449,-50.354004,55.908203,-113.891602
1493852631.835053,-0.748047,-0.241211,-0.326660,-58.349609,50.903320,-114.318848
1493852631.837739,-0.669434,-0.209961,-0.114746,-64.697266,32.409668,-103.637695
1493852631.840361,-0.747559,-0.148438,0.087891,-59.204102,3.295898,-86.486816
1493852631.842917,-0.770996,-0.135254,0.008301,-44.433594,-6.164551,-67.504883
1493852631.845475,-0.804199,-0.130371,0.147461,-22.399902,-24.475098,-53.527832
1493852631.848044,-0.801758,-0.161133,0.038574,0.061035,-39.428711,-32.531738
1493852631.850678,-0.839355,-0.139648,0.036621,8.117676,-37.902832,-40.588379
1493852631.853361,-0.886230,-0.129883,0.002930,10.192871,-31.127930,-37.597656
1493852631.856046,-0.810059,-0.085449,-0.052246,6.286621,-20.812988,-35.461426
1493852631.858734,-0.763184,-0.060059,-0.017578,6.469727,-13.671875,-35.156250
1493852631.861423,-0.771484,-0.028809,-0.056641,5.615234,-6.896973,-36.865234
1493852631.864103,-0.686523,0.001465,-0.223633,6.347656,-2.258301,-39.672852
1493852631.866786,-0.680176,0.036133,-0.168457,3.601074,3.662109,-43.579102
1493852631.869489,-0.664062,0.075684,-0.224121,1.953125,6.835938,-47.912598
1493852631.872189,-0.716797,0.083984,-0.171875,-0.122070,8.544922,-52.734375
1493852631.874866,-0.601562,0.027344,-0.147949,-1.647949,10.009766,-55.175781
1493852631.877543,-0.613281,-0.015137,-0.059570,-0.793457,10.070801,-57.678223
1493852631.880235,-0.619629,-0.039062,-0.224609,0.549316,12.329102,-57.189941
1493852631.882918,-0.606934,-0.108887,-0.081543,0.183105,13.305664,-54.443359
1493852631.885603,-0.503418,-0.126465,-0.077148,1.953125,14.099121,-51.025391
1493852631.888278,-0.631348,-0.157227,-0.137695,4.943848,12.573242,-45.288086
1493852631.890879,-0.642090,-0.159180,-0.123047,8.666992,12.207031,-39.184570
1493852631.893428,-0.659668,-0.142578,-0.156250,12.268066,12.023926,-33.142090
1493852631.895980,-0.678711,-0.008789,-0.168457,13.366699,10.192871,-28.503418
1493852631.898561,-0.653809,-0.121094,-0.143066,15.502930,10.375977,-23.559570
1493852631.901213,-0.679199,-0.096680,-0.116211,16.357422,10.253906,-19.226074
1493852631.903902,-0.654785,-0.079590,-0.182617,18.188477,11.474609,-1.708984
1493852631.906584,-0.630859,-0.055664,-0.196777,20.019531,11.291504,-13.916016
1493852631.909274,-0.670898,-0.068359,-0.164551,22.399902,9.338379,-12.084961
1493852631.911961,-0.652344,-0.022949,-0.187500,24.902344,10.070801,-10.620117
1493852631.914649,-0.640137,-0.060547,-0.126953,24.841309,8.422852,-10.681152
1493852631.917333,-0.668457,-0.059570,-0.210449,23.437500,7.812500,-10.742188
1493852631.920023,-0.667480,-0.055664,-0.196777,24.902344,6.652832,-11.047363
1493852631.922714,-0.744629,-0.070312,-0.160645,24.963379,8.728027,-10.314941
1493852631.925398,-0.551758,-0.071289,-0.146484,26.306152,10.498047,-8.300781
1493852631.928091,-0.666992,-0.051758,-0.242188,27.038574,11.108398,-7.080078
1493852631.930782,-0.694824,-0.075195,-0.250000,26.306152,11.718750,-6.713867
1493852631.933465,-0.710449,-0.048340,-0.076172,22.949219,8.666992,-6.652832
1493852631.936146,-0.751465,-0.014648,-0.070801,16.113281,2.868652,-8.605957
1493852631.938828,-0.837402,-0.022461,-0.116211,13.000488,-3.417969,-7.995605
1493852631.941441,-0.844727,-0.119141,-0.051758,29.968262,-8.850098,-6.225586
1493852631.943988,-0.875488,-0.125000,-0.065918,19.409180,-10.559082,-5.004883
1493852631.946656,-0.840820,-0.017090,-0.042480,26.184082,-11.901855,-3.845215
1493852631.949236,-0.864746,-0.002441,-0.011719,30.090332,-9.460449,-2.441406
1493852631.951809,-0.836426,-0.008301,-0.200684,30.334473,-6.591797,-3.356934
1493852631.954351,-0.814453,-0.014648,-0.208496,27.893066,-7.812500,-4.028320
1493852631.956893,-0.807617,-0.027344,-0.134766,25.878906,-11.169434,-5.615234
1493852631.959512,-0.767090,-0.038574,-0.150879,24.414062,-13.977051,-7.934570
1493852631.962204,-0.794434,-0.024902,-0.214844,25.573730,-16.357422,-9.155273
1493852631.964885,-0.743164,-0.000488,-0.214844,28.442383,-21.118164,-9.704590
1493852631.967566,-0.738281,-0.027344,-0.148926,30.456543,-23.437500,-10.253906
1493852631.970249,-0.690430,-0.024902,-0.208496,31.372070,-24.597168,-11.291504
1493852631.972930,-0.695312,-0.025879,-0.217773,46.508789,-23.742676,-11.596680
1493852631.975613,-0.641113,-0.028320,-0.158203,15.930176,-22.521973,-10.925293
1493852631.978303,-0.652344,-0.049316,-0.169434,31.005859,-21.301270,-10.437012
1493852631.980996,-0.648438,-0.016113,-0.238770,30.151367,-19.348145,-11.291504
1493852631.983680,-0.650879,-0.022949,-0.188965,28.930664,-17.822266,-12.268066
1493852631.986364,-0.645508,-0.014160,-0.168945,30.029297,-17.272949,-12.695312
1493852631.989071,-0.632324,-0.031738,-0.226562,31.250000,-17.517090,-13.366699
1493852631.991783,-0.642090,0.002441,-0.229980,31.433105,-16.113281,-14.465332
1493852631.994473,-0.748047,-0.051758,-0.108398,30.944824,-14.953613,-12.939453
1493852631.997159,-0.629883,-0.056152,-0.175293,33.386230,-15.075684,-10.620117
1493852631.999807,-0.621094,-0.058105,-0.127930,35.949707,-14.770508,-6.591797
1493852632.002386,-0.608887,-0.047363,-0.156250,35.949707,-15.380859,-2.868652
1493852632.004939,-0.592285,-0.034668,-0.199219,37.658691,-16.235352,-1.464844
1493852632.007490,-0.638672,-0.052246,-0.241211,40.283203,-15.991211,-0.854492
1493852632.010130,-0.618652,-0.026855,-0.176758,41.809082,-14.892578,-1.098633
1493852632.012813,-0.600098,0.004395,-0.142578,42.053223,-15.197754,-4.211426
1493852632.015497,-0.525879,-0.014160,-0.113281,40.771484,-14.648438,-9.155273
1493852632.018184,-0.589844,0.000000,-0.128418,41.137695,-13.793945,-13.366699
1493852632.020871,-0.580566,-0.008789,-0.095703,40.527344,-12.634277,-16.601562
1493852632.023554,-0.561035,-0.018555,-0.005859,38.452148,-11.230469,-18.554688
1493852632.026239,-0.577637,-0.049805,-0.007812,38.696289,-10.986328,-18.371582
1493852632.028930,-0.582031,-0.032227,-0.136230,37.597656,-10.314941,-17.211914
1493852632.031624,-0.548340,-0.028320,-0.062988,37.414551,-10.070801,-15.686035
1493852632.034311,-0.567871,-0.060059,-0.082520,36.743164,-8.972168,-13.427734
1493852632.036996,-0.530762,-0.052246,-0.062500,36.254883,-8.422852,-12.756348
1493852632.039637,-0.564453,-0.075195,-0.076172,35.400391,-6.225586,-11.657715
1493852632.042204,-0.560547,-0.063965,-0.043457,34.484863,-6.408691,-12.329102
1493852632.044756,-0.535156,-0.067871,-0.065430,33.264160,-6.103516,-13.244629
1493852632.047312,-0.577637,-0.058594,-0.056152,33.142090,-5.065918,-13.366699
1493852632.049872,-0.538574,-0.040039,-0.022461,32.043457,-4.028320,-14.221191
1493852632.052434,-0.589844,-0.056152,0.062988,29.724121,-4.211426,-14.526367
1493852632.054986,-0.556641,-0.049805,-0.012695,30.395508,-3.601074,-13.977051
1493852632.057534,-0.561035,-0.050781,-0.044434,28.442383,-1.647949,-14.587402
1493852632.060122,-0.619629,-0.087402,-0.098633,27.160645,-0.122070,-15.197754
1493852632.062799,-0.581543,-0.089844,-0.083984,26.977539,0.061035,-15.075684
1493852632.065480,-0.617188,-0.114258,-0.011230,27.832031,0.061035,-14.831543
1493852632.068168,-0.503418,-0.116211,-0.150879,27.038574,0.183105,-14.526367
1493852632.070858,-0.620605,-0.097656,-0.147461,28.015137,-0.793457,-14.343262
1493852632.073549,-0.611328,-0.076172,-0.216797,29.052734,-1.953125,-13.244629
1493852632.076236,-0.583984,-0.079102,-0.114746,29.357910,-4.943848,-12.145996
1493852632.078925,-0.583496,-0.093262,-0.200195,31.860352,-5.981445,-11.108398
1493852632.081725,-0.557617,-0.081543,-0.197754,32.775879,-9.155273,-10.925293
1493852632.084405,-0.587891,-0.088379,-0.224121,33.569336,-9.216309,-10.803223
1493852632.087088,-0.568359,-0.079590,-0.180664,33.813477,-9.826660,-11.352539
1493852632.089724,-0.587402,-0.110840,-0.192383,33.508301,-8.422852,-11.413574
1493852632.092294,-0.539062,-0.113281,-0.111816,33.142090,-7.751465,-11.901855
1493852632.094849,-0.561035,-0.125488,-0.172852,33.996582,-7.751465,-10.498047
1493852632.097401,-0.565430,-0.120117,-0.141113,33.752441,-7.812500,-9.765625
1493852632.100046,-0.520996,-0.101074,-0.142578,35.949707,-9.338379,-7.629395
1493852632.102761,-0.549805,-0.102539,-0.102051,35.156250,-10.742188,-6.896973
1493852632.105445,-0.556152,-0.071777,-0.157715,35.461426,-10.253906,-7.873535
1493852632.108135,-0.591797,-0.013184,-0.140625,33.813477,-11.291504,-10.498047
1493852632.110827,-0.562500,-0.013184,-0.122559,30.822754,-10.192871,-16.967773
1493852632.113513,-0.583008,-0.053223,-0.062012,29.357910,-6.652832,-22.399902
1493852632.116192,-0.601074,-0.024414,-0.113281,28.259277,-3.967285,-24.719238
1493852632.118881,-0.599121,-0.056152,-0.073730,25.329590,-1.525879,-27.465820
1493852632.121570,-0.631348,-0.084473,-0.116211,25.817871,1.953125,-28.015137
1493852632.124251,-0.617188,-0.120117,-0.116699,26.550293,3.234863,-25.512695
1493852632.126933,-0.563965,-0.096680,-0.097656,26.916504,1.098633,-22.644043
1493852632.129617,-0.503418,-0.096191,-0.065430,26.489258,-0.671387,-24.230957
1493852632.132304,-0.627930,-0.047363,-0.070312,24.597168,-2.075195,-27.893066
1493852632.134984,-0.592285,-0.047852,-0.036133,22.888184,-1.708984,-33.325195
1493852632.137672,-0.656250,-0.028809,-0.016602,21.545410,-2.197266,-35.949707
1493852632.140290,-0.661621,-0.018555,-0.077637,21.301270,-2.441406,-38.330078
1493852632.142841,-0.746094,-0.035156,-0.038086,17.761230,-0.854492,-38.452148
1493852632.145475,-0.661621,-0.071777,-0.001465,18.432617,0.610352,-36.865234
1493852632.148203,-0.692383,-0.069336,-0.090820,17.272949,2.868652,-35.156250
1493852632.150897,-0.678711,-0.061523,-0.058594,16.906738,2.380371,-34.423828
1493852632.153586,-0.715820,-0.067871,-0.067871,16.235352,0.366211,-35.217285
1493852632.156271,-0.672852,-0.046387,-0.076172,18.737793,-0.366211,-36.621094
1493852632.159730,-0.667480,-0.057617,-0.095703,19.714355,-0.488281,-37.902832
1493852632.162422,-0.693359,-0.047852,-0.023438,18.432617,-0.732422,-42.175293
1493852632.165107,-0.692871,-0.055664,-0.086914,17.639160,0.549316,-44.189453
1493852632.167794,-0.685547,-0.038574,-0.070801,18.615723,0.915527,-46.081543
1493852632.170479,-0.690918,-0.047363,-0.069336,15.563965,2.807617,-50.354004
1493852632.173166,-0.716797,-0.039062,-0.014648,15.625000,3.051758,-53.100586
1493852632.175848,-0.695312,-0.035156,-0.012207,15.502930,3.601074,-57.617188
1493852632.178534,-0.683594,-0.008301,-0.054688,15.197754,4.455566,-61.462402
1493852632.181223,-0.726074,0.017578,-0.092773,15.686035,5.676270,-64.270020
1493852632.183906,-0.714844,0.004883,-0.009277,13.916016,5.737305,-65.307617
1493852632.186593,-0.714355,-0.002441,-0.132324,11.230469,5.798340,-65.490723
1493852632.189248,-0.755371,0.002441,-0.039551,9.887695,4.699707,-65.490723
1493852632.191820,-0.775391,0.001465,-0.108398,9.094238,3.173828,-64.697266
1493852632.194368,-0.774414,-0.101562,-0.090820,7.568359,0.915527,-66.833496
1493852632.196917,-0.810547,0.020996,-0.011230,6.835938,-2.441406,-67.382812
1493852632.199488,-0.817871,0.052246,-0.052246,5.737305,-4.150391,-70.129395
1493852632.202068,-0.806152,0.039062,-0.051758,4.272461,-6.286621,-73.791504
1493852632.204623,-0.864746,0.052246,-0.146484,3.112793,-7.934570,-78.552246
1493852632.207172,-0.862793,0.073730,-0.072754,1.892090,-9.521484,-84.411621
1493852632.209772,-0.860840,0.091309,-0.101562,1.037598,-10.314941,-89.111328
1493852632.212375,-0.891602,0.072754,-0.007324,-1.159668,-10.681152,-94.360352
1493852632.214927,-0.914551,0.082520,-0.036621,-3.173828,-11.596680,-97.717285
1493852632.217477,-0.915527,0.056641,-0.065918,-3.845215,-11.169434,-99.914551
1493852632.220053,-0.916992,0.050781,-0.097168,-6.103516,-11.535645,-102.905273
1493852632.222716,-0.958984,0.060547,-0.015137,-7.080078,-11.596680,-106.445312
1493852632.225262,-0.931641,0.078613,-0.090820,-6.896973,-14.099121,-109.558105
1493852632.227865,-1.005371,0.070312,-0.057617,-7.446289,-16.235352,-111.694336
1493852632.230681,-1.029297,0.094238,-0.087402,-9.582520,-18.432617,-115.478516
1493852632.233365,-1.115234,0.072266,-0.113281,-8.666992,-20.019531,-118.347168
1493852632.236042,-1.021484,0.080566,-0.139648,-8.361816,-20.751953,-120.544434
1493852632.238725,-1.042480,0.022461,-0.222168,-5.432129,-23.742676,-118.652344
1493852632.241411,-1.047852,-0.024902,-0.220703,14.709473,-32.287598,-112.182617
1493852632.244094,-1.054688,0.007324,-0.272461,2.990723,-43.457031,-102.600098
1493852632.246773,-1.068848,0.006836,-0.236328,8.544922,-52.551270,-95.947266
1493852632.249430,-1.052734,0.126953,-0.281250,13.549805,-54.138184,-100.158691
1493852632.252021,-1.039062,0.183105,-0.376953,13.732910,-52.673340,-119.506836
1493852632.254570,-1.043945,0.231445,-0.306152,11.657715,-44.006348,-143.981934
1493852632.257124,-0.994141,0.183105,-0.386230,7.446289,-31.738281,-164.733887
1493852632.259732,-0.974121,0.134766,-0.300293,5.432129,-21.118164,-186.645508
1493852632.262400,-0.943848,0.044922,-0.374512,6.530762,-16.296387,-175.170898
1493852632.265064,-0.946777,0.012207,-0.445312,9.765625,-16.113281,-170.471191
1493852632.267732,-0.964844,0.017578,-0.337891,13.427734,-18.432617,-165.283203
1493852632.270407,-0.973633,-0.000488,-0.320312,18.066406,-22.888184,-162.109375
1493852632.273076,-0.978516,0.042480,-0.364746,24.291992,-25.268555,-162.841797
1493852632.275805,-0.990723,0.054199,-0.257812,32.104492,-26.489258,-165.832520
1493852632.278546,-1.037109,0.064453,-0.243652,37.780762,-26.184082,-169.677734
1493852632.281224,-1.042480,0.100586,-0.318848,42.236328,-28.137207,-171.997070
1493852632.283894,-1.059570,0.172852,-0.210449,49.682617,-28.930664,-174.377441
1493852632.286565,-1.090820,0.214844,-0.129883,51.025391,-31.982422,-176.025391
1493852632.289258,-1.093262,0.314453,-0.238281,50.903320,-35.461426,-177.612305
1493852632.291951,-1.153809,0.328613,-0.185059,50.598145,-38.330078,-181.701660
1493852632.294622,-1.176758,0.307129,-0.175293,51.879883,-39.855957,-187.377930
1493852632.297294,-1.212402,0.354980,-0.285156,50.964355,-41.076660,-194.396973
1493852632.299915,-1.129883,0.330566,-0.248535,49.682617,-41.992188,-200.927734
1493852632.302489,-1.300293,0.280762,-0.252930,50.720215,-43.090820,-208.801270
1493852632.305058,-1.284668,0.279297,-0.378906,53.344727,-47.058105,-216.003418
1493852632.307610,-1.267090,0.269531,-0.326172,60.974121,-50.476074,-223.327637
1493852632.310158,-1.256348,0.314941,-0.468262,69.885254,-55.053711,-227.844238
1493852632.312706,-1.232910,0.337402,-0.404297,81.970215,-59.631348,-236.755371
1493852632.315253,-1.136719,0.356445,-0.414062,96.374512,-64.636230,-245.544434
1493852632.317855,-1.208008,0.398438,-0.496094,101.623535,-68.115234,-255.859375
1493852632.320478,-1.189453,0.491211,-0.373047,107.299805,-69.702148,-266.784668
1493852632.323029,-1.152832,0.335449,-0.406250,109.252930,-67.443848,-277.343750
1493852632.325577,-1.120605,0.222168,-0.409668,101.928711,-49.621582,-285.278320
1493852632.328195,-1.151855,0.087891,-0.401855,88.623047,-58.349609,-290.893555
1493852632.330814,-1.217285,-0.105957,-0.317871,68.054199,-51.513672,-291.992188
1493852632.333364,-1.283203,-0.055176,-0.391113,46.997070,-47.607422,-290.649414
1493852632.335916,-1.411621,-0.229980,-0.375000,35.339355,-44.616699,-287.292480
1493852632.338563,-1.417969,-0.178711,-0.226562,36.437988,-39.062500,-284.912109
1493852632.341273,-1.511719,-0.240234,-0.320312,48.034668,-31.250000,-287.475586
1493852632.343946,-1.513184,-0.237793,-0.222656,65.551758,-25.573730,-294.738770
1493852632.346613,-1.534180,-0.191406,-0.393066,84.960938,-25.634766,-305.541992
1493852632.349284,-1.540527,-0.101074,-0.351562,102.355957,-32.958984,-315.673828
1493852632.351958,-1.542969,-0.004395,-0.404785,110.290527,-44.616699,-322.753906
1493852632.354631,-1.505859,0.034668,-0.464355,115.539551,-54.626465,-323.913574
1493852632.357414,-1.536133,0.079590,-0.429199,106.811523,-60.485840,-321.105957
1493852632.360096,-1.480469,0.113770,-0.416016,101.928711,-61.157227,-315.673828
1493852632.362766,-1.454590,0.061523,-0.380371,93.688965,-57.556152,-310.485840
1493852632.365435,-1.358398,-0.031738,-0.475586,83.312988,-52.490234,-307.434082
1493852632.368114,-1.369141,-0.112305,-0.383301,75.805664,-47.180176,-306.579590
1493852632.370800,-1.286621,-0.187988,-0.470703,77.087402,-44.555664,-307.739258
1493852632.373484,-1.240723,-0.190918,-0.377930,81.604004,-42.968750,-308.654785
1493852632.376168,-1.128906,-0.173340,-0.453613,90.270996,-44.250488,-306.884766
1493852632.378880,-1.217285,-0.112793,-0.399902,103.210449,-50.659180,-302.856445
1493852632.381593,-1.200684,0.001465,-0.468750,117.675781,-54.199219,-295.166016
1493852632.384271,-1.181641,0.057617,-0.353027,129.089355,-76.293945,-284.057617
1493852632.386951,-1.154785,0.175781,-0.435059,138.488770,-66.528320,-270.629883
1493852632.389656,-1.059570,0.343262,-0.409668,140.441895,-66.955566,-255.310059
1493852632.392360,-1.062012,0.333984,-0.483887,139.831543,-46.997070,-239.746094
1493852632.395041,-0.981445,0.390137,-0.380371,137.512207,-54.138184,-226.074219
1493852632.397726,-0.959961,0.443848,-0.475098,133.850098,-42.968750,-216.125488
1493852632.400412,-0.801758,0.522461,-0.495117,130.737305,-32.104492,-210.144043
1493852632.403095,-0.868652,0.612305,-0.402344,126.342773,-21.362305,-207.702637
1493852632.405777,-0.748047,0.470703,-0.483398,129.089355,-12.939453,-211.364746
1493852632.408461,-0.725586,0.453125,-0.458984,144.287109,-1.220703,-219.238281
1493852632.411074,-0.604980,0.474121,-0.425781,171.325684,13.244629,-222.961426
1493852632.413627,-0.564453,0.328613,-0.272949,201.965332,27.099609,-230.834961
1493852632.416181,-0.490234,0.117188,-0.245605,213.928223,32.958984,-238.464355
1493852632.418784,-0.495605,-0.150391,-0.318359,194.274902,30.151367,-249.694824
1493852632.421454,-0.416504,-0.421875,-0.076172,177.307129,21.667480,-263.671875
1493852632.424141,-0.351562,-0.619629,-0.017578,176.086426,10.437012,-274.047852
1493852632.426826,-0.308105,-0.769043,0.058594,174.804688,-0.427246,-277.282715
1493852632.429518,-0.323730,-0.800293,-0.062012,200.927734,-5.981445,-262.695312
1493852632.432213,-0.337402,-0.779785,-0.060059,204.040527,-0.732422,-226.196289
1493852632.434901,-0.499512,-0.679199,-0.019043,211.547852,10.803223,-172.363281
1493852632.437587,-0.385742,-0.584961,-0.082520,201.721191,28.381348,-107.788086
1493852632.440339,-0.313477,-0.464844,0.064941,190.002441,55.847168,-47.058105
1493852632.443027,-0.294922,-0.252441,-0.090820,176.818848,78.796387,2.136230
1493852632.445709,-0.373047,-0.090820,-0.265137,155.700684,81.359863,41.320801
1493852632.448406,-0.421875,0.141113,-0.539062,116.027832,54.748535,79.101562
1493852632.451099,-0.406250,0.291016,-0.366699,55.480957,-6.652832,112.976074
1493852632.453779,-0.390137,0.330078,-0.201172,-2.868652,-61.218262,138.061523
1493852632.456461,-0.312500,0.382812,0.072266,-31.799316,-85.510254,151.550293
1493852632.459116,-0.296387,0.385254,0.024414,-33.630371,-85.327148,156.982422
1493852632.461700,-0.307617,0.373047,0.059570,-25.390625,-80.078125,160.034180
1493852632.464253,-0.321777,0.347168,-0.086914,-21.667480,-69.702148,162.231445
1493852632.466805,-0.304199,0.337402,-0.004395,-27.709961,-57.373047,167.846680
1493852632.469408,-0.328125,0.349121,-0.045898,-39.001465,-46.325684,177.307129
1493852632.472085,-0.255859,0.414062,-0.028320,-44.921875,-33.752441,189.331055
1493852632.474767,-0.153320,0.602051,-0.100586,-48.889160,-19.287109,198.913574
1493852632.477449,-0.247070,0.557129,-0.034180,-47.058105,-15.075684,203.979492
1493852632.480138,-0.183594,0.605469,-0.241699,-54.992676,17.639160,201.232910
1493852632.482821,-0.172363,0.653320,-0.122559,-54.138184,14.404297,192.016602
1493852632.485508,-0.144531,0.731934,-0.137695,-75.561523,19.287109,176.696777
1493852632.488197,-0.090820,0.706543,-0.176758,-68.420410,21.728516,157.775879
1493852632.490884,-0.075195,0.655273,-0.139648,-92.468262,23.559570,138.183594
1493852632.493676,-0.071777,0.596191,-0.229980,-81.420898,24.597168,121.459961
1493852632.496365,-0.040039,0.525391,-0.098633,-83.190918,26.245117,106.872559
1493852632.499071,-0.040527,0.449219,-0.215820,-84.777832,29.663086,98.449707
1493852632.501781,-0.075684,0.366699,-0.059570,-86.853027,34.851074,94.665527
1493852632.504467,-0.067871,0.304688,-0.032715,-87.585449,39.428711,94.787598
1493852632.507151,-0.106934,0.266113,-0.134277,-86.730957,44.616699,97.167969
1493852632.509799,-0.010254,0.232422,-0.095703,-86.242676,50.109863,100.708008
1493852632.512382,-0.226074,0.187500,-0.158691,-87.768555,51.696777,103.454590
1493852632.514934,-0.160156,0.204590,-0.155762,-89.172363,55.664062,108.703613
1493852632.517488,-0.166992,0.140625,-0.082520,-89.538574,57.312012,115.966797
1493852632.520125,-0.195312,0.147949,-0.179688,-92.712402,56.274414,119.995117
1493852632.522807,-0.165527,0.140625,-0.154785,-95.458984,55.725098,127.624512
1493852632.525493,-0.219727,0.020996,-0.142578,-98.388672,56.274414,153.381348
1493852632.528182,-0.202637,0.132324,-0.205078,-99.365234,56.701660,146.606445
1493852632.530867,-0.161621,0.138672,-0.111328,-101.745605,57.128906,171.508789
1493852632.533546,-0.202148,0.112793,-0.078613,-103.393555,56.640625,165.100098
1493852632.536230,-0.219238,0.118652,-0.181641,-106.811523,56.396484,174.133301
1493852632.538919,-0.182129,0.014648,-0.114746,-109.130859,54.504395,184.204102
1493852632.541608,-0.260742,0.130859,-0.027832,-112.243652,53.588867,194.580078
1493852632.544291,-0.237305,0.136719,-0.113281,-114.868164,52.368164,204.223633
1493852632.546974,-0.135742,0.141113,-0.097656,-117.004395,52.001953,213.806152
