1493852619.282394,-0.942871,0.119629,-0.224609,29.724121,3.540039,-117.980957
1493852619.285088,-0.827637,0.059570,-0.146484,40.527344,-5.554199,-113.830566
1493852619.287784,-0.769043,0.136230,-0.146484,45.715332,-14.587402,-111.816406
1493852619.290388,-0.692871,0.175293,-0.195312,47.058105,-22.644043,-111.389160
1493852619.292938,-0.634766,0.187012,-0.218750,44.982910,-28.015137,-110.595703
1493852619.295484,-0.625977,0.193359,-0.245605,42.297363,-28.137207,-109.191895
1493852619.298119,-0.576172,0.216797,-0.324219,39.550781,-26.550293,-108.459473
1493852619.300752,-0.589844,0.192383,-0.284668,38.024902,-23.193359,-109.436035
1493852619.303300,-0.566406,0.217773,-0.433105,35.217285,-22.888184,-109.985352
1493852619.305848,-0.587402,0.224121,-0.378418,28.686523,-22.460938,-110.107422
1493852619.308467,-0.578125,0.232422,-0.388184,22.888184,-23.742676,-108.886719
1493852619.311090,-0.596680,0.240234,-0.345215,16.357422,-25.085449,-107.238770
1493852619.313640,-0.555664,0.228516,-0.333984,10.498047,-26.306152,-105.834961
1493852619.316797,-0.580566,0.244629,-0.470215,1.647949,-29.174805,-105.041504
1493852619.320021,-0.577637,0.228516,-0.406738,-2.990723,-32.165527,-104.370117
1493852619.322632,-0.571777,0.211914,-0.368652,-9.460449,-36.926270,-104.187012
1493852619.325182,-0.566406,0.177246,-0.251465,-12.023926,-39.733887,-105.712891
1493852619.327757,-0.582031,0.174805,-0.276855,-14.465332,-40.527344,-109.558105
1493852619.330389,-0.520996,0.150391,-0.325684,-17.089844,-41.015625,-115.173340
1493852619.333001,-0.560059,0.127930,-0.335449,-17.700195,-40.222168,-122.680664
1493852619.335554,-0.588867,0.083496,-0.291504,-20.629883,-39.001465,-131.103516
1493852619.338183,-0.628418,0.077637,-0.346680,-28.076172,-36.254883,-137.207031
1493852619.340930,-0.692383,0.044434,-0.359375,-42.236328,-38.146973,-140.075684
1493852619.343488,-0.687988,-0.018066,-0.216309,-52.246094,-44.372559,-140.014648
1493852619.346038,-0.805664,-0.100586,-0.016602,-65.795898,-62.316895,-135.925293
1493852619.348696,-0.833496,-0.192871,0.041992,-74.523926,-88.684082,-128.784180
1493852619.351429,-0.893555,-0.330566,0.200684,-78.308105,-113.281250,-124.877930
1493852619.354116,-0.859375,-0.587891,0.188965,-72.998047,-124.694824,-126.770020
1493852619.356803,-0.812012,-0.540527,0.311523,-54.260254,-114.990234,-130.493164
1493852619.359449,-0.777344,-0.458008,0.152344,-27.526855,-88.500977,-125.732422
1493852619.362023,-0.711914,-0.303711,0.066406,-3.479004,-54.626465,-103.759766
1493852619.364574,-0.690430,-0.125488,-0.138184,-13.183594,-27.893066,-68.908691
1493852619.367129,-0.782715,-0.020996,-0.065430,-23.193359,-4.089355,-32.470703
1493852619.369694,-0.719727,0.040527,-0.013672,-37.597656,-15.441895,-5.432129
1493852619.372260,-0.711914,0.036133,0.098633,-33.447266,-24.475098,4.821777
1493852619.374810,-0.709473,-0.008789,0.079102,-17.211914,-37.048340,-12.695312
1493852619.377362,-0.646484,-0.022949,0.122070,1.892090,-44.738770,-10.437012
1493852619.379983,-0.642578,0.000000,0.089355,13.916016,-44.067383,-26.489258
1493852619.382675,-0.630859,0.053711,-0.030762,12.084961,-32.897949,-32.836914
1493852619.385360,-0.611328,0.062012,-0.024414,4.882812,-18.310547,-30.090332
1493852619.388067,-0.605469,0.065918,0.019531,-1.586914,-4.150391,-23.498535
1493852619.390771,-0.586914,0.077637,-0.125000,-5.004883,3.173828,-18.798828
1493852619.393449,-0.590820,0.083496,-0.085449,-3.417969,3.967285,-18.127441
1493852619.396124,-0.750000,0.056641,0.000488,-2.502441,-0.976562,-20.507812
1493852619.398806,-0.636230,0.079590,-0.044922,1.403809,-4.028320,-23.559570
1493852619.401488,-0.652344,0.077637,-0.072266,5.554199,-4.089355,-24.902344
1493852619.404170,-0.697754,0.082520,-0.009766,6.774902,-1.586914,-26.062012
1493852619.406848,-0.683105,0.086914,-0.082520,3.479004,0.061035,-26.000977
1493852619.409535,-0.682617,0.066406,-0.091309,0.122070,1.403809,-27.038574
1493852619.412224,-0.670898,0.083496,-0.095703,-2.441406,2.136230,-27.160645
1493852619.414906,-0.628906,0.070801,-0.088867,-2.929688,2.929688,-27.526855
1493852619.417588,-0.626953,0.081543,-0.110840,-1.281738,3.112793,-27.038574
1493852619.420389,-0.680176,0.095215,-0.065430,-1.953125,3.601074,-26.184082
1493852619.422937,-0.679199,0.082520,-0.092773,-4.211426,2.441406,-26.550293
1493852619.425483,-0.696777,0.102051,-0.075195,-6.042480,1.037598,-26.672363
1493852619.428042,-0.683105,0.104980,-0.170898,-7.812500,-0.122070,-26.916504
1493852619.430676,-0.690918,0.088867,-0.103516,-8.605957,-2.014160,-27.648926
1493852619.433357,-0.678223,0.085449,-0.115234,-7.995605,-3.173828,-26.672363
1493852619.436033,-0.687012,0.084961,-0.073730,-8.239746,-4.943848,-26.062012
1493852619.438719,-0.679199,0.080566,-0.038086,-8.911133,-5.676270,-25.329590
1493852619.441407,-0.675293,0.052734,-0.097168,-9.643555,-6.042480,-23.681641
1493852619.444087,-0.659668,0.072754,-0.087891,-9.582520,-7.263184,-22.888184
1493852619.446765,-0.705078,0.044922,-0.062500,-10.437012,-8.422852,-20.935059
1493852619.449467,-0.686523,0.057617,-0.140137,-8.239746,-9.887695,-19.897461
1493852619.452166,-0.698730,0.065430,-0.233887,-7.751465,-9.155273,-18.554688
1493852619.454844,-0.695312,0.052246,-0.085449,-8.178711,-10.986328,-17.272949
1493852619.457523,-0.644043,0.075195,-0.168457,-7.934570,-11.718750,-16.052246
1493852619.460213,-0.672363,0.062012,-0.104980,-6.835938,-12.145996,-15.075684
1493852619.463131,-0.688965,0.069336,-0.033203,-5.493164,-11.413574,-14.343262
1493852619.465981,-0.681152,0.076172,-0.127930,-5.554199,-11.047363,-13.305664
1493852619.468633,-0.695312,0.062988,-0.103027,-6.530762,-11.962891,-12.207031
1493852619.471282,-0.688965,0.077148,-0.165527,-5.554199,-11.718750,-10.742188
1493852619.473823,-0.695312,0.106445,-0.083496,-4.821777,-11.962891,-9.582520
1493852619.476367,-0.640625,0.106934,-0.106445,-4.455566,-13.366699,-9.094238
1493852619.478951,-0.683594,0.116211,-0.132324,-5.065918,-14.282227,-8.972168
1493852619.481533,-0.650391,0.099121,-0.087402,-4.882812,-14.343262,-9.887695
1493852619.484075,-0.680176,0.081543,-0.101074,-4.516602,-14.526367,-9.887695
1493852619.486619,-0.685547,0.095703,-0.082520,-2.990723,-14.526367,-10.070801
1493852619.489169,-0.668457,0.072754,-0.015625,-2.014160,-15.380859,-10.681152
1493852619.491715,-0.645996,0.044434,-0.092773,-1.281738,-15.502930,-10.498047
1493852619.494259,-0.634277,0.070312,-0.091797,-0.732422,-14.648438,-10.620117
1493852619.496803,-0.662109,0.054199,-0.132324,-2.502441,-14.831543,-10.375977
1493852619.499349,-0.642090,0.067383,-0.079590,-2.319336,-15.319824,-9.460449
1493852619.501896,-0.674805,0.094238,-0.097656,-1.647949,-15.625000,-8.544922
1493852619.504442,-0.683105,0.082031,-0.104004,0.305176,-16.296387,-8.361816
1493852619.506988,-0.682617,0.066406,-0.048828,0.732422,-17.333984,-7.812500
1493852619.509588,-0.662109,0.087402,-0.066406,1.892090,-17.517090,-7.507324
1493852619.512260,-0.626465,0.092773,-0.160156,2.685547,-17.578125,-7.629395
1493852619.514942,-0.638672,0.085449,-0.089844,2.746582,-17.333984,-7.629395
1493852619.517623,-0.595215,0.070801,-0.087402,2.929688,-17.944336,-8.300781
1493852619.520281,-0.642090,0.071777,-0.042480,4.333496,-17.944336,-7.995605
1493852619.522831,-0.640625,0.077148,-0.036621,4.760742,-18.310547,-6.958008
1493852619.525378,-0.667480,0.062988,-0.044434,5.249023,-18.676758,-6.469727
1493852619.527950,-0.668945,0.067871,-0.022949,4.455566,-19.165039,-5.187988
1493852619.530597,-0.668457,0.072754,-0.070801,4.150391,-20.019531,-4.211426
1493852619.533278,-0.626465,0.063965,-0.041504,5.310059,-20.935059,-4.333496
1493852619.535955,-0.640625,0.080078,-0.115234,6.103516,-21.301270,-4.028320
1493852619.538655,-0.636719,0.112793,-0.050293,6.042480,-21.179199,-4.699707
1493852619.541353,-0.533203,0.087891,0.000977,6.225586,-20.996094,-6.408691
1493852619.544031,-0.641113,0.101074,-0.085938,6.408691,-19.836426,-7.629395
1493852619.546709,-0.628418,0.099121,-0.091797,7.202148,-18.066406,-9.399414
1493852619.549393,-0.680664,0.072754,-0.078613,7.019043,-15.930176,-12.390137
1493852619.552083,-0.631348,0.089844,-0.038574,6.835938,-14.770508,-14.160156
1493852619.554769,-0.650879,0.087402,-0.136719,6.713867,-13.854980,-14.160156
1493852619.557451,-0.660645,0.075195,-0.038086,7.446289,-12.329102,-31.127930
1493852619.560246,-0.660645,0.082520,-0.031738,7.751465,-12.084961,-14.648438
1493852619.562932,-0.646484,0.096680,-0.064453,8.422852,-11.657715,-14.465332
1493852619.565619,-0.706055,0.084961,-0.032715,8.972168,-11.901855,-13.732910
1493852619.568294,-0.696777,0.072266,-0.087891,7.080078,-12.268066,-13.793945
1493852619.570896,-0.681152,0.107422,-0.119629,8.544922,-12.390137,-15.197754
1493852619.573446,-0.668457,0.099121,-0.060059,8.544922,-12.512207,-17.639160
1493852619.575994,-0.677246,0.094238,-0.068359,8.911133,-12.756348,-19.775391
1493852619.578565,-0.698242,0.067383,-0.092773,8.850098,-12.817383,-21.606445
1493852619.581188,-0.667480,0.099121,-0.081543,8.789062,-12.329102,-21.545410
1493852619.583840,-0.678223,0.093262,-0.009766,9.704590,-12.268066,-22.399902
1493852619.586492,-0.680176,0.099609,-0.065430,8.850098,-13.488770,-23.437500
1493852619.589280,-0.661621,0.105469,-0.034180,9.094238,-15.502930,-24.047852
1493852619.592018,-0.713379,0.103027,-0.121582,7.080078,-31.188965,-25.146484
1493852619.594569,-0.683594,0.108398,-0.034668,6.896973,-16.357422,-27.404785
1493852619.597115,-0.660645,0.097168,-0.087891,6.530762,-16.906738,-29.602051
1493852619.599777,-0.701172,0.070801,-0.066406,5.126953,-14.465332,-31.860352
1493852619.602445,-0.685547,0.075684,-0.089844,5.920410,-13.916016,-32.714844
1493852619.604991,-0.660645,0.066406,-0.081543,4.333496,-12.268066,-33.264160
1493852619.607537,-0.682617,0.052246,-0.112793,4.943848,-11.108398,-31.311035
1493852619.610132,-0.711914,0.054199,-0.094238,5.859375,-12.695312,-29.357910
1493852619.612682,-0.709473,0.028809,-0.030762,5.676270,-14.892578,-29.418945
1493852619.615230,-0.705078,0.040527,-0.070312,7.202148,-31.127930,-29.907227
1493852619.617794,-0.664551,0.022461,-0.062988,7.873535,-17.150879,-30.212402
1493852619.620355,-0.716309,0.050293,-0.087891,9.704590,-17.761230,-30.029297
1493852619.622900,-0.720215,0.089844,-0.064453,8.117676,-17.822266,-29.907227
1493852619.625445,-0.671387,0.054688,0.012695,8.911133,-18.310547,-30.761719
1493852619.627996,-0.658691,0.044922,-0.066406,10.620117,-16.723633,-31.066895
1493852619.630550,-0.631348,0.033203,-0.062988,10.986328,-15.686035,-31.616211
1493852619.633094,-0.701172,0.068359,-0.116699,11.657715,-15.869141,-31.066895
1493852619.635638,-0.697754,0.074219,-0.082520,10.375977,-16.174316,-30.029297
1493852619.638201,-0.700684,0.065918,-0.041016,11.474609,-17.028809,-28.930664
1493852619.640831,-0.674805,0.074219,-0.031250,12.390137,-17.761230,-31.005859
1493852619.643501,-0.632812,0.067871,-0.040527,11.901855,-18.066406,-34.606934
1493852619.646166,-0.649902,0.082520,0.037598,8.972168,-16.113281,-37.963867
1493852619.648857,-0.660156,0.083984,-0.072754,5.554199,-13.061523,-39.733887
1493852619.651546,-0.543945,0.064453,-0.051758,4.455566,-7.995605,-39.855957
1493852619.654208,-0.711426,0.063965,-0.070801,5.798340,-5.798340,-39.733887
1493852619.656870,-0.687012,0.053711,-0.015625,7.934570,-6.652832,-37.902832
1493852619.659528,-0.660645,0.034180,-0.034180,7.934570,-8.972168,-37.841797
1493852619.662175,-0.665039,0.030762,-0.092773,8.483887,-10.314941,-39.916992
1493852619.664822,-0.678223,0.036133,-0.093750,7.568359,-10.070801,-41.076660
1493852619.667470,-0.722168,0.039551,-0.073730,6.164551,-9.277344,-41.076660
1493852619.670060,-0.692871,0.054688,-0.070801,5.249023,-7.934570,-41.992188
1493852619.672611,-0.678711,0.059570,-0.086914,5.126953,-7.324219,-42.907715
1493852619.675159,-0.651855,0.032715,-0.102051,6.286621,-7.507324,-42.907715
1493852619.677754,-0.651855,0.037109,-0.018555,9.704590,-8.483887,-42.846680
1493852619.680413,-0.683105,0.005859,-0.005371,10.192871,-10.131836,-41.015625
1493852619.683085,-0.673340,0.020996,-0.035156,9.704590,-10.925293,-39.855957
1493852619.685748,-0.640137,0.015137,-0.052246,9.887695,-10.620117,-38.452148
1493852619.688415,-0.652344,0.022949,0.008789,10.192871,-10.253906,-37.902832
1493852619.691087,-0.662109,0.036621,-0.045898,8.789062,-11.291504,-37.719727
1493852619.693753,-0.702148,0.005859,-0.030762,7.080078,-12.207031,-38.513184
1493852619.696531,-0.713867,0.030273,-0.100586,8.605957,-13.854980,-39.428711
1493852619.699203,-0.679199,0.030273,-0.038086,9.399414,-15.380859,-41.381836
1493852619.701873,-0.698730,0.038086,-0.100586,12.023926,-15.319824,-42.419434
1493852619.704540,-0.685547,0.043457,-0.056641,10.742188,-14.892578,-43.090820
1493852619.707209,-0.721191,0.052734,-0.027344,9.948730,-15.014648,-43.334961
1493852619.709866,-0.708496,0.014648,0.025879,10.009766,-14.831543,-42.236328
1493852619.712515,-0.732422,0.027344,-0.056152,10.681152,-15.563965,-42.175293
1493852619.715252,-0.729980,0.046387,-0.034180,13.671875,-17.395020,-42.785645
1493852619.718052,-0.859375,0.016602,0.011230,15.197754,-18.066406,-44.494629
1493852619.720714,-0.776855,0.026855,-0.065918,15.686035,-19.348145,-45.715332
1493852619.723264,-0.732422,0.000000,-0.043945,16.418457,-20.019531,-46.203613
1493852619.725811,-0.730469,0.007324,-0.039062,16.906738,-20.874023,-46.081543
1493852619.728407,-0.719727,0.119629,-0.067871,15.930176,-21.545410,-47.912598
1493852619.731003,-0.702637,0.009277,-0.060547,18.920898,-20.629883,-49.438477
1493852619.733552,-0.724609,-0.111328,-0.132324,21.850586,-19.836426,-51.208496
1493852619.736098,-0.733887,0.005859,-0.036621,22.399902,-19.042969,-52.062988
1493852619.738670,-0.765625,0.030273,-0.034668,23.132324,-19.836426,-54.992676
1493852619.741241,-0.793945,0.038086,-0.027344,19.104004,-21.667480,-58.288574
1493852619.743783,-0.846680,-0.028320,-0.067383,20.080566,-20.935059,-63.842773
1493852619.746330,-0.818359,-0.059570,0.020996,23.925781,-18.005371,-66.772461
1493852619.748892,-0.747070,0.110840,0.021973,25.573730,-17.517090,-63.171387
1493852619.751455,-0.767578,0.077637,-0.008789,20.751953,-21.179199,-56.152344
1493852619.754002,-0.746094,0.235840,0.073730,19.897461,-26.367188,-50.170898
1493852619.756551,-0.776367,0.166992,0.011230,24.230957,-27.465820,-49.499512
1493852619.759140,-0.763184,0.166992,0.007324,25.939941,-26.550293,-49.926758
1493852619.761781,-0.774902,0.160645,-0.022949,22.521973,-24.047852,-52.673340
1493852619.764427,-0.785156,0.096680,0.100098,18.615723,-19.104004,-56.823730
1493852619.767074,-0.826172,0.091797,0.078125,15.808105,-13.366699,-60.852051
1493852619.769794,-0.837402,0.067383,0.036621,13.671875,-10.925293,-64.208984
1493852619.772527,-0.823730,0.099609,0.002930,11.779785,-14.831543,-69.152832
1493852619.775192,-0.872559,0.113770,0.096191,9.033203,-18.127441,-75.195312
1493852619.777875,-0.882324,0.097656,0.052246,9.155273,-19.348145,-80.322266
1493852619.780571,-0.884277,0.101074,0.101562,8.972168,-19.104004,-80.505371
1493852619.783254,-0.923340,0.080566,0.067383,11.657715,-21.118164,-78.918457
1493852619.785942,-0.990234,0.125000,0.027344,11.718750,-22.399902,-77.941895
1493852619.788651,-0.831543,0.113281,0.014160,10.803223,-22.216797,-82.519531
1493852619.791358,-0.826660,0.077637,0.066406,9.765625,-20.629883,-89.843750
1493852619.794038,-0.907227,0.061523,-0.080566,9.582520,-18.981934,-91.918945
1493852619.796721,-0.866211,0.073730,-0.130371,11.047363,-20.751953,-93.383789
1493852619.799410,-0.845215,0.093750,-0.057617,8.972168,-21.850586,-96.984863
1493852619.802094,-0.866211,0.120605,-0.061523,8.544922,-18.310547,-101.623535
1493852619.804777,-0.836914,0.090820,-0.170898,8.300781,-0.549316,-102.416992
1493852619.807456,-0.823730,0.115234,-0.116211,8.728027,-14.465332,-102.294922
1493852619.810146,-0.787109,0.097656,-0.091797,4.760742,-13.305664,-106.079102
1493852619.812831,-0.834961,0.070312,-0.135254,4.699707,-8.117676,-107.910156
1493852619.815511,-0.868652,0.070312,-0.156250,6.774902,-7.080078,-108.947754
1493852619.818182,-0.868164,0.046875,-0.019043,6.591797,-9.948730,-113.952637
1493852619.820786,-0.909180,0.060547,-0.234863,10.498047,-9.399414,-119.140625
1493852619.823336,-0.942383,0.060547,-0.048340,11.474609,-7.202148,-121.582031
1493852619.825883,-0.930664,0.077148,-0.233887,10.070801,-4.699707,-126.098633
1493852619.828452,-0.978516,0.077637,-0.115234,9.704590,-3.295898,-127.319336
1493852619.831080,-0.958984,0.121582,-0.210938,11.352539,-3.845215,-127.624512
1493852619.833850,-1.013184,0.136230,-0.109863,13.488770,-4.455566,-131.347656
1493852619.836514,-1.093262,0.125000,-0.112793,15.319824,-5.554199,-133.850098
1493852619.839250,-1.139160,0.194336,-0.110840,30.883789,-8.239746,-137.145996
1493852619.841954,-1.167480,0.199219,-0.123047,18.920898,-10.070801,-140.502930
1493852619.844511,-1.228027,0.175293,-0.099121,19.897461,-10.925293,-142.822266
1493852619.847055,-1.213867,0.199219,-0.023438,21.423340,-10.375977,-145.935059
1493852619.849732,-1.262695,0.198730,-0.111816,23.620605,-8.544922,-148.925781
1493852619.852411,-1.213867,0.219238,-0.219238,26.611328,-6.835938,-150.329590
1493852619.854958,-1.183105,0.263672,-0.206543,27.526855,-4.028320,-151.794434
1493852619.857503,-1.247559,0.271484,-0.156250,30.334473,-1.159668,-155.639648
1493852619.860116,-1.146973,0.259766,-0.218750,31.372070,1.464844,-156.555176
1493852619.862663,-1.037109,0.280762,-0.194336,34.423828,2.014160,-156.921387
1493852619.865206,-1.140137,0.323242,-0.245605,36.926270,1.953125,-158.264160
1493852619.867903,-1.150879,0.309082,-0.162109,40.527344,-0.122070,-163.879395
1493852619.870602,-1.175781,0.319824,-0.213867,50.598145,-0.915527,-169.250488
1493852619.873149,-1.213867,0.323242,-0.233887,53.283691,-2.990723,-172.485352
1493852619.875696,-1.224609,0.464355,-0.160645,60.668945,-5.615234,-174.621582
1493852619.878303,-1.257812,0.442871,-0.250000,69.641113,-10.192871,-181.274414
1493852619.880913,-1.255371,0.472656,-0.317383,75.439453,-9.460449,-191.223145
1493852619.883507,-1.305176,0.471191,-0.231445,79.040527,-7.934570,-199.401855
1493852619.886101,-1.328125,0.511230,-0.200195,80.566406,-10.192871,-217.285156
1493852619.888855,-1.333496,0.522949,-0.258301,81.970215,-11.901855,-212.463379
1493852619.891682,-1.373535,0.497070,-0.200684,84.716797,-14.038086,-217.346191
1493852619.894367,-1.386230,0.439453,-0.358887,84.289551,-17.883301,-221.191406
1493852619.897052,-1.366211,0.403809,-0.210449,84.289551,-27.587891,-225.341797
1493852619.899744,-1.364746,0.335449,-0.226074,81.359863,-39.245605,-231.994629
1493852619.902440,-1.485840,0.258301,-0.319824,77.453613,-46.691895,-239.807129
1493852619.905291,-1.364746,0.179199,-0.306152,75.622559,-52.978516,-247.436523
1493852619.908151,-1.485840,0.093750,-0.258301,70.434570,-58.715820,-256.225586
1493852619.910846,-1.407227,-0.122070,-0.293945,59.082031,-63.415527,-265.930176
1493852619.913536,-1.397949,-0.020996,-0.363281,48.706055,-66.406250,-276.916504
1493852619.916225,-1.432617,-0.086426,-0.363281,36.865234,-66.345215,-287.475586
1493852619.918885,-1.484863,-0.164551,-0.343262,30.456543,-63.964844,-296.569824
1493852619.921476,-1.460938,-0.170410,-0.433105,36.132812,-60.241699,-299.804688
1493852619.924034,-1.458984,-0.164062,-0.410156,44.616699,-57.983398,-303.710938
1493852619.926585,-1.429199,-0.137695,-0.405762,54.809570,-57.495117,-303.955078
1493852619.929188,-1.411621,-0.136230,-0.442871,59.326172,-58.349609,-301.635742
1493852619.931860,-1.358398,-0.103027,-0.448242,62.683105,-60.546875,-298.706055
1493852619.934545,-1.290039,-0.216797,-0.505859,48.583984,-61.218262,-295.959473
1493852619.937230,-1.215820,-0.232422,-0.597656,62.683105,-60.546875,-291.381836
1493852619.939858,-1.163574,-0.086914,-0.513184,64.697266,-57.373047,-285.949707
1493852619.942420,-1.072266,-0.097168,-0.593750,65.002441,-55.908203,-280.700684
1493852619.945222,-1.115723,-0.080078,-0.395996,57.678223,-54.504395,-273.742676
1493852619.948040,-1.055664,-0.084961,-0.442871,49.621582,-54.687500,-268.188477
1493852619.950782,-1.027344,-0.067383,-0.334961,40.405273,-57.434082,-262.817383
1493852619.953566,-0.916992,-0.049316,-0.308105,36.621094,-61.584473,-257.873535
1493852619.956241,-0.974121,-0.049805,-0.158203,33.264160,-68.786621,-256.530762
1493852619.958912,-0.936035,-0.050293,-0.156738,32.165527,-76.477051,-257.019043
1493852619.961570,-0.895508,-0.059570,-0.099609,34.240723,-79.406738,-261.230469
1493852619.964217,-0.882324,-0.108398,0.112305,37.170410,-80.749512,-267.700195
1493852619.966954,-0.759277,-0.160156,0.074219,41.748047,-67.565918,-274.658203
1493852619.970323,-0.700195,-0.142090,0.059570,47.485352,-50.048828,-279.296875
1493852619.973006,-0.609863,-0.170898,0.130859,54.077148,-29.174805,-282.104492
1493852619.975555,-0.577637,-0.162109,0.167480,61.645508,-14.648438,-282.409668
1493852619.978154,-0.526367,-0.270996,0.166504,64.208984,-9.582520,-283.142090
1493852619.980754,-0.448242,-0.434570,0.179688,67.871094,-14.709473,-289.672852
1493852619.983305,-0.445801,-0.718750,0.265137,71.350098,-18.859863,-301.879883
1493852619.985853,-0.407227,-0.858398,0.269531,70.312500,-30.944824,-314.819336
1493852619.988400,-0.484863,-0.814453,0.287109,64.880371,-44.982910,-324.951172
1493852619.990955,-0.486328,-0.941406,0.324219,56.457520,-58.410645,-327.026367
1493852619.993505,-0.507812,-1.025391,0.372070,47.058105,-70.373535,-320.556641
1493852619.996053,-0.548340,-1.015137,0.320801,38.574219,-81.176758,-299.194336
1493852619.998604,-0.585449,-0.885742,0.365234,18.249512,-85.876465,-264.709473
1493852620.001155,-0.617676,-0.939453,0.399414,26.733398,-88.012695,-222.778320
1493852620.003703,-0.613281,-0.834473,0.265625,22.460938,-87.646484,-181.030273
1493852620.006248,-0.642090,-0.631836,0.309570,18.493652,-84.533691,-146.972656
1493852620.009057,-0.608887,-0.642578,0.300293,17.211914,-83.923340,-118.164062
1493852620.011874,-0.502441,-0.525391,0.219238,14.831543,-84.472656,-108.398438
1493852620.014425,-0.386230,-0.494629,0.299805,11.657715,-82.824707,-98.266602
1493852620.016975,-0.439453,-0.442871,0.226074,5.981445,-82.336426,-78.308105
1493852620.019526,-0.438965,-0.391602,0.251465,0.305176,-81.176758,-83.862305
1493852620.022079,-0.355469,-0.380859,0.224609,-3.540039,-76.293945,-73.913574
1493852620.024630,-0.328125,-0.304688,0.136230,-7.263184,-70.312500,-63.903809
1493852620.027179,-0.276855,-0.237793,0.193359,-10.314941,-65.612793,-55.725098
1493852620.029790,-0.351562,-0.168457,0.132812,-18.371582,-60.546875,-50.476074
1493852620.032475,-0.269531,-0.089844,0.162109,-29.235840,-58.105469,-48.645020
1493852620.035160,-0.280762,-0.036621,0.100586,-38.696289,-59.387207,-48.522949
1493852620.037867,-0.282227,-0.000977,0.099609,-47.790527,-77.087402,-52.429199
1493852620.040573,-0.257324,0.044434,0.141602,-51.513672,-63.537598,-59.509277
1493852620.043364,-0.287598,0.063965,0.138184,-53.527832,-65.856934,-66.223145
1493852620.046157,-0.295898,0.072754,0.160156,-54.077148,-63.537598,-72.631836
1493852620.048845,-0.236328,0.079590,0.023926,-55.419922,-59.692383,-75.744629
1493852620.051468,-0.254883,0.031738,0.109375,-56.579590,-58.837891,-71.960449
1493852620.054026,-0.235840,0.030762,0.057617,-59.020996,-59.082031,-68.664551
1493852620.056575,-0.200195,0.042480,0.040039,-58.593750,-59.570312,-68.664551
1493852620.059171,-0.137695,0.048828,0.115234,-58.227539,-60.852051,-69.824219
1493852620.061838,-0.114258,0.041504,0.036133,-57.617188,-60.119629,-73.486328
1493852620.064522,-0.086914,0.056641,0.096680,-52.001953,-61.279297,-80.017090
1493852620.067210,-0.065430,0.062988,0.040527,-43.518066,-64.453125,-89.416504
1493852620.069843,0.013672,0.040527,0.104492,-37.048340,-67.016602,-96.984863
1493852620.072412,0.019531,0.051758,0.042480,-30.761719,-62.744141,-98.815918
1493852620.074972,0.039062,0.016602,0.141602,-28.442383,-59.143066,-98.205566
1493852620.077527,0.030762,0.003418,0.085449,-24.353027,-55.908203,-96.923828
1493852620.080070,-0.001465,-0.008301,0.024902,-22.827148,-54.504395,-96.740723
1493852620.082626,0.047852,0.009766,0.084473,-18.859863,-52.978516,-97.961426
1493852620.085181,0.016602,-0.027344,0.016602,-14.953613,-52.856445,-100.280762
1493852620.087812,0.012695,-0.005371,0.104004,-8.239746,-51.147461,-98.937988
1493852620.090440,0.022949,0.025391,0.059570,-1.831055,-49.499512,-79.345703
1493852620.093030,0.015625,0.003418,0.021973,-0.183105,-48.217773,-91.003418
1493852620.095584,0.020508,0.042480,-0.037109,1.464844,-46.813965,-84.960938
1493852620.098212,0.007324,0.046387,0.030273,1.586914,-46.752930,-82.031250
1493852620.100918,0.054199,0.055664,0.013184,3.356934,-48.645020,-79.223633
1493852620.103603,0.064453,0.046387,-0.019043,3.845215,-51.635742,-75.866699
1493852620.106287,0.043457,0.051758,0.121582,5.004883,-55.175781,-71.533203
1493852620.109061,0.042480,0.056152,-0.008789,6.591797,-57.189941,-66.467285
1493852620.111644,0.103027,0.075684,0.007324,7.446289,-57.617188,-58.959961
1493852620.114196,0.053711,0.032715,0.033691,8.972168,-57.495117,-52.795410
1493852620.116748,0.083984,0.024902,-0.041504,9.826660,-57.556152,-46.691895
1493852620.119302,0.069336,0.030273,-0.027344,10.742188,-56.274414,-38.818359
1493852620.121861,0.110840,0.012695,0.019043,11.596680,-52.490234,-18.249512
1493852620.124412,0.136719,0.017090,0.040527,12.634277,-49.499512,-24.719238
1493852620.126963,0.093262,0.007812,0.026855,11.596680,-46.752930,-16.113281
1493852620.129626,0.130371,0.041016,-0.023438,10.925293,-44.616699,-6.530762
1493852620.132398,0.149902,0.059570,-0.004883,10.681152,-43.579102,2.197266
1493852620.135077,0.083984,0.121582,0.078613,8.361816,-41.992188,7.751465
1493852620.137632,0.097656,0.163574,-0.098633,7.751465,-41.503906,9.826660
1493852620.140338,0.070801,0.171875,-0.098633,5.126953,-41.259766,13.000488
1493852620.142992,0.076172,0.187500,-0.042480,4.272461,-38.024902,20.141602
1493852620.146469,0.088867,0.214355,-0.002441,1.953125,-35.034180,31.372070
1493852620.149378,0.060547,0.220703,-0.022949,0.610352,-33.325195,34.729004
1493852620.151936,0.059570,0.224609,-0.026855,0.610352,-32.165527,36.010742
1493852620.154483,0.050781,0.243652,-0.028809,-0.671387,-31.250000,40.161133
1493852620.157029,0.088867,0.251465,-0.075684,-1.953125,-29.602051,46.447754
1493852620.159578,0.072266,0.237793,-0.007812,-2.441406,-26.428223,54.565430
1493852620.162136,0.127930,0.249512,-0.050293,-1.892090,-22.827148,59.631348
1493852620.164689,0.104980,0.242188,0.035156,-2.136230,-22.277832,64.147949
1493852620.167236,0.109863,0.238770,-0.013672,-3.601074,-18.188477,68.664551
1493852620.169809,0.062988,0.265137,-0.036621,-2.258301,-15.991211,73.974609
1493852620.172379,0.070801,0.304688,-0.081543,-3.845215,-14.953613,75.988770
1493852620.174927,0.034180,0.282715,-0.089355,-6.958008,-13.793945,79.040527
1493852620.177475,0.018555,0.312500,-0.067871,-6.286621,-13.427734,81.604004
1493852620.180066,0.032715,0.341309,-0.138672,-5.798340,-12.145996,83.923340
1493852620.182615,-0.003418,0.285645,-0.026855,-4.821777,-8.789062,85.327148
1493852620.185162,0.009766,0.291992,-0.078613,-4.821777,-6.896973,90.148926
1493852620.187782,-0.005371,0.267090,-0.078613,-5.065918,-4.089355,96.435547
1493852620.190408,0.014648,0.259766,-0.105469,-7.629395,-0.427246,101.013184
1493852620.192955,-0.088867,0.257324,-0.050781,-8.422852,1.159668,104.736328
1493852620.195500,-0.016602,0.231934,-0.080566,-11.169434,2.502441,106.018066
1493852620.198092,-0.024902,0.233398,-0.081543,-11.718750,3.112793,124.572754
1493852620.200682,0.083008,0.195801,-0.034668,-12.268066,4.333496,113.220215
1493852620.203229,-0.017090,0.183105,-0.093750,-12.145996,5.798340,120.910645
1493852620.205780,0.105957,0.174805,-0.134766,-13.549805,7.080078,129.028320
1493852620.208342,-0.043457,0.173340,-0.099121,-13.854980,8.605957,136.962891
1493852620.210907,-0.014648,0.149902,-0.078125,-15.991211,10.803223,144.287109
1493852620.213459,-0.086426,0.140137,-0.054199,-16.235352,13.488770,151.855469
1493852620.216008,-0.067383,0.150391,-0.113770,-16.845703,15.136719,171.691895
1493852620.218562,-0.075195,0.156250,-0.089844,-17.333984,18.188477,165.039062
1493852620.221117,-0.070312,0.154785,-0.133301,-18.066406,21.423340,174.194336
1493852620.223674,-0.096680,0.154297,-0.127930,-19.653320,25.268555,184.204102
1493852620.226230,-0.098633,0.150391,-0.117188,-20.141602,27.404785,193.359375
1493852620.228819,-0.075684,0.192383,-0.083496,-20.568848,29.968262,201.293945
1493852620.231481,-0.109375,0.168457,-0.117188,-20.751953,31.616211,210.876465
1493852620.234166,-0.123047,0.214844,-0.176758,-22.338867,36.254883,220.703125
1493852620.236851,-0.128906,0.255371,-0.244141,-23.742676,41.015625,230.224609
1493852620.239546,-0.152344,0.244629,-0.082031,-26.672363,44.738770,240.417480
1493852620.242240,-0.243164,0.274902,-0.078613,-26.184082,48.095703,249.084473
1493852620.244931,-0.177246,0.263184,-0.137695,-26.306152,52.185059,256.591797
1493852620.247738,-0.167480,0.325684,-0.009766,-27.526855,55.725098,261.596680
1493852620.250427,-0.196289,0.352051,-0.041504,-27.160645,59.448242,264.343262
1493852620.253115,-0.357422,0.358398,-0.118652,-26.855469,60.791016,264.587402
1493852620.255826,-0.175781,0.253418,-0.140137,-24.536133,62.988281,264.587402
1493852620.258546,-0.291992,0.255371,-0.188965,-24.353027,65.124512,265.502930
1493852620.261238,-0.284180,0.390625,-0.205566,-23.071289,67.382812,267.333984
1493852620.263924,-0.326172,0.376953,-0.161621,-24.291992,71.350098,268.310547
1493852620.266606,-0.320801,0.356445,-0.109375,-25.146484,73.974609,267.944336
1493852620.269256,-0.372559,0.475586,-0.117676,-26.062012,76.354980,267.333984
1493852620.271833,-0.382324,0.336914,-0.178711,-24.902344,77.941895,250.244141
1493852620.274384,-0.415527,0.350586,-0.212891,-25.573730,79.650879,264.526367
1493852620.276933,-0.395996,0.300781,-0.085938,-24.414062,78.979492,264.831543
1493852620.279550,-0.383789,0.316406,-0.145020,-25.268555,79.345703,266.296387
1493852620.282234,-0.414551,0.291016,-0.149902,-24.719238,81.176758,270.080566
1493852620.284914,-0.489746,0.267578,-0.066406,-25.512695,82.153320,274.230957
1493852620.287596,-0.498535,0.288574,-0.178711,-25.756836,82.763672,279.663086
1493852620.290270,-0.487793,0.280762,-0.194824,-26.245117,84.106445,284.790039
1493852620.292820,-0.530762,0.304199,-0.106934,-27.221680,85.144043,289.550781
1493852620.295373,-0.529297,0.294434,-0.155762,-28.869629,86.486816,293.945312
1493852620.297994,-0.583496,0.290527,-0.156738,-28.442383,87.707520,298.706055
1493852620.300613,-0.571777,0.327637,-0.183594,-29.174805,88.195801,302.734375
1493852620.303166,-0.584961,0.291504,-0.128906,-29.418945,89.721680,304.260254
1493852620.305718,-0.659668,0.298828,-0.147949,-28.808594,90.087891,308.166504
1493852620.308361,-0.645996,0.307129,-0.140137,-28.869629,90.759277,311.706543
1493852620.311076,-0.664062,0.302246,-0.126465,-29.052734,92.468262,315.612793
1493852620.313757,-0.729492,0.286621,-0.069336,-28.259277,94.482422,319.885254
1493852620.316438,-0.736328,0.300781,-0.160156,-28.198242,97.229004,325.073242
1493852620.319088,-0.647461,0.304688,-0.150879,-26.977539,99.304199,328.674316
1493852620.321671,-0.773438,0.330078,-0.183594,-27.526855,102.478027,333.374023
1493852620.324222,-0.782715,0.330078,-0.150391,-26.306152,103.881836,336.547852
1493852620.326775,-0.828613,0.350586,-0.138672,-24.963379,106.018066,338.806152
1493852620.329381,-0.829590,0.385254,-0.150879,-23.620605,107.299805,341.308594
1493852620.332054,-0.752930,0.499512,-0.115234,-20.935059,107.360840,343.566895
1493852620.334735,-0.881836,0.264648,-0.179199,-19.042969,108.520508,345.458984
1493852620.337415,-0.901855,0.378906,-0.039551,-15.747070,107.971191,346.923828
1493852620.340108,-0.955078,0.386719,-0.187988,-15.563965,109.313965,347.595215
1493852620.342795,-0.955566,0.394531,-0.073730,-13.610840,109.619141,347.778320
1493852620.345480,-0.988281,0.385254,-0.138672,-12.329102,109.802246,348.144531
1493852620.348179,-0.990723,0.399902,-0.118652,-12.634277,110.778809,349.792480
1493852620.350878,-1.050293,0.357422,-0.034668,-9.826660,111.022949,353.332520
1493852620.353554,-1.068848,0.398926,-0.171875,-7.629395,112.426758,373.535156
1493852620.356231,-1.110840,0.380371,-0.153809,-5.249023,114.013672,362.243652
1493852620.358919,-1.203125,0.396484,-0.121094,-6.530762,114.624023,363.891602
1493852620.361611,-1.145996,0.408691,-0.082520,-5.676270,115.539551,365.417480
1493852620.364293,-1.158691,0.441895,-0.224609,-6.347656,115.600586,364.624023
1493852620.366971,-1.226074,0.445312,-0.093750,-9.033203,114.074707,363.159180
1493852620.369628,-1.343750,0.491699,-0.193359,-8.911133,112.243652,360.961914
1493852620.372216,-1.287598,0.505371,-0.094238,-8.850098,111.450195,358.581543
1493852620.374764,-1.317871,0.487305,-0.090820,-9.582520,111.694336,354.919434
1493852620.377311,-1.379883,0.473145,-0.203125,-9.887695,112.792969,351.135254
1493852620.379870,-1.412598,0.452637,-0.151855,-11.718750,114.562988,347.534180
1493852620.382542,-1.467285,0.458008,-0.180664,-15.197754,117.675781,345.336914
1493852620.385090,-1.504883,0.421387,-0.176758,-19.531250,119.262695,328.552246
1493852620.387641,-1.522949,0.401855,-0.176758,-21.545410,120.849609,342.041016
1493852620.390314,-1.601074,0.261719,-0.201172,-24.047852,120.971680,339.416504
1493852620.392997,-1.636719,0.250488,-0.156738,-26.611328,122.070312,337.097168
1493852620.395679,-1.669922,0.349121,-0.192383,-25.390625,123.046875,335.998535
1493852620.398365,-1.671875,0.337891,-0.220215,-25.390625,123.901367,335.205078
1493852620.401052,-1.744629,0.302246,-0.197266,-25.085449,123.291016,334.289551
1493852620.403738,-1.772949,0.310547,-0.308105,-25.634766,122.070312,332.336426
1493852620.406422,-1.820312,0.263672,-0.237793,-23.864746,120.910645,331.604004
1493852620.409111,-1.868652,0.220703,-0.347656,-25.390625,120.788574,330.688477
1493852620.411797,-1.854980,0.202148,-0.195801,-26.733398,121.032715,331.176758
1493852620.414478,-1.908691,0.137695,-0.268066,-27.709961,122.253418,332.031250
1493852620.417160,-1.945801,0.092773,-0.211914,-28.991699,123.413086,332.702637
1493852620.419807,-1.968750,0.105469,-0.244141,-30.456543,123.046875,331.848145
1493852620.422393,-1.939453,0.043945,-0.218262,-31.311035,122.253418,329.040527
1493852620.424948,-1.982422,-0.006348,-0.234863,-34.851074,120.239258,326.110840
1493852620.427498,-1.984375,-0.075195,-0.222656,-34.545898,117.553711,324.218750
1493852620.430127,-1.992676,-0.004883,-0.160645,-37.902832,116.943359,325.134277
1493852620.432807,-1.955566,-0.178223,-0.214844,-41.748047,114.685059,325.622559
1493852620.435489,-1.941895,-0.211426,-0.165527,-46.569824,111.022949,325.500488
1493852620.438178,-1.808594,-0.247070,-0.130859,-47.973633,109.191895,323.486328
1493852620.440866,-1.889160,-0.261230,-0.218262,-47.363281,105.163574,320.495605
1493852620.443549,-1.849609,-0.162598,-0.195312,-48.034668,101.013184,298.400879
1493852620.446229,-1.878906,-0.281250,-0.158691,-48.706055,98.754883,306.579590
1493852620.448915,-1.804199,-0.275391,-0.210938,-50.903320,98.449707,299.499512
1493852620.451602,-1.802246,-0.344727,-0.159668,-48.950195,98.449707,293.395996
1493852620.454285,-1.798340,-0.407715,-0.169434,-45.410156,97.351074,285.522461
1493852620.456968,-1.788574,-0.433105,-0.233887,-42.602539,93.933105,275.085449
1493852620.459623,-1.714844,-0.526855,-0.351562,-37.902832,92.834473,264.221191
1493852620.462206,-1.740723,-0.596680,-0.219238,-36.865234,94.604492,252.014160
1493852620.464757,-1.675781,-0.636230,-0.134766,-34.973145,95.764160,240.295410
1493852620.467305,-1.632324,-0.711426,-0.123535,-35.400391,95.520020,228.881836
1493852620.469928,-1.632812,-0.807617,0.037598,-34.484863,78.186035,216.369629
1493852620.472628,-1.655762,-0.891602,-0.040527,-30.822754,91.552734,205.749512
1493852620.475312,-1.748047,-0.972656,0.051758,-26.306152,87.890625,197.509766
1493852620.477996,-1.562500,-1.027344,0.069336,-21.728516,82.458496,191.223145
1493852620.480687,-1.524902,-1.129883,0.092773,-14.343262,78.430176,183.227539
1493852620.483377,-1.524902,-1.208984,0.107422,-10.314941,73.547363,176.208496
1493852620.486064,-1.472656,-1.322266,0.131836,-7.263184,67.932129,170.654297
1493852620.488753,-1.464355,-1.384277,0.175781,-1.892090,61.523438,168.762207
1493852620.491442,-1.270508,-1.468262,0.134277,3.356934,54.382324,166.137695
1493852620.494123,-1.330566,-1.512695,0.131836,8.300781,48.706055,163.452148
1493852620.496802,-1.190430,-1.561035,0.000488,10.681152,42.846680,160.583496
1493852620.499441,-1.119629,-1.606445,0.206055,17.150879,38.452148,154.174805
1493852620.502012,-1.029785,-1.604492,0.224609,22.583008,36.437988,144.104004
1493852620.504563,-0.943359,-1.576660,0.015625,25.512695,32.409668,128.723145
1493852620.507114,-0.841309,-1.511230,0.107422,25.268555,26.855469,105.163574
1493852620.509690,-0.759277,-1.409180,0.060547,20.507812,18.432617,72.875977
1493852620.512267,-0.759277,-1.378418,0.137695,14.282227,14.465332,34.118652
1493852620.514816,-0.812012,-1.347656,0.077637,9.643555,8.117676,3.601074
1493852620.517356,-0.873535,-1.340820,0.014648,10.925293,6.225586,-13.366699
1493852620.520051,-0.951172,-1.275879,0.041992,15.808105,8.972168,-16.601562
1493852620.522600,-0.989746,-1.240723,-0.021484,17.578125,7.751465,-26.184082
1493852620.525147,-0.933105,-1.138184,0.128418,10.314941,1.037598,-46.020508
1493852620.527694,-1.177734,-0.553711,-0.609375,-36.682129,-33.142090,-76.904297
1493852620.530362,-1.145996,-0.664551,-0.063965,-45.593262,-57.983398,-127.502441
1493852620.533045,-1.092285,-1.021484,0.303711,-37.536621,-33.874512,-173.889160
1493852620.535725,-1.039551,-1.173828,-0.096680,11.413574,5.554199,-204.345703
1493852620.538403,-0.885254,-1.160645,0.192383,13.305664,25.146484,-228.698730
1493852620.541085,-0.713379,-1.268066,0.116699,0.488281,37.292480,-242.370605
1493852620.543767,-0.697754,-1.314941,0.098633,-4.455566,51.879883,-237.731934
1493852620.546447,-0.765137,-1.286621,0.077148,28.015137,69.885254,-214.050293
1493852620.549102,-0.973633,-0.847656,0.114746,76.416016,80.139160,-175.720215
1493852620.551687,-1.221680,-0.312012,0.121094,106.811523,88.134766,-126.953125
1493852620.554240,-1.528809,0.419922,-0.087402,123.229980,73.486328,-79.650879
1493852620.556797,-1.706543,1.138672,-0.158203,144.897461,55.419922,-41.198730
1493852620.559460,-1.903809,1.760742,-0.248047,172.363281,51.086426,22.155762
1493852620.562124,-2.110840,2.194824,-0.349121,209.716797,50.476074,41.320801
1493852620.564679,-2.198242,2.293457,-0.601074,213.073730,45.532227,72.387695
1493852620.567229,-1.776855,1.880371,-0.653809,187.377930,21.606445,51.940918
1493852620.569844,-1.051758,1.587402,-0.812500,117.797852,-30.944824,-17.700195
1493852620.572513,-0.466797,1.208984,-0.606934,48.706055,-99.731445,-110.778809
1493852620.575214,-0.063965,0.854004,-0.184570,39.123535,-155.273438,-209.777832
1493852620.577996,0.162598,0.311035,-0.058594,41.748047,-182.373047,-304.199219
1493852620.580743,0.166016,-0.033691,0.138184,66.833496,-174.560547,-386.108398
1493852620.583430,0.038574,-0.404785,0.263184,74.157715,-136.291504,-452.941895
1493852620.586117,-0.063477,-0.665039,0.308594,60.485840,-72.143555,-497.863770
1493852620.589095,-0.342773,-0.851074,0.308594,44.616699,-2.014160,-509.582520
1493852620.592068,-0.753418,-0.912598,0.094238,34.667969,61.706543,-485.290527
1493852620.594750,-1.196777,-0.856445,-0.229980,33.325195,98.144531,-428.466797
1493852620.597437,-1.511230,-0.725586,-0.391113,30.761719,99.853516,-364.501953
1493852620.600142,-1.827637,-0.576172,-0.439941,29.846191,74.707031,-311.096191
1493852620.602837,-1.849121,-0.481934,-0.514648,41.564941,27.099609,-271.423340
1493852620.605527,-1.562500,-0.416504,-0.476074,61.584473,-31.616211,-233.032227
1493852620.608211,-1.253906,-0.292480,-0.394531,79.345703,-87.219238,-193.176270
1493852620.610827,-0.959961,-0.212402,-0.142578,86.059570,-122.192383,-154.541016
1493852620.613383,-0.823730,-0.139648,-0.003418,98.022461,-131.591797,-125.366211
1493852620.615932,-0.694336,-0.032227,-0.173340,105.041504,-112.854004,-107.482910
1493852620.618503,-0.512695,0.073730,-0.242676,109.497070,-110.778809,-94.848633
1493852620.621071,-0.457031,0.083984,-0.148438,108.764648,-85.449219,-93.139648
1493852620.623620,-0.373047,0.189453,-0.303711,102.294922,-62.011719,-97.656250
1493852620.626168,-0.368164,0.239746,-0.366211,89.111328,-42.785645,-116.821289
1493852620.628730,-0.475098,0.275391,-0.458984,76.782227,-27.587891,-144.104004
1493852620.631297,-0.504883,0.294922,-0.503906,70.495605,-18.188477,-173.034668
1493852620.633851,-0.575195,0.270020,-0.522949,59.020996,-15.747070,-195.312500
1493852620.636657,-0.596680,0.166992,-0.510254,32.592773,-19.897461,-207.519531
1493852620.639525,-0.656738,0.042480,-0.604492,14.343262,-28.869629,-212.524414
1493852620.642195,-0.695312,-0.084961,-0.558105,-9.216309,-39.855957,-212.280273
1493852620.644855,-0.743164,-0.192871,-0.397949,-28.686523,-54.077148,-207.092285
1493852620.647518,-0.779297,-0.344727,-0.264648,-45.593262,-64.270020,-201.904297
1493852620.650192,-0.695801,-0.387695,-0.143066,-42.541504,-73.547363,-191.467285
1493852620.652857,-0.834473,-0.399414,-0.137695,-52.673340,-81.970215,-172.851562
1493852620.656462,-0.797852,-0.443848,0.043945,-60.607910,-87.585449,-137.695312
1493852620.659106,-0.792480,-0.433594,0.067383,-57.006836,-87.280273,-108.032227
1493852620.661688,-0.773438,-0.364746,0.040039,-51.574707,-78.857422,-75.744629
1493852620.664512,-0.745605,-0.312012,0.000977,-42.541504,-62.805176,-43.090820
1493852620.667341,-0.708008,-0.233398,-0.021484,-36.254883,-48.828125,-27.343750
1493852620.669945,-0.700684,-0.022461,-0.059570,-32.104492,-40.832520,-21.728516
1493852620.672548,-0.678711,-0.076172,-0.021484,-28.564453,-38.330078,-15.441895
1493852620.675097,-0.647949,-0.022461,-0.067383,-23.925781,-41.931152,-14.221191
1493852620.677649,-0.662598,0.006836,-0.031250,-23.010254,-44.433594,-17.211914
1493852620.680333,-0.677246,-0.117188,-0.028809,-22.460938,-41.442871,-20.812988
1493852620.683017,-0.621582,0.119629,-0.089844,-23.315430,-34.240723,-23.193359
1493852620.685695,-0.593262,0.009277,-0.021484,-18.859863,-23.193359,-23.925781
1493852620.688378,-0.583984,0.026367,-0.038086,-15.991211,-12.817383,-24.291992
1493852620.691062,-0.513184,0.030762,-0.099609,-15.991211,-4.272461,-23.193359
1493852620.693743,-0.654785,0.035156,-0.152832,-17.089844,-1.586914,-23.681641
1493852620.696420,-0.681152,0.062500,-0.135254,-17.517090,-1.098633,-26.306152
1493852620.699067,-0.652832,0.041016,-0.028320,-16.540527,-1.953125,-27.770996
1493852620.701649,-0.687988,0.006836,-0.095215,-14.526367,-2.014160,-28.503418
1493852620.704201,-0.675293,0.010742,-0.011230,-14.282227,-1.281738,-27.099609
1493852620.706744,-0.681152,0.026367,-0.215820,-13.549805,2.380371,-25.512695
1493852620.709366,-0.645996,0.043457,-0.194336,-15.136719,6.835938,-22.033691
1493852620.711993,-0.646973,0.062012,-0.157715,-15.991211,10.925293,-18.310547
1493852620.714545,-0.688477,0.084961,-0.123047,-19.836426,12.268066,-15.380859
1493852620.717097,-0.636719,0.097656,-0.137695,-20.080566,12.084961,-14.587402
1493852620.719663,-0.685059,0.118652,-0.181152,-20.812988,9.765625,-15.014648
1493852620.722230,-0.645996,0.112793,-0.200195,-21.484375,9.399414,-16.113281
1493852620.724776,-0.640137,0.079590,-0.144043,-21.667480,8.666992,-18.188477
1493852620.727318,-0.625000,0.038086,-0.119141,-23.193359,9.399414,-19.836426
1493852620.729988,-0.653809,0.013672,-0.162109,-22.888184,11.047363,-22.216797
1493852620.732728,-0.648926,-0.019531,-0.211914,-24.291992,12.573242,-23.986816
1493852620.735410,-0.708496,-0.002441,-0.194824,-22.705078,13.061523,-23.376465
1493852620.738102,-0.683105,-0.021973,-0.267090,-20.874023,11.352539,-21.362305
1493852620.740794,-0.700195,-0.022949,-0.162109,-17.822266,9.094238,-18.432617
1493852620.743474,-0.696289,-0.018555,-0.183594,-15.991211,6.958008,-13.610840
1493852620.746156,-0.729492,-0.008789,-0.184570,-13.732910,4.394531,-8.361816
1493852620.748839,-0.744141,0.019043,-0.195801,-13.793945,1.708984,-3.967285
1493852620.751456,-0.754883,0.026855,-0.201172,-12.512207,-1.220703,-0.610352
1493852620.754005,-0.722168,0.013184,-0.117188,-11.169434,-2.746582,1.159668
1493852620.756551,-0.716309,0.029297,-0.123535,-9.033203,-3.417969,2.258301
1493852620.759115,-0.698730,0.058105,-0.103516,-8.300781,-3.662109,1.342773
1493852620.761676,-0.723633,0.049805,-0.122559,-5.920410,-3.601074,-0.854492
1493852620.764218,-0.682129,0.058105,-0.087891,-5.432129,-3.051758,-2.014160
1493852620.766759,-0.681152,0.044434,-0.107422,-5.493164,-1.464844,-2.624512
1493852620.769311,-0.709961,0.053711,-0.229980,-4.699707,-0.244141,-3.967285
1493852620.771864,-0.678223,0.043457,-0.140137,-4.089355,1.281738,-5.493164
1493852620.774403,-0.654785,0.060059,-0.103027,-3.723145,3.540039,-5.004883
1493852620.776943,-0.640625,0.028809,-0.181641,-4.577637,3.295898,-4.882812
1493852620.779588,-0.667480,0.030273,-0.213867,-1.953125,2.563477,-4.577637
1493852620.782292,-0.678223,0.020508,-0.197754,-0.610352,1.770020,-4.577637
1493852620.784994,-0.672363,0.043457,-0.143066,0.549316,-1.037598,-4.028320
1493852620.787699,-0.680176,0.028809,-0.136719,-0.244141,-2.807617,-3.051758
1493852620.790400,-0.696289,0.027344,-0.189453,1.647949,-5.126953,-3.906250
1493852620.793220,-0.668457,0.024414,-0.212402,2.258301,-7.690430,-3.540039
1493852620.795880,-0.709473,0.019043,-0.214844,4.638672,-8.911133,-3.601074
1493852620.798588,-0.674805,0.012695,-0.222656,6.591797,-10.559082,-3.784180
1493852620.801304,-0.660156,0.029297,-0.164062,7.202148,-11.962891,-4.028320
1493852620.803968,-0.635742,0.015137,-0.126953,8.178711,-13.488770,-3.906250
1493852620.806707,-0.655762,0.049805,-0.164551,9.460449,-15.197754,-3.784180
1493852620.809831,-0.630371,0.023438,-0.192383,9.338379,-16.418457,-3.845215
1493852620.812821,-0.644043,0.044922,-0.138184,11.169434,-16.174316,-5.065918
1493852620.815376,-0.630859,0.019043,-0.135254,11.169434,-16.357422,-5.249023
1493852620.817949,-0.646484,0.038574,-0.230469,11.352539,-15.380859,-5.798340
1493852620.820524,-0.625000,0.045898,-0.155762,11.474609,-15.136719,-7.507324
1493852620.823078,-0.650391,0.067871,-0.170898,13.549805,-15.197754,-8.911133
1493852620.825632,-0.612793,0.050781,-0.208984,13.549805,-14.892578,-12.145996
1493852620.828255,-0.617188,0.052246,-0.205078,13.549805,-16.601562,-15.075684
1493852620.830948,-0.648926,0.072754,-0.202637,14.770508,-16.723633,-17.272949
1493852620.833636,-0.617188,0.075195,-0.234863,16.784668,-15.319824,-16.967773
1493852620.836320,-0.620605,0.064453,-0.205566,16.845703,-13.244629,-17.089844
1493852620.839003,-0.702637,0.051758,-0.226074,17.944336,-11.657715,-16.723633
1493852620.841690,-0.605469,0.036133,-0.139648,15.930176,-10.986328,-17.822266
1493852620.844373,-0.609375,0.041504,-0.173828,13.854980,-12.817383,-19.042969
1493852620.847062,-0.627930,0.039062,-0.236328,14.526367,-13.854980,-19.836426
1493852620.849706,-0.613281,0.015625,-0.198730,14.465332,-16.052246,-20.629883
1493852620.852277,-0.664062,0.022949,-0.197754,15.441895,-17.883301,-22.583008
1493852620.854830,-0.627930,0.031250,-0.262695,15.136719,-18.859863,-24.108887
1493852620.857384,-0.638184,0.015625,-0.234863,15.197754,-19.470215,-25.573730
1493852620.859937,-0.632812,0.021484,-0.215820,14.648438,-19.287109,-25.451660
1493852620.862491,-0.654297,0.007812,-0.192383,15.441895,-19.042969,-25.085449
1493852620.865041,-0.665039,0.027344,-0.146484,14.953613,-20.507812,-23.864746
1493852620.867594,-0.659668,0.016602,-0.202148,14.343262,-22.338867,-23.315430
1493852620.870216,-0.668945,0.003418,-0.172852,11.718750,-23.315430,-23.132324
1493852620.872774,-0.501465,0.015625,-0.256836,10.742188,-24.780273,-23.986816
1493852620.875324,-0.652832,-0.001465,-0.183105,10.620117,-25.756836,-25.329590
1493852620.877876,-0.742188,0.013672,-0.173828,12.023926,-27.282715,-25.695801
1493852620.880424,-0.732910,-0.009277,-0.123047,13.488770,-27.832031,-26.123047
1493852620.882977,-0.659668,-0.035156,-0.133301,16.418457,-27.770996,-24.780273
1493852620.885528,-0.726074,0.008789,-0.229004,17.150879,-25.573730,-24.353027
1493852620.888164,-0.603516,0.013184,-0.122559,18.981934,-24.658203,-23.986816
1493852620.890873,-0.730469,0.039551,-0.154785,19.165039,-20.996094,-25.085449
1493852620.893558,-0.607910,0.100586,-0.094238,15.686035,-20.141602,-26.306152
1493852620.896245,-0.655762,0.136719,-0.240234,11.779785,-19.287109,-29.418945
1493852620.898986,-0.616699,0.121582,-0.145996,8.483887,-18.249512,-34.301758
1493852620.901659,-0.666504,0.094238,-0.122559,7.690430,-18.554688,-35.095215
1493852620.904212,-0.666504,0.062012,-0.134277,7.324219,-18.249512,-36.804199
1493852620.906765,-0.658203,0.054688,-0.197754,8.239746,-18.066406,-37.841797
1493852620.909319,-0.668945,0.018555,-0.113281,9.826660,-17.456055,-38.513184
1493852620.911875,-0.650391,0.008789,-0.159668,10.192871,-17.089844,-38.696289
1493852620.914429,-0.682129,0.001465,-0.094238,11.840820,-17.456055,-38.696289
1493852620.916987,-0.696777,-0.000488,-0.154297,11.474609,-17.883301,-37.597656
1493852620.919605,-0.709473,0.020508,-0.196777,11.901855,-18.798828,-37.475586
1493852620.922220,-0.706543,0.023438,-0.144531,12.268066,-19.470215,-36.865234
1493852620.924775,-0.690918,0.024902,-0.126465,15.686035,-21.972656,-34.362793
1493852620.927328,-0.686523,0.017090,-0.092773,16.784668,-23.010254,-33.142090
1493852620.962248,-0.672852,-0.003418,-0.162109,22.216797,-23.864746,-36.621094
1493852620.964960,-0.657715,0.021484,-0.150391,22.094727,-20.263672,-38.635254
1493852620.967565,-0.669434,0.002930,-0.100586,22.033691,-18.127441,-41.015625
1493852620.970116,-0.694336,0.005371,-0.144531,22.583008,-16.784668,-43.090820
1493852620.972668,-0.694824,0.010742,-0.159668,23.498535,-16.174316,-44.006348
1493852620.975221,-0.676758,0.017090,-0.173828,23.864746,-16.113281,-43.762207
1493852620.977838,-0.681152,0.012207,-0.113281,24.841309,-16.357422,-43.212891
1493852620.980458,-0.729980,0.006836,-0.091309,25.268555,-15.625000,-42.907715
1493852620.983014,-0.710449,0.124512,-0.197266,25.024414,-14.892578,-43.823242
1493852620.985567,-0.714355,-0.000488,-0.121582,25.390625,-14.709473,-44.799805
1493852620.988198,-0.823730,0.013672,-0.149902,26.367188,-14.099121,-45.043945
1493852620.990828,-0.727539,0.013672,-0.094238,28.564453,-11.535645,-46.508789
1493852620.993377,-0.736328,0.025391,-0.174805,28.442383,-10.559082,-47.607422
1493852620.995927,-0.726074,0.005371,-0.108887,30.212402,-10.253906,-49.438477
1493852620.998511,-0.715820,0.019043,-0.133301,31.616211,-10.009766,-50.048828
1493852621.001093,-0.757812,-0.092285,-0.156738,30.700684,-9.277344,-50.842285
1493852621.003643,-0.711914,0.120117,-0.088867,32.470703,-8.666992,-51.269531
1493852621.006195,-0.706543,0.010742,-0.171387,32.653809,-7.995605,-52.551270
1493852621.008820,-0.728027,0.026855,-0.154297,31.860352,-7.934570,-53.833008
1493852621.011446,-0.740234,0.016602,-0.206543,32.775879,-8.483887,-55.541992
1493852621.013999,-0.715820,0.022461,-0.043457,33.386230,-8.117676,-57.373047
1493852621.016547,-0.744141,0.046387,-0.236816,32.653809,-7.629395,-60.668945
1493852621.019190,-0.704590,0.025391,-0.080566,34.240723,-7.385254,-62.622070
1493852621.021895,-0.714844,0.036621,-0.106445,33.813477,-6.835938,-64.025879
1493852621.024565,-0.647461,0.045898,-0.119141,31.982422,-6.286621,-65.917969
1493852621.027231,-0.760254,0.030762,-0.026855,31.921387,-6.774902,-67.260742
1493852621.029902,-0.772949,0.042480,-0.079590,32.714844,-7.080078,-68.054199
1493852621.032572,-0.740234,0.065918,-0.078125,29.724121,-6.225586,-70.129395
1493852621.035241,-0.799805,0.083496,-0.091309,29.907227,-5.798340,-73.425293
1493852621.037918,-0.804688,0.104004,-0.101074,26.672363,-6.225586,-75.988770
1493852621.040591,-0.821777,0.061523,-0.032715,25.085449,-5.249023,-80.139160
1493852621.043257,-0.810059,0.087891,-0.052734,25.756836,-5.798340,-82.702637
1493852621.045927,-0.862793,0.085938,-0.108398,24.353027,-7.080078,-85.205078
1493852621.048599,-0.880371,0.090820,-0.034668,24.047852,-8.483887,-87.463379
1493852621.051294,-0.880371,0.089844,-0.097168,23.315430,-9.338379,-89.843750
1493852621.053929,-0.888184,0.108398,-0.081543,23.742676,-10.620117,-92.041016
1493852621.056482,-0.902344,0.087891,-0.008789,23.559570,-11.230469,-94.665527
1493852621.059160,-0.933594,0.089355,-0.024902,23.620605,-12.817383,-95.397949
1493852621.061888,-0.911621,0.092773,-0.070312,23.376465,-16.174316,-96.740723
1493852621.064581,-0.909180,0.130371,-0.072754,23.376465,-16.906738,-98.632812
1493852621.067279,-0.951660,0.111328,-0.035156,23.254395,-18.188477,-101.013184
1493852621.071154,-0.937500,0.134766,-0.054199,22.705078,-19.287109,-105.651855
1493852621.073852,-0.925781,0.138184,-0.095703,21.057129,-20.629883,-109.741211
1493852621.076542,-0.945801,0.142578,-0.136230,20.080566,-20.446777,-114.562988
1493852621.079231,-0.965820,0.146484,-0.092773,20.263672,-20.324707,-119.812012
1493852621.081921,-0.992188,0.154785,-0.230469,21.057129,-21.545410,-123.962402
1493852621.084604,-0.978516,0.161621,-0.111816,21.667480,-23.376465,-131.225586
1493852621.087286,-0.994141,0.150391,-0.144531,21.118164,-22.277832,-140.258789
1493852621.089977,-1.099609,0.205566,-0.161621,19.653320,-20.996094,-148.864746
1493852621.092668,-0.999512,0.179199,-0.093262,18.005371,-18.737793,-154.663086
1493852621.095355,-1.017578,0.212402,-0.013672,13.549805,-16.296387,-160.461426
1493852621.098357,-1.091797,0.204590,-0.145020,12.145996,-13.244629,-165.588379
1493852621.101414,-1.157715,0.214355,-0.138184,12.634277,-13.244629,-168.945312
1493852621.103966,-1.188477,0.260254,-0.251465,12.023926,-14.038086,-169.189453
1493852621.106513,-1.275879,0.262695,-0.205078,9.277344,-15.563965,-171.936035
1493852621.109113,-1.316895,0.281250,-0.318848,9.216309,-13.610840,-175.720215
1493852621.111711,-1.360352,0.308105,-0.372559,8.544922,-11.352539,-178.771973
1493852621.114253,-1.409180,0.314941,-0.345703,13.732910,-7.324219,-184.143066
1493852621.116796,-1.415527,0.306152,-0.388184,18.371582,-3.173828,-189.880371
1493852621.119443,-1.455078,0.296387,-0.417969,22.399902,-0.976562,-196.838379
1493852621.122095,-1.462402,0.331055,-0.447266,25.573730,0.793457,-202.270508
1493852621.124640,-1.470215,0.322266,-0.423828,31.982422,-1.708984,-206.176758
1493852621.127181,-1.479980,0.436035,-0.452637,44.067383,-5.126953,-207.580566
1493852621.129766,-1.515625,0.504883,-0.474121,57.495117,-29.235840,-210.876465
1493852621.132389,-1.529785,0.703125,-0.423340,70.190430,-22.521973,-219.726562
1493852621.134994,-1.567871,0.731445,-0.382324,83.129883,-28.564453,-229.980469
1493852621.137549,-1.544922,0.814453,-0.459961,86.547852,-34.912109,-234.558105
1493852621.140176,-1.566406,0.868652,-0.445801,82.702637,-39.672852,-244.506836
1493852621.142735,-1.510254,0.847656,-0.423828,76.538086,-44.006348,-249.755859
1493852621.146100,-1.494629,0.826172,-0.441406,70.129395,-52.978516,-250.671387
1493852621.149015,-1.476562,0.816406,-0.302246,64.208984,-56.518555,-256.896973
1493852621.151629,-1.485840,0.719238,-0.307129,63.720703,-36.437988,-272.216797
1493852621.154175,-1.425293,0.597656,-0.273926,59.997559,-38.208008,-292.724609
1493852621.156720,-1.423340,0.426270,-0.298828,48.461914,-27.832031,-319.641113
1493852621.159292,-1.478027,0.266113,-0.287598,29.479980,-22.460938,-340.393066
1493852621.161861,-1.460449,0.078613,-0.281250,11.901855,-25.634766,-342.224121
1493852621.164411,-1.472168,-0.094238,-0.245605,4.089355,-32.226562,-355.957031
1493852621.166957,-1.452637,-0.222168,-0.198730,5.310059,-38.146973,-364.013672
1493852621.169511,-1.425293,-0.271484,-0.260254,13.000488,-42.541504,-367.980957
1493852621.172068,-1.377930,-0.257324,-0.191895,34.667969,-44.433594,-367.004395
1493852621.174610,-1.408203,-0.100586,-0.269531,77.392578,-49.621582,-361.389160
1493852621.177161,-1.437012,0.218750,-0.305176,122.863770,-61.401367,-356.872559
1493852621.179775,-1.479980,0.390625,-0.568848,151.428223,-83.435059,-341.125488
1493852621.182385,-1.524902,0.541992,-0.689941,163.146973,-104.614258,-318.054199
1493852621.184929,-1.493652,0.584961,-0.525391,157.775879,-115.661621,-293.762207
1493852621.187476,-1.434570,0.567871,-0.677246,131.835938,-111.633301,-274.719238
1493852621.190178,-1.362305,0.482422,-0.596191,100.524902,-98.022461,-266.601562
1493852621.192736,-1.267090,0.378418,-0.549316,81.298828,-82.702637,-271.362305
1493852621.195291,-1.173340,0.234375,-0.503418,55.175781,-62.744141,-285.888672
1493852621.197925,-1.085449,0.099121,-0.460938,47.363281,-75.561523,-303.771973
1493852621.200636,-1.045898,0.036621,-0.545898,50.903320,-77.270508,-322.082520
1493852621.203310,-0.956543,-0.125000,-0.460938,57.312012,-80.078125,-336.975098
1493852621.205979,-0.943848,0.022949,-0.527832,61.950684,-81.481934,-344.665527
1493852621.208672,-0.894043,0.106445,-0.519043,61.950684,-79.589844,-345.031738
1493852621.211365,-0.914062,0.150391,-0.544922,53.649902,-75.012207,-337.890625
1493852621.214036,-0.764648,0.213867,-0.577637,43.823242,-64.819336,-321.044922
1493852621.216703,-0.841309,0.234375,-0.542969,33.996582,-49.865723,-298.828125
1493852621.219370,-0.821777,0.318848,-0.437988,31.311035,-33.691406,-270.263672
1493852621.222028,-0.752441,0.374512,-0.394043,28.686523,-18.554688,-243.530273
1493852621.224705,-0.688477,0.414551,-0.438965,30.273438,-7.629395,-215.759277
1493852621.227371,-0.660156,0.464355,-0.441895,36.865234,0.976562,-206.787109
1493852621.230081,-0.517090,0.501465,-0.406250,48.339844,7.812500,-185.119629
1493852621.232803,-0.384277,0.576660,-0.321777,72.082520,16.052246,-165.954590
1493852621.235491,-0.269043,0.601074,-0.150391,103.088379,29.479980,-147.216797
1493852621.238299,-0.213867,0.414062,-0.261230,136.291504,36.926270,-131.164551
1493852621.240992,-0.248535,0.168457,-0.273926,152.954102,39.733887,-121.215820
1493852621.243678,-0.118164,-0.070312,-0.134277,156.982422,41.198730,-122.497559
1493852621.246364,-0.093262,-0.315918,0.208496,164.855957,55.969238,-140.380859
1493852621.249090,-0.099609,-0.416504,0.222656,178.039551,82.763672,-170.471191
1493852621.251818,-0.025391,-0.389648,-0.008789,181.518555,96.008301,-199.340820
1493852621.254562,-0.137695,-0.062012,-0.391113,153.503418,85.205078,-201.721191
1493852621.257308,-0.296875,0.062012,-0.757812,55.908203,29.113770,-159.057617
1493852621.259996,-0.349609,0.045898,-0.400391,-59.631348,-48.767090,-85.266113
1493852621.262687,-0.320801,-0.104492,0.060547,-119.384766,-116.882324,-4.821777
1493852621.265370,-0.281250,-0.195312,0.252441,-101.684570,-147.460938,67.443848
1493852621.268146,-0.296387,-0.220215,0.224121,-42.602539,-136.474609,121.520996
1493852621.270905,-0.329590,-0.000977,0.062988,-1.037598,-102.294922,157.165527
1493852621.276337,-0.328613,0.629395,-0.031738,-19.836426,-29.907227,180.541992
1493852621.280921,-0.250488,0.877930,-0.205078,-28.015137,-15.930176,179.077148
1493852621.283473,-0.204102,1.003418,-0.192871,-24.719238,-9.155273,178.100586
1493852621.286017,-0.136230,1.095703,-0.153809,-30.578613,4.394531,174.438477
1493852621.288568,-0.169434,1.117188,-0.136719,-36.010742,1.342773,167.602539
1493852621.291121,-0.118164,1.043945,-0.241699,-58.837891,15.991211,158.020020
1493852621.293672,-0.033691,0.875000,-0.270996,-47.302246,-6.591797,144.348145
1493852621.296220,-0.014160,0.796875,-0.163574,-51.818848,-13.183594,124.633789
1493852621.298865,0.022461,0.798828,-0.067871,-61.401367,-12.390137,99.548340
1493852621.301517,0.054688,0.679688,-0.104980,-62.683105,-1.831055,79.528809
1493852621.304065,0.028320,0.588379,-0.226562,-62.866211,9.094238,65.368652
1493852621.306874,-0.070312,0.535645,-0.244629,-65.185547,21.301270,61.401367
1493852621.310369,-0.071777,0.432129,-0.218750,-72.387695,27.099609,65.246582
1493852621.312920,-0.161133,0.358398,-0.050293,-74.584961,28.625488,73.608398
1493852621.315527,-0.172852,0.339355,-0.052246,-77.758789,23.925781,83.435059
1493852621.318433,-0.231445,0.291016,-0.170898,-79.650879,20.202637,91.125488
1493852621.321269,-0.260742,0.272949,-0.099609,-80.322266,16.967773,97.595215
1493852621.323825,-0.243652,0.252930,-0.220215,-79.833984,16.418457,102.966309
1493852621.326379,-0.233398,0.231934,-0.096680,-80.017090,16.357422,109.985352
1493852621.328938,-0.217773,0.210938,-0.032715,-79.895020,17.028809,118.408203
1493852621.331494,-0.200195,0.192383,-0.004883,-79.162598,17.639160,128.295898
1493852621.334050,-0.227539,0.175781,-0.025879,-78.613281,18.798828,139.526367
1493852621.336605,-0.151367,0.192871,-0.216797,-80.261230,18.920898,144.653320
1493852621.339159,-0.150391,0.175781,-0.059570,-82.336426,18.493652,153.259277
1493852621.341714,-0.135742,0.173340,-0.021484,-83.801270,17.883301,158.447266
1493852621.344265,-0.171387,0.144531,-0.072754,-85.144043,17.639160,164.367676
1493852621.346816,-0.178223,0.162598,-0.232422,-85.205078,17.395020,171.142578
1493852621.349378,-0.180664,0.154785,-0.202148,-87.219238,18.554688,179.016113
1493852621.351943,-0.221191,0.140625,-0.033203,-87.768555,21.423340,187.438965
1493852621.354493,-0.239258,0.154785,-0.156250,-88.806152,22.827148,195.495605
1493852621.357042,-0.293945,0.147461,-0.122559,-88.378906,26.000977,215.209961
1493852621.359684,-0.272461,0.142578,-0.136230,-89.355469,27.832031,207.885742
1493852621.362327,-0.292969,0.155762,-0.019531,-85.327148,29.663086,217.285156
1493852621.364918,-0.338379,0.124512,-0.072754,-83.862305,30.151367,225.097656
1493852621.367515,-0.326660,0.158203,-0.153809,-82.824707,31.372070,232.666016
1493852621.370162,-0.253906,0.158203,-0.101562,-79.956055,31.982422,239.685059
1493852621.372712,-0.356934,0.169922,-0.140137,-77.453613,32.470703,245.239258
1493852621.375300,-0.360840,0.171387,-0.122559,-75.134277,33.142090,251.586914
1493852621.378046,-0.354004,0.216309,-0.160156,-71.716309,33.325195,257.629395
1493852621.380663,-0.354492,0.218262,-0.200684,-68.054199,34.057617,262.268066
1493852621.383314,-0.376465,0.234375,-0.086914,-65.185547,33.386230,264.709473
1493852621.385989,-0.399902,0.235840,-0.130859,-63.171387,32.470703,267.700195
1493852621.388665,-0.353027,0.277832,-0.181641,-60.974121,32.714844,271.301270
1493852621.391263,-0.379883,0.277344,-0.106445,-59.814453,32.348633,274.414062
1493852621.393812,-0.377441,0.296387,-0.131836,-57.006836,32.348633,276.123047
1493852621.396362,-0.416504,0.274902,-0.181152,-54.260254,32.043457,278.015137
1493852621.398931,-0.420898,0.287109,-0.080078,-52.795410,32.531738,279.541016
1493852621.401498,-0.431641,0.272949,-0.085449,-51.269531,32.104492,281.677246
1493852621.404048,-0.489746,0.261230,-0.117676,-48.645020,32.531738,284.729004
1493852621.406600,-0.576660,0.300781,-0.189453,-47.973633,32.287598,287.048340
1493852621.409250,-0.481934,0.277832,-0.082520,-47.119141,33.386230,290.161133
1493852621.411903,-0.526367,0.278809,-0.164062,-46.813965,36.132812,293.395996
1493852621.414457,-0.395508,0.296387,-0.170898,-44.372559,38.818359,295.349121
1493852621.417011,-0.525391,0.287109,-0.068359,-45.166016,39.794922,295.898438
1493852621.419653,-0.529297,0.291016,-0.106934,-42.053223,40.466309,295.776367
1493852621.422348,-0.534180,0.269531,-0.125488,-41.931152,42.236328,296.997070
1493852621.425031,-0.597168,0.280762,-0.050293,-40.527344,43.518066,296.997070
1493852621.427738,-0.573730,0.267578,-0.121094,-40.588379,45.227051,299.865723
1493852621.430427,-0.583984,0.288574,-0.162598,-39.184570,46.447754,302.429199
1493852621.433108,-0.636719,0.284668,-0.149902,-39.001465,47.607422,304.565430
1493852621.435787,-0.648438,0.262695,-0.222656,-36.010742,48.583984,305.847168
1493852621.438473,-0.611328,0.270996,-0.228027,-36.010742,48.706055,307.373047
1493852621.441162,-0.697754,0.228516,-0.106445,-35.156250,50.170898,308.532715
1493852621.443842,-0.692871,0.244629,-0.173828,-35.705566,51.940918,311.767578
1493852621.446522,-0.708496,0.229980,-0.151855,-33.813477,53.405762,314.636230
1493852621.449206,-0.772461,0.125000,-0.164062,-33.630371,54.504395,318.725586
1493852621.451895,-0.769531,0.213867,-0.210449,-31.738281,54.931641,323.242188
1493852621.454576,-0.797852,0.219238,-0.147461,-16.479492,55.786133,328.247070
1493852621.457258,-0.779297,0.205078,-0.072266,-30.334473,58.227539,332.702637
1493852621.459889,-0.842773,0.203125,-0.091309,-29.541016,57.678223,337.097168
1493852621.462450,-0.788574,0.223633,-0.089355,-28.137207,58.471680,341.186523
1493852621.464998,-0.899414,0.272461,-0.195801,-26.733398,59.204102,344.482422
1493852621.467545,-0.945312,0.270020,-0.146484,-25.695801,60.485840,345.581055
1493852621.470174,-1.026855,0.291992,-0.212402,-25.207520,61.767578,348.083496
1493852621.472723,-1.046387,0.306641,-0.152832,-25.878906,61.706543,349.670410
1493852621.475273,-1.122559,0.316406,-0.128418,-26.123047,61.767578,347.473145
1493852621.477891,-1.219727,0.347168,-0.144531,-25.939941,60.913086,344.360352
1493852621.480584,-1.182617,0.332031,-0.246094,-23.864746,62.072754,340.515137
1493852621.483264,-1.240234,0.324707,-0.221680,-20.629883,64.331055,337.646484
1493852621.485940,-1.300781,0.299316,-0.197266,-17.395020,67.138672,335.815430
1493852621.488679,-1.258789,0.272461,-0.227051,-19.531250,68.481445,334.594727
1493852621.491422,-1.437012,0.136719,-0.297363,-21.057129,68.725586,337.036133
1493852621.494093,-1.496582,0.202148,-0.265625,-27.099609,68.237305,340.393066
1493852621.496766,-1.547852,0.128418,-0.366211,-33.508301,66.833496,340.820312
1493852621.499474,-1.547852,0.076172,-0.238281,-41.625977,66.833496,336.975098
1493852621.502121,-1.582031,0.017578,-0.226562,-44.555664,68.542480,325.561523
1493852621.504671,-1.619629,-0.088379,-0.234863,-49.316406,75.317383,311.218262
1493852621.507218,-1.714844,-0.140137,-0.348633,-53.771973,86.364746,298.828125
1493852621.509784,-1.662109,-0.233887,-0.283691,-62.927246,95.458984,295.166016
1493852621.512348,-1.656250,-0.281250,-0.304199,-73.852539,101.013184,294.433594
1493852621.515012,-1.696777,-0.466309,-0.302246,-86.669922,103.515625,300.537109
1493852621.517562,-1.746094,-0.391602,-0.256836,-90.820312,104.553223,309.936523
1493852621.520182,-1.757812,-0.596680,-0.326660,-92.163086,99.548340,319.580078
1493852621.522864,-1.822266,-0.519043,-0.373535,-97.900391,99.914551,326.904297
1493852621.525544,-1.843750,-0.542969,-0.335449,-105.834961,98.815918,334.045410
1493852621.528252,-1.843750,-0.550781,-0.220703,-111.572266,95.703125,340.698242
1493852621.530956,-1.759766,-0.599121,-0.179199,-115.783691,92.895508,346.618652
1493852621.533634,-1.839355,-0.501465,-0.207520,-115.051270,89.599609,352.355957
1493852621.536317,-1.888184,-0.609863,-0.241699,-113.464355,88.378906,353.271484
1493852621.539000,-1.823730,-0.623535,-0.341797,-108.947754,86.242676,349.182129
1493852621.541684,-1.783691,-0.626953,-0.261719,-105.163574,83.374023,339.416504
1493852621.544370,-1.845703,-0.650391,-0.319824,-101.257324,81.787109,325.744629
1493852621.547052,-1.700684,-0.686523,-0.285645,-99.182129,81.176758,311.401367
1493852621.549689,-1.647949,-0.705078,-0.384766,-95.153809,81.420898,296.630859
1493852621.552257,-1.665039,-0.750977,-0.385254,-94.055176,84.106445,282.104492
1493852621.554845,-1.616699,-0.835449,-0.333984,-91.430664,88.562012,274.353027
1493852621.557441,-1.550293,-0.919434,-0.420898,-92.285156,90.759277,259.521484
1493852621.560217,-1.515625,-0.986816,-0.354980,-94.055176,93.811035,244.018555
1493852621.562865,-1.391602,-1.130371,-0.339844,-97.412109,96.557617,210.144043
1493852621.565616,-1.453613,-1.339355,-0.370605,-97.045898,100.646973,189.636230
1493852621.568593,-1.451660,-1.323730,-0.293945,-96.435547,104.919434,172.363281
1493852621.571598,-1.484375,-1.491699,-0.312988,-98.205566,108.520508,157.165527
1493852621.574289,-1.525391,-1.562012,-0.175293,-97.167969,107.055664,152.648926
1493852621.576976,-1.722168,-1.659668,-0.066406,-94.055176,101.074219,158.813477
1493852621.579684,-1.662598,-1.751465,-0.006836,-84.350586,88.317871,180.236816
1493852621.582395,-1.673828,-1.824219,0.038086,-69.580078,72.570801,209.045410
1493852621.585083,-1.586914,-1.892578,0.000000,-46.325684,61.340332,234.741211
1493852621.587775,-1.401855,-1.867676,-0.007812,-19.897461,55.786133,243.713379
1493852621.590392,-1.226562,-1.873047,-0.009277,-4.760742,51.269531,229.919434
1493852621.592939,-0.901855,-1.857422,-0.072754,5.371094,47.790527,200.439453
1493852621.595489,-0.764648,-1.808105,-0.067871,7.812500,43.090820,180.358887
1493852621.598041,-0.860352,-1.780762,-0.062012,6.103516,37.414551,138.916016
1493852621.600599,-0.697754,-1.761719,-0.041504,5.493164,30.517578,97.717285
1493852621.603152,-0.838379,-1.748535,0.010254,5.126953,26.367188,61.645508
1493852621.605705,-0.763184,-1.680664,0.010742,3.295898,24.597168,36.071777
1493852621.608286,-0.857422,-1.705078,-0.032715,4.455566,23.498535,16.540527
1493852621.610864,-0.911133,-1.496094,-0.146484,0.305176,18.859863,-13.244629
1493852621.613417,-0.820801,-1.150391,-0.178711,-3.540039,0.183105,-49.377441
1493852621.615967,-0.927734,-1.500977,0.186523,-21.606445,-28.137207,-87.280273
1493852621.618593,-0.954590,-1.798828,0.067383,-26.855469,-25.634766,-109.252930
1493852621.621224,-1.193359,-1.710938,0.024414,-18.432617,-18.981934,-104.064941
1493852621.623779,-1.274902,-1.642090,-0.038086,-14.587402,-41.564941,-107.482910
1493852621.626335,-1.183594,-1.561035,0.005371,-6.896973,-63.110352,-119.689941
1493852621.628999,-1.062500,-1.527344,0.088379,-0.610352,-66.528320,-128.112793
1493852621.631727,-0.986816,-1.421387,0.011230,8.300781,-63.110352,-126.525879
1493852621.634388,-1.104980,-0.935547,-0.134277,13.916016,-68.969727,-120.971680
1493852621.636989,-1.354980,-0.856934,-0.626953,-6.408691,-59.387207,-129.028320
1493852621.639603,-1.191406,-0.936035,0.182617,27.709961,-31.494141,-156.616211
1493852621.642220,-0.752930,-1.068848,-0.178711,37.780762,38.146973,-179.077148
1493852621.644981,-0.466309,-1.002441,0.142090,72.570801,114.440918,-173.461914
1493852621.647778,-0.430664,-0.528809,-0.474121,90.942383,127.136230,-140.380859
1493852621.650486,-0.718262,0.060059,-0.350586,120.910645,127.258301,-102.111816
1493852621.653033,-1.090820,0.726074,-0.447754,148.864746,123.779297,-67.321777
1493852621.655580,-1.336914,1.375488,-0.507324,174.621582,114.562988,-16.845703
1493852621.658152,-1.614258,2.054688,-0.384766,217.102051,105.224609,-3.784180
1493852621.660721,-2.019043,2.632812,-0.457520,248.229980,83.862305,46.997070
1493852621.663268,-2.676758,3.029297,-0.648438,254.455566,56.091309,71.350098
1493852621.665815,-2.724609,2.979492,-0.754883,253.479004,28.076172,25.390625
1493852621.668408,-1.951172,2.405273,-0.857422,202.087402,-27.404785,-86.303711
1493852621.671002,-0.536133,1.746582,-0.806152,128.234863,-65.002441,-211.975098
1493852621.673548,0.120605,1.113770,-0.493652,92.895508,-153.747559,-324.035645
1493852621.676098,0.337402,0.537598,-0.101074,105.773926,-231.994629,-422.180176
1493852621.678684,0.474609,-0.043945,0.190918,135.131836,-265.197754,-501.525879
1493852621.681264,0.291504,-0.624512,0.465820,152.221680,-245.422363,-553.527832
1493852621.683809,0.062988,-0.929199,0.384277,150.573730,-179.199219,-627.197266
1493852621.686354,-0.252930,-1.068359,0.276855,117.614746,-82.153320,-675.964355
1493852621.688972,-0.824219,-0.950684,-0.050781,107.177734,18.310547,-667.541504
1493852621.691598,-1.295898,-0.921387,-0.253418,82.885742,89.904785,-603.088379
1493852621.694152,-1.719727,-0.952637,-0.511230,52.734375,102.966309,-527.648926
1493852621.696707,-1.995605,-0.961914,-0.687012,22.338867,98.388672,-470.947266
1493852621.699369,-1.939453,-0.952637,-0.585938,8.850098,46.020508,-418.395996
1493852621.702093,-1.815918,-0.900391,-0.468262,23.132324,-32.226562,-357.849121
1493852621.704773,-1.543945,-0.798340,-0.248047,56.457520,-112.487793,-287.536621
1493852621.707453,-1.362793,-0.700195,-0.004395,89.477539,-158.691406,-205.261230
1493852621.710144,-1.059570,-0.545898,-0.004395,112.060547,-163.635254,-153.869629
1493852621.712824,-0.698242,-0.362793,-0.062012,120.422363,-138.671875,-107.971191
1493852621.715504,-0.398438,-0.294434,-0.201172,115.783691,-99.548340,-58.898926
1493852621.718189,-0.273438,-0.155762,-0.308105,97.595215,-61.828613,-58.349609
1493852621.720876,-0.181152,0.023438,-0.597656,72.509766,-33.996582,-70.434570
1493852621.723558,-0.285156,0.147461,-0.629395,40.161133,-20.874023,-96.435547
1493852621.726243,-0.478027,0.030762,-0.650879,4.028320,-22.644043,-130.187988
1493852621.728930,-0.558105,0.072754,-0.519531,-34.912109,-39.306641,-167.602539
1493852621.731620,-0.599121,-0.081543,-0.256836,-68.969727,-64.392090,-190.979004
1493852621.734303,-0.777344,-0.240234,-0.054199,-86.242676,-85.388184,-182.006836
1493852621.736986,-0.875488,-0.421387,-0.003418,-90.270996,-91.674805,-151.794434
1493852621.739628,-0.909180,-0.510254,0.041992,-89.050293,-80.749512,-117.980957
1493852621.742198,-0.850586,-0.524414,-0.058594,-79.956055,-62.744141,-81.604004
1493852621.744749,-0.774902,-0.444824,-0.224609,-66.955566,-37.353516,-52.551270
1493852621.747298,-0.711426,-0.258789,-0.322754,-53.710938,-42.114258,-28.869629
1493852621.749862,-0.640625,-0.019043,-0.344238,-43.212891,-44.555664,-7.751465
1493852621.752424,-0.682129,-0.134277,-0.298340,-41.748047,-55.236816,-2.136230
1493852621.754971,-0.656250,-0.020996,-0.229980,-39.794922,-70.678711,-3.356934
1493852621.757520,-0.676758,-0.032715,-0.112793,-39.367676,-82.275391,-13.732910
1493852621.760140,-0.628906,-0.029297,-0.019043,-37.536621,-90.148926,-27.099609
1493852621.762823,-0.615234,-0.038574,-0.051758,-40.283203,-82.580566,-34.790039
1493852621.765577,-0.557617,-0.040039,-0.041504,-40.954590,-67.443848,-34.301758
1493852621.768341,-0.578613,-0.065918,0.050781,-40.588379,-46.813965,-31.188965
1493852621.771031,-0.565918,-0.037109,-0.066406,-38.696289,-28.198242,-26.611328
1493852621.773712,-0.604492,-0.010742,-0.107422,-38.635254,-17.333984,-22.460938
1493852621.776393,-0.628906,-0.007324,-0.090820,-40.161133,-14.160156,-19.165039
1493852621.779080,-0.643066,0.022949,-0.216797,-40.527344,-15.075684,-18.981934
1493852621.781771,-0.626465,0.070801,-0.118652,-38.269043,-18.066406,-18.798828
1493852621.784569,-0.675293,0.062988,-0.046875,-37.475586,-18.676758,-19.348145
1493852621.787251,-0.716309,0.035156,-0.026855,-36.804199,-15.686035,-20.629883
1493852621.789880,-0.643066,0.053711,-0.187988,-35.888672,-10.925293,-23.437500
1493852621.792437,-0.652832,0.028809,-0.239746,-36.071777,-9.094238,-24.841309
1493852621.795042,-0.676758,0.012695,-0.224121,-36.010742,-5.004883,-25.634766
1493852621.797652,-0.640137,0.014648,-0.150391,-35.278320,-2.868652,-25.146484
1493852621.801392,-0.636230,0.009766,-0.120605,-34.606934,-5.065918,-23.132324
1493852621.804095,-0.675293,-0.011230,-0.102051,-32.348633,-6.896973,-18.249512
1493852621.806650,-0.709473,-0.007324,-0.070801,-29.785156,-6.835938,-15.075684
1493852621.809251,-0.672852,-0.024414,-0.087402,-27.282715,-6.835938,-12.573242
1493852621.811913,-0.692871,-0.017090,-0.055664,-22.949219,-4.638672,-11.901855
1493852621.814590,-0.685059,-0.040039,-0.090820,-19.836426,-1.892090,-13.000488
1493852621.817271,-0.647949,-0.041504,-0.108887,-1.281738,1.831055,-13.061523
1493852621.819952,-0.727539,-0.018066,-0.053711,-12.695312,4.699707,-10.986328
1493852621.822641,-0.700684,-0.014160,-0.202148,-11.962891,6.103516,-8.056641
1493852621.825321,-0.668945,0.018555,-0.160645,-12.451172,4.699707,-3.662109
1493852621.827992,-0.709473,0.026367,-0.134277,-11.535645,4.638672,-0.122070
1493852621.830594,-0.703125,0.047852,-0.248047,-12.145996,4.211426,2.258301
1493852621.833140,-0.658691,0.022949,-0.168945,-11.718750,2.807617,2.990723
1493852621.835689,-0.662109,0.011230,-0.220703,-9.094238,2.990723,3.112793
1493852621.838236,-0.626465,0.048340,-0.278809,-7.751465,3.173828,2.197266
1493852621.840782,-0.664062,0.016602,-0.199219,-6.347656,2.563477,0.549316
1493852621.843327,-0.666992,0.039062,-0.267090,-7.446289,-0.427246,-1.464844
1493852621.845871,-0.663574,0.044922,-0.251465,-7.751465,-2.746582,-3.234863
1493852621.848462,-0.644531,0.048828,-0.225586,-6.225586,-5.065918,-3.784180
1493852621.851051,-0.670898,0.041016,-0.155762,-6.042480,-8.544922,-3.845215
1493852621.853593,-0.719238,0.044922,-0.192871,-4.089355,-12.023926,-2.868652
1493852621.856141,-0.685059,0.047852,-0.145996,-2.563477,-14.770508,-2.136230
1493852621.858788,-0.739258,0.029297,-0.106445,-3.051758,-15.319824,-1.708984
1493852621.861501,-0.726562,0.031250,-0.041504,-0.732422,-17.333984,-1.525879
1493852621.864181,-0.701172,0.031250,-0.229980,0.976562,-16.540527,-0.915527
1493852621.866859,-0.682129,0.039551,-0.109375,3.601074,-14.953613,-0.427246
1493852621.869544,-0.680664,0.033203,-0.125000,6.042480,-13.610840,-1.098633
1493852621.872231,-0.628418,0.077148,-0.151855,7.690430,-12.145996,-2.380371
1493852621.874906,-0.660156,0.036621,-0.126953,8.728027,-11.047363,-4.150391
1493852621.877586,-0.681152,0.030762,-0.175781,7.446289,-10.314941,-7.202148
1493852621.880257,-0.638184,0.047852,-0.201172,8.666992,-9.948730,-9.216309
1493852621.882801,-0.625000,0.058594,-0.154785,8.728027,-9.765625,-11.901855
1493852621.885348,-0.634277,0.026855,-0.136230,9.277344,-10.070801,-13.854980
1493852621.887938,-0.641113,0.036133,-0.239746,10.314941,-9.704590,-15.136719
1493852621.890531,-0.643066,0.014648,-0.108398,10.192871,-9.033203,-14.892578
1493852621.893080,-0.628906,0.043945,-0.233398,11.169434,-8.605957,-14.770508
1493852621.895626,-0.605469,0.002930,-0.177246,12.634277,-8.483887,-13.854980
1493852621.898180,-0.663574,0.015137,-0.206543,13.671875,-8.361816,-13.488770
1493852621.900737,-0.635742,0.026367,-0.266113,14.160156,-9.033203,-13.244629
1493852621.903285,-0.652344,0.018555,-0.134766,30.700684,-9.338379,-12.878418
1493852621.905833,-0.634766,0.019531,-0.198730,18.859863,-9.338379,-10.864258
1493852621.908428,-0.585449,0.026855,-0.217773,20.080566,-9.216309,-9.887695
1493852621.911024,-0.636230,0.038574,-0.192871,21.606445,-9.399414,-9.338379
1493852621.913571,-0.608887,0.050293,-0.268066,19.592285,-10.620117,-10.009766
1493852621.916123,-0.648438,0.034668,-0.181641,19.348145,-12.634277,-10.925293
1493852621.918731,-0.613281,0.082031,-0.237793,18.920898,-14.465332,-12.329102
1493852621.921408,-0.613281,0.025391,-0.205566,20.202637,-15.441895,-14.099121
1493852621.924255,-0.599121,0.059570,-0.231445,17.822266,-16.723633,-16.479492
1493852621.926986,-0.639160,0.042480,-0.238281,18.005371,-17.211914,-17.456055
1493852621.929625,-0.742676,0.062012,-0.246094,17.272949,-18.188477,-19.653320
1493852621.932193,-0.742676,0.028809,-0.175293,16.296387,-18.615723,-20.507812
1493852621.934745,-0.629883,0.030762,-0.244141,16.479492,-20.568848,-20.690918
1493852621.937294,-0.643066,0.043945,-0.180664,15.930176,-21.423340,-22.399902
1493852621.939921,-0.640625,0.027344,-0.162109,16.235352,-23.315430,-22.155762
1493852621.942619,-0.650391,0.026367,-0.214844,18.005371,-24.536133,-21.118164
1493852621.945297,-0.644043,0.026367,-0.157715,19.531250,-25.085449,-19.470215
1493852621.947984,-0.656738,0.028809,-0.236816,18.005371,-24.597168,-18.554688
1493852621.950671,-0.650879,0.046387,-0.159668,18.310547,-24.353027,-18.432617
1493852621.953354,-0.604492,0.042480,-0.131836,17.639160,-23.742676,-18.920898
1493852621.956038,-0.742676,0.040527,-0.191406,15.625000,-22.888184,-21.057129
1493852621.958703,-0.642578,0.038086,-0.155762,15.625000,-22.216797,-24.169922
