43 16 3
-0.027296 0.012739 -0.123565 0.031673 0.000400 0.000661 0.003134 0.006723 0.001074 0.023287 0.061885 2.594495 0.000269 0.000730 0.035585 1.425752
1 -1 -1
-0.005817 -0.227587 0.421594 -3.346510 0.011613 0.005153 0.003148 0.076160 0.105241 0.286389 0.121239 20.464584 1.127617 0.031561 0.034084 1.721585
1 -1 -1
-0.661034 -0.896350 -0.115634 -1.309830 0.194517 0.017946 0.002536 0.014883 1.387134 0.646429 0.015513 8.386789 0.601301 0.013616 0.016164 1.519786
-1 1 -1
0.016992 0.092024 0.132730 0.024762 0.033032 0.003124 0.001329 0.013262 0.311557 0.265215 0.133718 9.591941 1.038044 0.007249 0.022452 1.082083
1 -1 -1
-1.017355 -0.769404 0.100208 -0.707887 0.168874 0.009096 0.000926 0.016145 1.688232 0.616160 0.027193 8.485150 0.380679 0.021770 0.004288 1.347372
-1 1 -1
0.020436 0.116855 0.099212 -1.164364 0.045500 0.014452 0.000954 0.042364 0.505256 0.230425 0.039688 17.728414 0.777758 0.022850 0.009911 1.154274
1 -1 -1
-0.945114 -1.294872 0.115073 0.082908 0.147852 0.018088 0.001935 0.013865 1.409031 0.475933 0.025569 3.082804 0.400272 0.021546 0.018296 1.093024
-1 1 -1
0.069402 0.333054 0.037121 -0.844066 0.028827 0.025819 0.001250 0.013362 0.414039 0.379878 0.064717 5.831154 0.724866 0.018320 0.012004 0.755534
1 -1 -1
-1.129332 -2.018552 0.307421 0.157776 0.097774 0.057732 0.002883 0.018699 1.741229 0.906794 0.034252 7.011121 0.195219 0.022784 0.030921 1.566984
-1 1 -1
0.009288 0.127392 0.093358 -3.430836 0.032325 0.000592 0.002764 0.072663 0.372345 0.180670 0.086790 12.359532 1.124960 0.003799 0.024793 1.119825
1 -1 -1
-0.826566 -0.778200 0.297120 -0.242855 0.197418 0.007091 0.002812 0.013642 0.796981 0.838434 0.187591 4.037798 0.498879 0.014102 0.031261 1.652976
-1 1 -1
-0.106384 0.282697 0.409041 1.221615 0.022210 0.001561 0.000546 0.022843 0.150078 0.181864 0.062856 6.022341 1.128469 0.012774 0.014946 1.135736
1 -1 -1
-0.990670 -2.057298 -0.398552 0.118540 0.108519 0.031893 0.001020 0.023885 1.981646 0.435235 0.100599 6.906584 0.312143 0.011817 0.013501 1.478795
-1 1 -1
-0.051869 0.409400 0.475077 -0.629023 0.028777 0.001991 0.001592 0.020968 0.180992 0.146837 0.144424 8.420743 0.975528 0.006993 0.016315 1.073306
1 -1 -1
-1.058787 -1.931294 -0.309401 -0.492825 0.116596 0.020198 0.001773 0.018531 1.029933 0.953703 0.346889 4.058149 0.327294 0.016437 0.024919 1.766603
-1 1 -1
-0.170050 0.077887 0.346720 -1.794801 0.027551 0.001280 0.003812 0.047031 0.249057 0.168106 0.074264 22.265132 1.229861 0.002023 0.039722 1.207923
1 -1 -1
-0.942137 -0.685968 0.036201 0.290472 0.206225 0.009325 0.000952 0.015863 1.493439 0.781341 0.067191 7.335037 0.661393 0.013322 0.023542 1.534136
-1 1 -1
-0.099517 0.425800 0.020511 -1.801902 0.034793 0.001457 0.001578 0.056099 0.227894 0.211513 0.034440 17.366572 1.069103 0.010075 0.019100 1.379309
1 -1 -1
-0.754753 -1.624858 -0.087381 -0.072525 0.239519 0.051071 0.002761 0.008871 2.126935 0.809110 0.058002 2.800663 0.606583 0.038040 0.026523 1.536977
-1 1 -1
-0.118091 0.248795 -0.117414 -1.174065 0.012057 0.003126 0.002784 0.034943 0.142034 0.253196 0.134777 17.320271 1.165057 0.006810 0.007042 1.221464
1 -1 -1
-0.760847 -1.327231 0.185448 0.378192 0.167121 0.026293 0.001535 0.009826 1.523184 0.663775 0.038951 3.143996 0.574413 0.040068 0.011102 1.286302
-1 1 -1
-0.017338 0.454222 0.320964 -3.163548 0.025614 0.001309 0.001511 0.056488 0.158102 0.199479 0.108058 20.135245 0.972856 0.009542 0.027001 1.335382
1 -1 -1
-0.095596 0.955436 0.457345 5.124009 0.030435 0.002147 0.001984 0.029008 0.223229 0.168510 0.108562 0.588719 1.230985 0.012820 0.010574 1.350132
1 -1 -1
0.811678 0.703936 0.845930 1.939390 0.095849 0.003581 0.001150 0.008282 0.702033 0.070742 0.209410 3.363739 0.711561 0.017990 0.012823 1.810596
-1 -1 1
0.022959 0.228034 -0.012847 5.706672 0.015790 0.001377 0.001328 0.076295 0.223867 0.193577 0.023604 2.606127 1.417447 0.001561 0.011445 1.207934
1 -1 -1
0.700364 -0.085549 0.627320 2.262252 0.106029 0.010078 0.003437 0.009835 0.112204 0.139211 0.104087 1.540332 0.990064 0.022234 0.050787 1.506124
-1 -1 1
0.026908 -0.208334 0.209081 5.588168 0.017682 0.001328 0.000893 0.038936 0.066621 0.250066 0.085680 2.885428 1.223218 0.004013 0.014067 1.017800
1 -1 -1
0.644973 0.039688 0.490948 2.178148 0.067000 0.008379 0.001111 0.012670 0.655319 0.170735 0.116100 5.525488 0.584650 0.019764 0.018846 1.426513
-1 -1 1
-0.041099 0.908921 -0.197855 4.778228 0.023302 0.002452 0.000918 0.041692 0.256125 0.210097 0.028296 1.059230 1.301199 0.004036 0.010763 1.010089
1 -1 -1
0.833143 0.126723 0.347989 1.731345 0.075739 0.021888 0.000688 0.008891 0.165235 0.398447 0.088899 1.029318 0.608872 0.024779 0.022198 1.581247
-1 -1 1
-0.041913 0.254434 0.315676 4.457816 0.014036 0.002263 0.000986 0.046572 0.051589 0.208664 0.057636 1.301098 1.117467 0.006576 0.012181 1.215435
1 -1 -1
0.627207 0.805474 0.747705 2.765478 0.055700 0.002324 0.000489 0.010828 0.336901 0.097252 0.087408 1.297765 0.770584 0.010401 0.013011 1.403357
-1 -1 1
-0.037653 0.309413 0.381001 6.002819 0.024346 0.001691 0.000964 0.066638 0.093803 0.214462 0.084642 0.842247 1.273064 0.012481 0.016673 1.163467
1 -1 -1
0.557939 0.605465 -0.249368 2.662535 0.063122 0.001755 0.000832 0.009572 0.131772 0.073290 0.070023 4.994815 0.963862 0.021949 0.047468 1.423892
-1 -1 1
-0.027943 1.015359 0.087170 5.661212 0.013858 0.001128 0.001122 0.058361 0.060071 0.113281 0.033914 2.484537 0.994415 0.006918 0.012991 1.059655
1 -1 -1
0.493037 0.251172 0.837178 1.687460 0.063474 0.012297 0.001986 0.011961 0.360216 0.244908 0.205365 8.115538 0.623892 0.030375 0.026533 1.480939
-1 -1 1
0.102943 0.158825 -0.127788 5.429644 0.031114 0.002705 0.000917 0.052751 0.162233 0.118675 0.073189 1.822417 1.191593 0.009977 0.014856 1.187104
1 -1 -1
0.718834 0.014677 0.515122 1.728776 0.061437 0.016041 0.001043 0.006346 0.189287 0.315034 0.090743 1.510435 0.574373 0.021388 0.023333 1.499196
-1 -1 1
0.056862 0.209713 0.391890 6.274194 0.020668 0.002033 0.000674 0.054247 0.073226 0.088074 0.077357 1.800094 1.224558 0.003673 0.014544 1.087431
1 -1 -1
0.451645 0.302029 0.418014 2.321284 0.054358 0.009309 0.000967 0.012178 0.425627 0.136986 0.084873 4.783684 0.647875 0.020059 0.025245 1.552837
-1 -1 1
-0.042782 0.206676 0.156466 4.985364 0.019336 0.000797 0.000734 0.044474 0.263977 0.181143 0.064864 1.171903 1.145626 0.003687 0.012782 1.033088
1 -1 -1
0.664342 0.241058 0.338874 3.254993 0.059914 0.004022 0.000856 0.009278 0.117607 0.200659 0.031276 1.661453 0.831229 0.013007 0.041451 1.205180
-1 -1 1
-0.078596 0.210812 0.441955 3.333228 0.020118 0.001662 0.000555 0.018958 0.059876 0.198255 0.079343 1.083031 1.010304 0.015756 0.008069 1.011731
1 -1 -1

