0.251000 0.489988 -0.375626
1 -1 -1
0.230000 0.565263 -0.432243
1 -1 -1
0.243000 0.577585 -0.388641
1 -1 -1
0.237000 0.572536 -0.434798
1 -1 -1
0.238000 0.574703 -0.400368
1 -1 -1
0.261000 0.551603 -0.396693
1 -1 -1
0.344000 0.278448 -0.186916
-1 1 -1
0.338000 0.323989 -0.205148
-1 1 -1
0.314000 0.341160 -0.210379
-1 1 -1
0.308000 0.348415 -0.201477
-1 1 -1
0.314000 0.355835 -0.196159
-1 1 -1
0.151000 0.194145 -0.117409
-1 -1 1
0.190000 0.196075 -0.109723
-1 -1 1
0.182000 0.218750 -0.114769
-1 -1 1
0.162000 0.212516 -0.101132
-1 -1 1
0.180000 0.200126 -0.111810
-1 -1 1
0.160000 0.201004 -0.123995
-1 -1 1
0.168000 0.192121 -0.121046
-1 -1 1
