22 3 2
0.110909 -0.326965 0.378418
1 -1 
0.113278 -0.659943 0.418274
1 -1 
0.106618 -0.712982 0.404297
1 -1 
0.195575 -0.689514 0.362305
1 -1 
0.123618 -0.505524 0.416992
1 -1 
0.108931 -0.713898 0.413971
1 -1 
0.103687 -0.719849 0.415192
1 -1 
0.107748 -0.720398 0.416351
1 -1 
0.103546 -0.727448 0.409302
1 -1 
0.105662 -0.732422 0.439697
1 -1 
0.175624 -0.711884 0.463745
1 -1 
0.121524 -0.362854 0.358917
1 -1 
0.109780 -0.656036 0.393707
1 -1 
0.160657 -0.648529 0.432159
1 -1 
0.116375 -0.321564 0.398132
1 -1 
0.103714 -0.762817 0.479614
1 -1 
0.102407 -0.749512 0.432068
1 -1 
0.103460 -0.731140 0.465027
1 -1 
0.101632 -0.735474 0.454468
1 -1 
0.102403 -0.721313 0.412109
1 -1 
0.102608 -0.744293 0.426941
1 -1 
0.102608 -0.714600 0.378937
1 -1 
