40 3 2
0.104686 -0.740540 0.393555
1 -1 
0.143590 -0.740845 0.463684
1 -1 
0.120468 -0.324982 0.470154
1 -1 
0.102682 -0.751770 0.403442
1 -1 
0.112005 -0.726074 0.415771
1 -1 
0.112019 -0.689880 0.367950
1 -1 
0.103720 -0.753784 0.441254
1 -1 
0.106700 -0.749084 0.431244
1 -1 
0.154157 -0.681702 0.457520
1 -1 
0.112123 -0.297699 0.384644
1 -1 
0.105819 -0.741211 0.399658
1 -1 
0.144625 -0.700195 0.413727
1 -1 
0.111217 -0.413116 0.416901
1 -1 
0.103441 -0.812103 0.400604
1 -1 
0.101485 -0.805969 0.457214
1 -1 
0.103549 -0.764038 0.499451
1 -1 
0.100410 -0.798920 0.456970
1 -1 
0.101601 -0.794495 0.448761
1 -1 
0.157485 -0.733307 0.482910
1 -1 
0.109960 -0.287598 0.418427
1 -1 
0.105642 -0.753510 0.419495
1 -1 
0.161730 -0.693268 0.473694
1 -1 
0.127697 -0.268433 0.419800
1 -1 
0.102782 -0.785858 0.424255
1 -1 
0.100433 -0.788605 0.484833
1 -1 
0.103500 -0.781097 0.460083
1 -1 
0.099309 -0.772308 0.432648
1 -1 
0.103727 -0.772644 0.498505
1 -1 
0.148888 -0.731842 0.464294
1 -1 
0.114050 -0.383362 0.434937
1 -1 
0.101462 -0.761658 0.412445
1 -1 
0.124844 -0.741577 0.443665
1 -1 
0.107749 -0.278809 0.452454
1 -1 
0.099367 -0.816040 0.424469
1 -1 
0.099370 -0.776917 0.444763
1 -1 
0.100485 -0.784668 0.429504
1 -1 
0.099341 -0.787109 0.502106
1 -1 
0.099357 -0.785187 0.529266
1 -1 
0.105790 -0.764404 0.533142
1 -1 
0.105790 -0.699615 0.425629
1 -1 
