1493265796.322212,-0.474609,0.568848,0.161621,-2.929688,-1.525879,-2.380371
1493265796.327888,-0.274414,0.528809,0.213867,-2.807617,-1.342773,-2.319336
1493265796.333695,-0.466309,0.542969,0.197754,-0.854492,-1.281738,-2.380371
1493265796.339358,-0.338379,0.552246,0.325684,-0.854492,-1.892090,-2.624512
1493265796.344997,-0.380859,0.544434,0.206543,-2.258301,-1.831055,-2.502441
1493265796.350613,-0.278809,0.550781,0.229492,-2.075195,-1.831055,-2.990723
1493265796.356310,-0.372070,0.546387,0.229004,-2.197266,-1.159668,-3.295898
1493265796.362025,-0.448730,0.539551,0.132324,-2.136230,-1.220703,-2.502441
1493265796.367745,-0.277344,0.533203,0.142090,-1.464844,-1.892090,-3.356934
1493265796.373605,-0.254883,0.525879,0.128418,-2.258301,-1.464844,-2.624512
1493265796.379563,-0.379883,0.533691,0.180176,-1.770020,-1.708984,-2.075195
1493265796.385366,-0.367188,0.552734,0.166504,-0.671387,-1.953125,-2.502441
1493265796.391009,-0.479492,0.548340,0.190430,-0.549316,-1.831055,-2.441406
1493265796.396760,-0.349609,0.537109,0.202637,-1.892090,-2.014160,-2.624512
1493265796.402442,-0.272949,0.558105,0.166992,-2.563477,-1.708984,-2.807617
1493265796.408077,-0.464844,0.509766,0.210449,-0.915527,-0.976562,-3.356934
1493265796.413826,-0.374512,0.544922,0.224609,-2.441406,-1.220703,-2.990723
1493265796.419771,-0.378906,0.539551,0.207031,-2.258301,-1.464844,-1.831055
1493265796.425836,-0.453613,0.535156,0.168945,-2.136230,-1.953125,-2.258301
1493265796.432057,-0.267578,0.546875,0.235352,-1.037598,-1.892090,-2.624512
1493265796.438129,-0.477539,0.531250,0.233887,-2.563477,-2.258301,-3.051758
1493265796.443925,-0.495605,0.555176,0.157227,-2.990723,-1.586914,-3.601074
1493265796.449719,-0.497559,0.548828,0.155762,-2.990723,-0.976562,-2.502441
1493265796.455524,-0.485840,0.526855,0.218262,-1.831055,-2.258301,-1.708984
1493265796.461246,-0.370605,0.518066,0.168945,-1.464844,-1.953125,-2.563477
1493265796.466755,-0.382812,0.539551,0.219238,-0.915527,-1.708984,-2.075195
1493265796.472356,-0.268555,0.554199,0.181152,-2.502441,-0.610352,-2.685547
1493265796.478006,-0.349121,0.531738,0.223633,-1.342773,-2.685547,-2.868652
1493265796.484223,-0.270508,0.532715,0.210449,-0.610352,-1.953125,-2.990723
1493265796.490459,-0.399902,0.551270,0.200195,-2.197266,-1.525879,-2.746582
1493265796.496098,-0.255859,0.550781,0.206543,-2.502441,-1.342773,-2.502441
1493265796.501740,-0.379883,0.537598,0.199219,-1.342773,-2.868652,-2.746582
1493265796.507402,-0.489258,0.538574,0.232422,-1.586914,-1.708984,-2.502441
1493265796.513031,-0.346680,0.537598,0.128906,-1.953125,-0.976562,-2.624512
1493265796.518633,-0.354492,0.564453,0.175781,-3.051758,-1.098633,-2.990723
1493265796.524308,-0.255371,0.546387,0.194336,-1.892090,-1.281738,-2.502441
1493265796.529986,-0.474121,0.537598,0.182617,-1.770020,-1.037598,-2.807617
1493265796.535709,-0.490234,0.549316,0.185059,-1.159668,-0.976562,-2.990723
1493265796.541762,-0.376465,0.560547,0.158203,-0.671387,-2.014160,-2.197266
1493265796.547956,-0.256836,0.544434,0.209473,-2.563477,-1.464844,-2.563477
1493265796.553982,-0.378906,0.556152,0.156250,-2.319336,-0.549316,-3.967285
1493265796.559865,-0.343262,0.547363,0.219238,-1.098633,-1.464844,-2.929688
1493265796.565567,-0.348633,0.529297,0.244141,-0.610352,-1.770020,-2.319336
1493265796.571375,-0.357422,0.544922,0.200684,-1.403809,-1.525879,-2.563477
1493265796.577214,-0.495117,0.534668,0.194336,-0.122070,-2.014160,-2.990723
1493265796.582906,-0.475586,0.554688,0.240234,-2.136230,-1.953125,-2.868652
1493265796.588571,-0.366699,0.535645,0.303711,-1.037598,-2.014160,-2.502441
1493265796.594304,-0.372559,0.524902,0.211914,-0.610352,-1.403809,-2.746582
1493265796.600020,-0.360352,0.541016,0.243652,-2.563477,-2.258301,-2.014160
1493265796.605677,-0.364258,0.525391,0.213379,-2.258301,-1.098633,-2.685547
1493265796.611341,-0.252930,0.518066,0.204102,-2.746582,-2.441406,-2.746582
1493265796.617065,-0.276367,0.526855,0.154785,-1.098633,-1.953125,-2.563477
1493265796.622908,-0.463379,0.546387,0.123535,-1.464844,-1.525879,-2.807617
1493265796.628710,-0.363281,0.556641,0.247070,-1.159668,-2.380371,-1.525879
1493265796.634571,-0.352539,0.558105,0.213867,-4.089355,-1.770020,-1.953125
1493265796.639988,-0.364746,0.550781,0.188477,-2.624512,-1.586914,-2.441406
1493265796.645472,-0.259277,0.531738,0.166992,-1.708984,-2.014160,-2.380371
1493265796.651088,-0.470215,0.548340,0.229980,-1.831055,-1.647949,-2.441406
1493265796.656721,-0.252930,0.539551,0.151367,-0.427246,-1.831055,-2.563477
1493265796.662407,-0.491699,0.552734,0.140137,-0.793457,-1.586914,-3.417969
1493265796.668438,-0.354004,0.525879,0.154785,-1.342773,-1.464844,-2.990723
1493265796.674309,-0.282227,0.557129,0.215820,-3.479004,-0.549316,-3.112793
1493265796.680007,-0.267578,0.541504,0.213867,-2.990723,-1.831055,-3.234863
1493265796.685818,-0.354492,0.535156,0.241699,-2.868652,-1.403809,-1.708984
1493265796.691540,-0.354004,0.543945,0.159180,-1.342773,-2.258301,-3.112793
1493265796.697292,-0.263672,0.551270,0.157227,-3.173828,-1.647949,-2.563477
1493265796.702841,-0.354980,0.539551,0.159180,-2.075195,-1.647949,-2.746582
1493265796.708405,-0.367188,0.550781,0.169434,-2.502441,-1.403809,-3.234863
1493265796.713924,-0.492188,0.541016,0.166504,-2.746582,-1.892090,-2.380371
1493265796.719594,-0.370605,0.533203,0.216309,-0.976562,-1.342773,-2.685547
1493265796.725101,-0.351562,0.548828,0.206055,-0.732422,-2.075195,-2.990723
1493265796.730896,-0.378418,0.541504,0.166992,-1.281738,-1.892090,-3.601074
1493265796.736692,-0.369141,0.537109,0.152344,-0.732422,-2.075195,-2.624512
1493265796.742492,-0.488281,0.542969,0.244141,-0.976562,-1.831055,-2.929688
1493265796.748212,-0.344238,0.527344,0.166992,-2.502441,-1.281738,-2.685547
1493265796.753819,-0.364258,0.520020,0.175293,-1.831055,-1.342773,-3.723145
1493265796.759288,-0.362305,0.533691,0.152344,-0.732422,-2.075195,-2.502441
1493265796.764852,-0.491699,0.536621,0.208496,-2.075195,-2.075195,-3.173828
1493265796.770431,-0.345215,0.548340,0.225586,-2.563477,-1.586914,-2.807617
1493265796.776019,-0.377930,0.523438,0.186523,-3.479004,-0.793457,-2.380371
1493265796.781945,-0.380859,0.546875,0.247559,-3.295898,-1.525879,-2.380371
1493265796.788069,-0.330566,0.539062,0.194336,-1.403809,-1.831055,-1.708984
1493265796.793992,-0.266602,0.542969,0.200195,-3.112793,-1.281738,-2.746582
1493265796.799739,-0.261719,0.546387,0.206055,-2.014160,-1.464844,-2.258301
1493265796.805603,-0.373047,0.519043,0.188477,-1.159668,-2.197266,-2.502441
1493265796.811477,-0.368652,0.558594,0.184570,-1.586914,-1.892090,-2.807617
1493265796.817250,-0.367188,0.537109,0.152344,-0.549316,-1.586914,-2.502441
1493265796.822906,-0.491699,0.535645,0.130371,-1.647949,-2.136230,-2.502441
1493265796.828565,-0.260254,0.530762,0.153809,-2.075195,-0.976562,-3.601074
1493265796.834303,-0.496094,0.536621,0.192871,-1.220703,-1.342773,-2.929688
1493265796.839984,-0.332031,0.545898,0.184570,-2.990723,-0.488281,-3.479004
1493265796.845689,-0.261719,0.557129,0.172852,-1.647949,-1.586914,-2.868652
1493265796.851532,-0.469727,0.543945,0.194824,-2.380371,-2.014160,-2.441406
1493265796.857337,-0.351074,0.523926,0.232422,-0.915527,-1.647949,-2.868652
1493265796.863127,-0.274902,0.549316,0.209473,-1.708984,-1.037598,-2.746582
1493265796.869045,-0.265625,0.531738,0.233887,-3.417969,-0.915527,-2.807617
1493265796.874732,-0.346680,0.549316,0.215820,-1.098633,-1.831055,-3.173828
1493265796.880389,-0.374512,0.563965,0.258789,-1.403809,-1.342773,-2.563477
1493265796.886120,-0.250488,0.542969,0.140137,-2.502441,-0.915527,-2.563477
1493265796.891869,-0.264648,0.533691,0.112793,-2.014160,-1.403809,-3.173828
1493265796.897695,-0.264648,0.537109,0.168457,-0.976562,-1.586914,-2.563477
1493265796.903963,-0.252441,0.522461,0.213867,-1.831055,-2.380371,-2.319336
1493265796.910058,-0.277344,0.560547,0.214844,-1.342773,-1.953125,-2.624512
1493265796.915647,-0.356445,0.539062,0.238281,-0.427246,-2.075195,-2.685547
1493265796.921109,-0.372070,0.542969,0.127930,-0.854492,-2.075195,-2.624512
1493265796.926621,-0.339355,0.534668,0.174316,-2.380371,-1.586914,-2.380371
1493265796.932438,-0.257324,0.542969,0.227539,-2.075195,-1.159668,-3.173828
1493265796.938278,-0.372070,0.536621,0.132324,-2.441406,-1.281738,-2.380371
1493265796.944095,-0.336914,0.540527,0.192383,-2.868652,-1.892090,-2.441406
1493265796.949522,-0.497559,0.542969,0.185547,-2.502441,-1.342773,-3.112793
1493265796.955057,-0.330078,0.537598,0.128418,-0.549316,-1.647949,-2.990723
1493265796.960770,-0.392578,0.537109,0.190430,-1.403809,-1.892090,-2.380371
1493265796.966601,-0.365234,0.554199,0.180664,-2.319336,-1.281738,-2.258301
1493265796.972523,-0.354492,0.532715,0.216309,0.732422,-2.746582,-2.258301
1493265796.981000,-0.253906,0.548828,0.170898,-0.305176,-1.647949,-2.929688
1493265796.989790,-0.366211,0.553711,0.164551,-2.685547,-1.342773,-2.563477
1493265796.995897,-0.255859,0.531738,0.269043,-1.464844,-1.953125,-2.868652
1493265797.001585,-0.381836,0.535156,0.144043,-2.258301,-1.464844,-2.746582
1493265797.007135,-0.358887,0.553711,0.154785,-1.647949,-0.366211,-2.441406
1493265797.012670,-0.256836,0.522949,0.162598,-1.037598,-1.770020,-2.136230
1493265797.018212,-0.346191,0.536621,0.236328,-0.549316,-2.136230,-2.624512
1493265797.023933,-0.466309,0.533691,0.208496,-2.868652,-1.281738,-2.014160
1493265797.030172,-0.354492,0.545898,0.177246,-2.441406,-1.281738,-2.685547
1493265797.036389,-0.366211,0.519531,0.175781,-1.342773,-1.831055,-3.112793
1493265797.042127,-0.347168,0.570312,0.209473,-0.671387,-1.647949,-2.014160
1493265797.049642,-0.352539,0.537598,0.162109,-0.976562,-2.502441,-2.319336
1493265797.056957,-0.459961,0.520020,0.187012,-1.892090,-2.258301,-2.868652
1493265797.063193,-0.365234,0.545898,0.193359,-1.098633,-1.831055,-2.380371
1493265797.069584,-0.377441,0.522461,0.193359,-0.366211,-1.220703,-2.441406
1493265797.076179,-0.356934,0.533203,0.154297,-2.441406,-1.220703,-2.197266
1493265797.082549,-0.350586,0.533691,0.188965,-1.464844,-2.014160,-2.624512
1493265797.087946,-0.366211,0.540527,0.134277,-1.953125,-1.586914,-2.807617
1493265797.093373,-0.359375,0.531738,0.152344,-1.403809,-1.403809,-2.990723
1493265797.098788,-0.359375,0.549316,0.166992,-2.014160,-1.708984,-2.746582
1493265797.104308,-0.261230,0.557129,0.143555,-1.708984,-1.403809,-2.990723
1493265797.109776,-0.494141,0.556152,0.153320,-3.417969,-2.014160,-2.380371
1493265797.115322,-0.498047,0.519531,0.216309,-2.258301,-1.464844,-2.868652
1493265797.120919,-0.360352,0.545898,0.245117,-1.098633,-1.708984,-3.112793
1493265797.126645,-0.485352,0.528809,0.142578,-0.549316,-0.976562,-2.990723
1493265797.132391,-0.357422,0.553711,0.235352,-1.220703,-2.197266,-2.441406
1493265797.138095,-0.491211,0.555176,0.170410,-0.915527,-1.586914,-2.990723
1493265797.144302,-0.375977,0.531250,0.248535,14.709473,-1.831055,-2.746582
1493265797.150427,-0.492188,0.548828,0.162598,-0.854492,-1.159668,-2.502441
1493265797.156177,-0.371094,0.548828,0.171387,-0.671387,-1.403809,-2.807617
1493265797.161927,-0.372070,0.533691,0.216797,-3.051758,-1.220703,-2.868652
1493265797.167638,-0.251465,0.527832,0.231445,-2.563477,-1.281738,-3.051758
1493265797.173298,-0.362793,0.553711,0.212402,-2.197266,-1.525879,-2.563477
1493265797.178877,-0.267090,0.529785,0.213379,-1.953125,-2.014160,-2.319336
1493265797.184407,-0.474609,0.546875,0.202637,-2.929688,-0.610352,-2.502441
1493265797.189954,-0.492188,0.535645,0.211914,-2.929688,-1.403809,-2.441406
1493265797.195679,-0.360352,0.541016,0.164062,-3.295898,-0.366211,-3.234863
1493265797.201490,-0.379883,0.538574,0.248047,-2.990723,-1.281738,-2.563477
1493265797.207277,-0.478027,0.523438,0.233398,-2.319336,-1.708984,-2.746582
1493265797.213066,-0.368652,0.558105,0.156250,-1.953125,-1.953125,-2.807617
1493265797.218915,-0.354492,0.562012,0.227539,-1.220703,-1.586914,-3.051758
1493265797.224791,-0.370117,0.544922,0.204102,-1.892090,-0.976562,-3.173828
1493265797.230663,-0.255859,0.533691,0.202148,-2.746582,-0.976562,-2.868652
1493265797.236447,-0.339355,0.547363,0.214355,-3.112793,-1.342773,-3.601074
1493265797.242424,-0.360352,0.535645,0.153809,-0.793457,-1.403809,-2.990723
1493265797.248380,-0.395508,0.537598,0.167480,-1.647949,-1.708984,-2.136230
1493265797.254290,-0.391602,0.541504,0.206055,-2.380371,-2.319336,-2.075195
1493265797.260143,-0.349121,0.541992,0.221191,-0.061035,-1.831055,-2.380371
1493265797.266129,-0.255371,0.541016,0.210449,-1.342773,-1.403809,-3.173828
1493265797.271840,-0.350586,0.546875,0.180664,-1.647949,-2.136230,-2.136230
1493265797.277500,-0.465820,0.531738,0.231445,-1.098633,-1.647949,-2.868652
1493265797.283156,-0.250977,0.527344,0.134277,-0.488281,-2.197266,-3.234863
1493265797.288908,-0.491211,0.538574,0.226562,-1.220703,-1.098633,-2.319336
1493265797.294760,-0.359375,0.550781,0.189941,-0.976562,-1.281738,-2.685547
1493265797.300588,-0.267090,0.518066,0.174316,-1.220703,-3.173828,-1.831055
1493265797.306458,-0.366699,0.546875,0.221191,-0.488281,-2.197266,-2.563477
1493265797.312334,-0.455078,0.528809,0.170898,-1.464844,-1.892090,-2.746582
1493265797.318085,-0.472168,0.544434,0.144043,-1.403809,-1.708984,-2.624512
1493265797.323739,-0.361328,0.541992,0.248047,-2.258301,-1.831055,-2.746582
1493265797.329395,-0.465820,0.539551,0.178711,-3.662109,-1.159668,-2.929688
1493265797.335064,-0.380859,0.531738,0.210449,-2.746582,-1.831055,-2.136230
1493265797.340719,-0.345215,0.562500,0.227539,-1.159668,-2.258301,-2.990723
1493265797.346588,-0.276367,0.563965,0.194336,-3.479004,-0.915527,-2.868652
1493265797.352610,-0.482422,0.537109,0.173340,-2.319336,-1.525879,-3.662109
1493265797.358391,-0.335449,0.541992,0.191406,-0.793457,-1.464844,-2.258301
1493265797.364049,-0.477539,0.541504,0.169434,-0.610352,-1.831055,-2.624512
1493265797.369858,-0.278809,0.527344,0.277344,-15.258789,-1.220703,-2.868652
1493265797.375739,-0.481934,0.547363,0.238281,-3.051758,-0.976562,-3.112793
1493265797.381638,-0.350586,0.532715,0.191406,-0.488281,-1.464844,-2.746582
1493265797.387476,-0.360352,0.527344,0.188477,-1.037598,-2.075195,-2.685547
1493265797.393123,-0.476074,0.548828,0.111328,-2.014160,-0.915527,-3.051758
1493265797.398773,-0.344238,0.561035,0.161621,-0.915527,-2.502441,-2.685547
1493265797.404511,-0.498535,0.555176,0.165527,-1.281738,-1.770020,-2.563477
1493265797.410248,-0.476074,0.535156,0.184570,-0.427246,-1.098633,-2.746582
1493265797.415944,-0.263672,0.533691,0.214844,-0.488281,-1.525879,-2.624512
1493265797.421723,-0.256836,0.546387,0.216797,-1.525879,-1.586914,-2.746582
1493265797.427571,-0.258789,0.513672,0.232422,-2.380371,-0.488281,-2.929688
1493265797.433426,-0.287598,0.557129,0.201172,-2.075195,-0.854492,-2.807617
1493265797.439257,-0.252930,0.548828,0.245605,-1.281738,-1.464844,-2.929688
1493265797.445109,-0.470215,0.547363,0.174805,-2.014160,-2.380371,-2.441406
1493265797.451002,-0.360840,0.537109,0.127930,-2.014160,-1.464844,-2.746582
1493265797.456813,-0.387695,0.522949,0.214844,-2.502441,-0.854492,-3.234863
1493265797.462513,-0.366699,0.518066,0.192871,-1.464844,-1.342773,-3.112793
1493265797.468256,-0.341309,0.552734,0.213867,-0.793457,-1.586914,-2.441406
1493265797.474133,-0.364258,0.549316,0.198730,-1.098633,-2.380371,-2.563477
1493265797.479973,-0.360840,0.537598,0.190918,-1.220703,-1.586914,-3.662109
1493265797.485799,-0.464844,0.574219,0.214355,-2.624512,-0.366211,-2.502441
1493265797.491695,-0.338379,0.564453,0.174316,-1.953125,-1.037598,-2.441406
1493265797.497684,-0.381836,0.535645,0.156250,-1.647949,-1.586914,-2.502441
1493265797.503612,-0.396484,0.512695,0.229004,-1.586914,-1.525879,-2.502441
1493265797.509386,-0.355469,0.524902,0.257812,-1.220703,-2.563477,-2.197266
1493265797.515692,-0.362305,0.541992,0.251465,-0.915527,-1.525879,-2.746582
1493265797.522092,-0.364258,0.541992,0.147949,-1.770020,-0.793457,-3.356934
1493265797.527951,-0.337402,0.535645,0.188477,-1.708984,-2.075195,-3.112793
1493265797.533747,-0.361328,0.539062,0.182617,-1.159668,-1.464844,-3.234863
1493265797.539465,-0.386719,0.560059,0.222656,-1.525879,-1.525879,-2.807617
1493265797.545151,-0.364746,0.509277,0.196777,-0.610352,-1.770020,-3.723145
1493265797.550847,-0.368164,0.535156,0.178711,-1.525879,-1.342773,-2.075195
1493265797.556504,-0.357422,0.529785,0.177246,-2.197266,-1.098633,-3.417969
1493265797.562165,-0.260742,0.554688,0.216309,-1.464844,-1.831055,-2.746582
1493265797.567901,-0.370117,0.535156,0.132812,-1.525879,-1.586914,-2.746582
1493265797.573699,-0.270996,0.550293,0.190918,-2.136230,-1.342773,-3.112793
1493265797.633365,-0.349121,0.560547,0.189941,-2.868652,-1.403809,-2.685547
1493265797.639263,-0.369141,0.539062,0.151367,-2.319336,-1.403809,-3.051758
1493265797.644833,-0.336914,0.548828,0.237793,-1.647949,-1.770020,-2.746582
1493265797.650227,-0.254883,0.536621,0.181152,-0.671387,-1.220703,-3.112793
1493265797.655478,-0.252441,0.548340,0.225586,-1.464844,-0.549316,-2.685547
1493265797.660815,-0.485840,0.554688,0.221191,-0.549316,-1.159668,-2.197266
1493265797.666008,-0.381836,0.527832,0.176758,-3.234863,-1.464844,-2.563477
1493265797.671111,-0.349609,0.541016,0.195312,-1.770020,-0.915527,-2.685547
1493265797.676389,-0.370605,0.514648,0.184570,-0.976562,-2.258301,-2.136230
1493265797.681670,-0.339355,0.563965,0.158203,-1.098633,-2.563477,-2.929688
1493265797.686863,-0.387695,0.552734,0.212402,-2.258301,-1.953125,-2.563477
1493265797.692167,-0.455566,0.540527,0.201172,-2.868652,-0.854492,-3.723145
1493265797.697485,-0.358398,0.570312,0.172363,-2.685547,-0.183105,-2.990723
1493265797.702709,-0.337402,0.547363,0.188477,-1.770020,-1.220703,-3.173828
1493265797.707766,-0.377441,0.541016,0.168945,-1.220703,-1.342773,-3.601074
1493265797.712968,-0.360840,0.515137,0.194336,-3.295898,-0.793457,-2.197266
1493265797.718323,-0.250977,0.551270,0.234375,-3.417969,-1.159668,-2.868652
1493265797.723650,-0.472168,0.542969,0.172852,-1.953125,-1.586914,-2.197266
1493265797.728950,-0.341797,0.525879,0.182129,-2.136230,-1.831055,-2.746582
1493265797.734395,-0.495605,0.536621,0.233887,-3.356934,-2.685547,-2.380371
1493265797.739884,-0.378906,0.525879,0.161133,-0.915527,-1.342773,-2.319336
1493265797.745476,-0.380859,0.550293,0.249512,-2.197266,-1.586914,-2.563477
1493265797.750931,-0.479980,0.562012,0.178223,-1.770020,-1.342773,-3.051758
1493265797.756267,-0.360840,0.527832,0.228027,-0.793457,-1.220703,-3.540039
1493265797.761653,-0.372070,0.539551,0.248047,-1.708984,-0.671387,-2.685547
1493265797.767004,-0.366699,0.540527,0.214355,-2.441406,-0.732422,-3.051758
1493265797.772385,-0.366211,0.517578,0.225586,-2.441406,-1.220703,-3.173828
1493265797.777519,-0.377441,0.537598,0.228027,-2.258301,-1.647949,-2.563477
1493265797.782548,-0.485840,0.555176,0.181152,-2.319336,-0.915527,-2.685547
1493265797.787640,-0.332031,0.546875,0.159180,-1.770020,-0.793457,-2.990723
1493265797.792732,-0.360840,0.518066,0.225586,-1.464844,-0.793457,-3.234863
1493265797.797952,-0.269531,0.537109,0.164062,-0.427246,-1.708984,-2.807617
1493265797.803171,-0.345215,0.555176,0.246094,-1.464844,-1.831055,-3.234863
1493265797.808559,-0.383789,0.548828,0.206543,-1.098633,-2.014160,-3.356934
1493265797.814200,-0.360840,0.544922,0.224609,-2.197266,-1.037598,-4.028320
1493265797.819843,-0.495605,0.537109,0.129883,-1.220703,-0.610352,-3.967285
1493265797.825521,-0.257324,0.534668,0.192871,-2.441406,-1.708984,-2.807617
1493265797.830968,-0.463379,0.523438,0.187012,-2.441406,-0.915527,-2.746582
1493265797.836389,-0.250977,0.568848,0.185059,-3.723145,-2.075195,-1.831055
1493265797.841803,-0.350586,0.529297,0.224609,-2.685547,-2.136230,-1.892090
1493265797.847116,-0.267090,0.529785,0.168945,-1.281738,-1.464844,-2.990723
1493265797.852494,-0.479004,0.532715,0.204590,-0.793457,-1.281738,-2.807617
1493265797.857960,-0.272949,0.548828,0.123047,-0.732422,-1.831055,-2.258301
1493265797.863394,-0.361328,0.539062,0.194336,-1.953125,-1.342773,-2.685547
1493265797.868598,-0.368164,0.544434,0.145996,-3.112793,-0.976562,-3.234863
1493265797.873834,-0.358398,0.515137,0.142578,-2.075195,-0.427246,-2.990723
1493265797.879258,-0.258789,0.554199,0.245605,-3.723145,-1.464844,-2.868652
1493265797.884624,-0.370605,0.527832,0.204102,-2.563477,-1.708984,-3.295898
1493265797.889864,-0.367188,0.540527,0.221680,-2.685547,-0.976562,-2.807617
1493265797.895044,-0.363281,0.550293,0.237305,-2.685547,-2.075195,-2.441406
1493265797.900342,-0.474121,0.537109,0.211426,-2.136230,-1.159668,-2.746582
1493265797.905805,-0.347656,0.554199,0.186523,-1.220703,-0.610352,-3.662109
1493265797.911224,-0.473633,0.542969,0.247559,-0.610352,-1.098633,-2.624512
1493265797.916696,-0.274414,0.539062,0.249512,-2.624512,-1.770020,-2.868652
1493265797.922450,-0.489746,0.503418,0.200195,-1.953125,-1.037598,-2.990723
1493265797.928046,-0.268555,0.520020,0.148438,-1.953125,-2.380371,-2.563477
1493265797.933636,-0.265137,0.535645,0.152344,-1.770020,-1.831055,-1.647949
1493265797.939094,-0.366211,0.563965,0.237793,-2.502441,-2.502441,-1.525879
1493265797.944393,-0.370117,0.520020,0.223633,-1.647949,-1.770020,-2.380371
1493265797.949595,-0.256836,0.525879,0.136719,-1.281738,-1.403809,-2.441406
1493265797.954862,-0.351562,0.543945,0.216309,-1.953125,-1.647949,-2.746582
1493265797.960136,-0.392090,0.550781,0.181152,-1.708984,-0.976562,-3.356934
1493265797.965409,-0.349121,0.523926,0.221680,-1.525879,-2.075195,-3.417969
1493265797.970887,-0.495605,0.543945,0.243164,-2.685547,-0.366211,-3.356934
1493265797.976630,-0.345215,0.554688,0.191406,-1.403809,-0.793457,-3.479004
1493265797.982215,-0.277344,0.537598,0.201172,-1.892090,-1.403809,-2.258301
1493265797.987530,-0.252441,0.504883,0.216309,-0.610352,-1.464844,-3.173828
1493265797.992841,-0.478027,0.525391,0.152344,-0.488281,-1.708984,-2.746582
1493265797.998333,-0.331543,0.525879,0.158203,-2.807617,-2.563477,-2.624512
1493265798.004081,-0.366211,0.510254,0.149902,-2.441406,-1.525879,-2.685547
1493265798.009834,-0.401855,0.541016,0.209961,-3.173828,-1.098633,-1.831055
1493265798.015461,-0.360352,0.567871,0.160156,-2.075195,-1.770020,-3.417969
1493265798.021107,-0.264648,0.515625,0.183594,-0.793457,-2.014160,-3.234863
1493265798.026854,-0.469238,0.539062,0.169434,-2.502441,-1.037598,-3.723145
1493265798.032607,-0.359375,0.534668,0.182129,-3.173828,-0.549316,-2.746582
1493265798.038313,-0.349609,0.544922,0.193359,-2.868652,-2.319336,-2.380371
1493265798.044025,-0.479492,0.515137,0.207031,-1.220703,-1.403809,-2.563477
1493265798.049844,-0.263672,0.543945,0.182617,-1.464844,-1.159668,-2.258301
1493265798.055625,-0.367188,0.537598,0.221191,-3.295898,-1.647949,-2.624512
1493265798.061439,-0.491699,0.532715,0.129883,-1.831055,-1.403809,-3.295898
1493265798.067315,-0.363281,0.551270,0.170410,-1.342773,-1.770020,-2.380371
1493265798.072781,-0.364258,0.541504,0.190430,-2.319336,-1.831055,-3.234863
1493265798.078056,-0.373047,0.562988,0.194824,-1.098633,-1.586914,-2.441406
1493265798.083370,-0.475586,0.528809,0.204102,-1.831055,-1.464844,-2.746582
1493265798.088794,-0.252930,0.545898,0.170898,-2.746582,-0.793457,-2.746582
1493265798.094655,-0.378906,0.537109,0.164551,-0.793457,-1.892090,-2.502441
1493265798.100729,-0.364258,0.536621,0.209961,-1.831055,-1.770020,-2.624512
1493265798.106372,-0.250977,0.545898,0.229004,-3.601074,-1.403809,-2.258301
1493265798.111956,-0.460449,0.517578,0.168457,-1.708984,-1.953125,-2.624512
1493265798.117528,-0.353027,0.559082,0.179199,-0.610352,-2.014160,-2.380371
1493265798.123170,-0.359375,0.547363,0.153320,-0.976562,-1.770020,-2.685547
1493265798.128745,-0.367188,0.517090,0.173340,-2.075195,-1.586914,-3.051758
1493265798.134164,-0.258789,0.533203,0.168945,-3.234863,-1.159668,-3.051758
1493265798.139719,-0.253418,0.552734,0.297852,-2.380371,-2.502441,-2.075195
1493265798.145492,-0.259277,0.561035,0.180664,-0.610352,-2.075195,-1.708984
1493265798.151262,-0.464844,0.531250,0.135254,-0.610352,-2.319336,-2.746582
1493265798.157026,-0.354980,0.515625,0.218262,-3.356934,-1.953125,-2.502441
1493265798.162897,-0.278809,0.567871,0.241699,-2.197266,-1.708984,-2.319336
1493265798.168730,-0.370117,0.530762,0.136719,-1.586914,-2.258301,-2.075195
1493265798.174601,-0.356445,0.552734,0.182617,-1.770020,-1.953125,-2.258301
1493265798.180326,-0.328125,0.537598,0.233887,-1.342773,-1.953125,-3.173828
1493265798.185930,-0.371094,0.517578,0.229004,-2.685547,-0.366211,-3.234863
1493265798.191581,-0.485352,0.525879,0.067383,-1.342773,-0.732422,-3.295898
1493265798.197302,-0.350586,0.541504,0.166992,-1.647949,-1.037598,-2.746582
1493265798.202965,-0.354980,0.541992,0.187012,-2.319336,-1.220703,-3.906250
1493265798.208853,-0.476562,0.544434,0.231445,-2.746582,-1.098633,-2.563477
1493265798.215158,-0.386230,0.552734,0.170410,-2.197266,-2.441406,-2.258301
1493265798.221317,-0.353027,0.523926,0.264648,-1.403809,-1.708984,-2.685547
1493265798.227254,-0.350586,0.543945,0.227539,-1.892090,-1.708984,-2.014160
1493265798.232931,-0.365234,0.535645,0.178223,-1.464844,-2.258301,-2.014160
1493265798.238686,-0.358887,0.523926,0.227539,-0.610352,-0.427246,-2.380371
1493265798.244606,-0.497559,0.538574,0.142578,-1.770020,-1.647949,-2.075195
1493265798.250411,-0.262695,0.564453,0.166992,-1.037598,-0.610352,-2.990723
1493265798.256142,-0.465820,0.513672,0.194824,-1.281738,-1.892090,-2.929688
1493265798.261734,-0.479980,0.557129,0.187988,-1.342773,-1.953125,-2.258301
1493265798.267419,-0.371094,0.525879,0.172852,-2.990723,-0.488281,-2.563477
1493265798.273162,-0.371094,0.544922,0.195312,-3.417969,-1.770020,-2.258301
1493265798.278960,-0.375488,0.534668,0.159180,-2.563477,-0.732422,-2.868652
1493265798.284563,-0.336426,0.517090,0.206055,-1.037598,-2.075195,-2.746582
1493265798.290262,-0.362793,0.538574,0.175781,-1.647949,-1.892090,-2.380371
1493265798.296099,-0.466309,0.550293,0.178223,-1.098633,-1.464844,-3.540039
1493265798.301992,-0.355469,0.529785,0.156250,-0.915527,-1.831055,-3.112793
1493265798.307798,-0.376465,0.552246,0.183594,-2.441406,-1.770020,-2.380371
1493265798.313546,-0.359375,0.538574,0.242188,-2.624512,-1.525879,-2.624512
1493265798.319232,-0.366699,0.533203,0.178223,0.061035,-1.586914,-2.441406
1493265798.324967,-0.252930,0.556641,0.199219,-3.234863,-2.441406,-2.319336
1493265798.330812,-0.276855,0.527344,0.255371,-3.295898,-1.342773,-2.441406
1493265798.336793,-0.377441,0.511719,0.154785,-1.525879,-1.586914,-2.807617
1493265798.342791,-0.264648,0.541992,0.224609,-2.258301,-1.831055,-2.929688
1493265798.348649,-0.364258,0.527344,0.162109,-3.540039,-1.525879,-2.624512
1493265798.354575,-0.252441,0.558105,0.240234,-0.549316,-1.159668,-2.563477
1493265798.360441,-0.396484,0.553711,0.339844,-1.342773,-1.586914,-1.953125
1493265798.366203,-0.378418,0.524902,0.139648,-1.647949,-1.281738,-2.868652
1493265798.371871,-0.369141,0.552734,0.186523,-1.708984,-1.525879,-2.319336
1493265798.377482,-0.491211,0.552246,0.125977,-2.441406,-1.159668,-2.502441
1493265798.383209,-0.362793,0.554688,0.245605,-2.502441,-0.610352,-2.685547
1493265798.389017,-0.360840,0.541992,0.245605,-2.929688,-0.793457,-2.868652
1493265798.394744,-0.339355,0.534668,0.138672,-1.647949,-1.464844,-2.746582
1493265798.400559,-0.368652,0.532715,0.182129,-1.281738,-1.037598,-2.929688
1493265798.406339,-0.253906,0.550293,0.163574,-0.610352,-1.953125,-3.356934
1493265798.412107,-0.479980,0.557129,0.240234,-1.037598,-1.281738,-2.380371
1493265798.417833,-0.480469,0.555176,0.161621,-2.441406,-1.586914,-2.136230
1493265798.423611,-0.352539,0.539551,0.147461,-0.244141,-1.342773,-2.502441
1493265798.429296,-0.353027,0.543945,0.183594,-0.915527,-1.647949,-2.929688
1493265798.434820,-0.264648,0.556641,0.231445,-0.854492,-1.708984,-2.624512
1493265798.440256,-0.376465,0.529785,0.026855,-2.929688,-1.281738,-3.540039
1493265798.445889,-0.495605,0.537598,0.235352,-15.197754,-2.075195,-3.295898
1493265798.451783,-0.351562,0.541992,0.185547,-3.356934,-1.525879,-2.319336
1493265798.457786,-0.261719,0.534668,0.169434,-1.525879,-1.159668,-3.295898
1493265798.463693,-0.267090,0.541992,0.193359,-1.037598,-1.586914,-1.892090
1493265798.469303,-0.346680,0.554199,0.214844,-3.173828,-1.770020,-2.563477
1493265798.475008,-0.475586,0.539551,0.189941,-1.892090,-1.342773,-3.234863
1493265798.480697,-0.373047,0.520996,0.198242,-2.502441,-1.892090,-2.685547
1493265798.486153,-0.368652,0.562988,0.186523,-3.723145,-0.915527,-3.356934
1493265798.491604,-0.364258,0.544434,0.161133,-1.953125,-1.892090,-2.441406
1493265798.497139,-0.364746,0.550781,0.190430,-0.183105,-2.075195,-2.502441
1493265798.502653,-0.472656,0.554688,0.172852,-0.732422,-1.647949,-3.234863
1493265798.508153,-0.257324,0.555176,0.175781,-2.990723,-1.342773,-3.051758
1493265798.513538,-0.356934,0.567871,0.145996,-1.403809,-1.770020,-2.685547
1493265798.519202,-0.360352,0.541992,0.223633,-2.319336,-1.892090,-2.746582
1493265798.524830,-0.376465,0.511719,0.214844,-0.671387,-1.586914,-3.112793
1493265798.530321,-0.267090,0.524902,0.231445,-1.770020,-1.892090,-2.075195
1493265798.535951,-0.385254,0.541504,0.170898,-2.624512,-1.342773,-2.075195
1493265798.541545,-0.257812,0.526855,0.245117,-2.319336,-0.976562,-2.807617
1493265798.547065,-0.286133,0.523438,0.371094,-2.441406,-1.708984,-2.319336
1493265798.552477,-0.372070,0.576172,0.188965,-0.732422,-2.258301,-3.479004
1493265798.557912,-0.476562,0.534668,0.168457,-1.281738,-1.770020,-2.441406
1493265798.563344,-0.355469,0.550293,0.168457,-1.159668,-0.915527,-3.112793
1493265798.568935,-0.476562,0.546387,0.222168,-1.403809,-1.892090,-2.380371
1493265798.575095,-0.467773,0.552734,0.176758,-2.319336,-1.953125,-2.502441
1493265798.581048,-0.467773,0.549316,0.221191,-1.464844,-1.953125,-2.563477
1493265798.586761,-0.260742,0.538574,0.160156,-2.502441,-1.098633,-2.929688
1493265798.592598,-0.486328,0.533691,0.158203,-0.854492,-2.319336,-2.807617
1493265798.598492,-0.366211,0.534668,0.086914,-2.014160,-1.403809,-2.624512
1493265798.604373,-0.264648,0.559082,0.187012,-3.479004,-1.281738,-3.112793
1493265798.610138,-0.363281,0.529785,0.222168,-2.746582,-1.831055,-2.929688
1493265798.615752,-0.486328,0.508301,0.161133,-0.915527,-1.892090,-2.868652
1493265798.621363,-0.339844,0.537598,0.136719,-0.488281,-1.586914,-2.868652
1493265798.627097,-0.358398,0.552246,0.176758,-1.831055,-1.342773,-2.746582
1493265798.632833,-0.378418,0.541992,0.192871,-2.990723,-0.305176,-2.563477
1493265798.638594,-0.373047,0.537598,0.144531,-1.770020,-2.014160,-2.624512
1493265798.644522,-0.483398,0.531738,0.156250,-0.976562,-1.403809,-2.258301
1493265798.650391,-0.479492,0.532715,0.198242,15.014648,-1.525879,-2.136230
1493265798.656308,-0.346680,0.533203,0.267578,-1.770020,-1.953125,-2.319336
1493265798.662213,-0.392090,0.510254,0.231934,-3.234863,-0.915527,-2.746582
1493265798.667959,-0.392578,0.532715,0.213379,-1.098633,-1.525879,-2.258301
1493265798.673646,-0.361328,0.549316,0.233887,-15.563965,-1.647949,-2.380371
1493265798.679301,-0.385254,0.532715,0.226562,-1.220703,-1.770020,-2.685547
1493265798.685014,-0.256836,0.532715,0.235840,-2.075195,-2.136230,-2.929688
1493265798.691155,-0.282715,0.546387,0.234375,-1.037598,-0.915527,-2.197266
1493265798.697510,-0.374512,0.531250,0.198242,0.915527,-1.342773,-3.356934
1493265798.703710,-0.448730,0.523438,0.147949,-0.793457,-1.403809,-3.601074
1493265798.709583,-0.499512,0.548828,0.185059,-1.708984,-1.953125,-1.892090
1493265798.715441,-0.395996,0.554688,0.196289,-2.868652,-1.220703,-0.671387
1493265798.721280,-0.362305,0.557129,0.083496,-1.647949,-2.014160,-1.586914
1493265798.727083,-0.367188,0.569824,0.230469,-0.305176,-2.197266,-2.380371
1493265798.732763,-0.250488,0.536621,0.190918,-3.845215,-0.549316,-4.211426
1493265798.738428,-0.354492,0.537109,0.161621,-3.356934,0.122070,-4.638672
1493265798.744162,-0.347656,0.562988,0.206543,-2.868652,-1.220703,-3.662109
1493265798.749932,-0.481445,0.542969,0.148438,-0.976562,-0.488281,-2.990723
1493265798.755766,-0.383789,0.525391,0.200195,-1.037598,-1.403809,-2.197266
1493265798.761535,-0.495117,0.546875,0.185059,-2.197266,-1.586914,-2.807617
1493265798.767339,-0.349609,0.529297,0.182129,-2.441406,-1.464844,-2.319336
1493265798.773834,-0.261719,0.549316,0.209961,-0.976562,-2.685547,-1.159668
1493265798.780159,-0.368164,0.559082,0.208496,-1.220703,-1.342773,-2.319336
1493265798.785774,-0.380371,0.528809,0.168457,-2.746582,-0.793457,-3.662109
1493265798.791494,-0.321777,0.558105,0.162109,-1.953125,-1.403809,-3.234863
1493265798.797309,-0.253418,0.553711,0.219238,-1.464844,-1.220703,-2.746582
1493265798.803138,-0.384277,0.533691,0.174316,-1.770020,-1.647949,-2.990723
1493265798.808833,-0.392578,0.548340,0.213379,-2.563477,-1.281738,-3.051758
1493265798.814535,-0.266602,0.530762,0.209473,-1.098633,-1.220703,-3.173828
1493265798.820282,-0.486328,0.553711,0.214844,-0.854492,-1.647949,-2.685547
1493265798.826005,-0.356934,0.533691,0.202148,-0.549316,-2.136230,-2.807617
1493265798.831830,-0.369141,0.544434,0.226562,-2.319336,-1.770020,-3.112793
1493265798.837744,-0.469727,0.543945,0.185059,-4.089355,-1.220703,-2.929688
1493265798.843616,-0.385254,0.548828,0.181152,-1.647949,-1.220703,-2.807617
1493265798.849670,-0.368164,0.515137,0.228027,-0.427246,-2.685547,-2.380371
1493265798.855597,-0.257812,0.542969,0.192871,-1.525879,-1.770020,-2.685547
1493265798.861423,-0.398438,0.524902,0.214355,-1.770020,-1.525879,-2.502441
1493265798.867133,-0.349121,0.534668,0.154785,-2.197266,-1.403809,-3.601074
1493265798.873202,-0.374512,0.538574,0.190430,-3.356934,-1.037598,-2.380371
1493265798.879339,-0.379883,0.544434,0.246094,-3.356934,-2.136230,-2.441406
1493265798.885151,-0.284180,0.541016,0.253418,-2.014160,-2.441406,-1.586914
1493265798.890945,-0.370605,0.624023,0.184570,-3.601074,-1.892090,-2.136230
1493265798.896682,-0.331543,0.550293,0.224609,-1.770020,-1.342773,-2.990723
1493265798.902371,-0.383789,0.552246,0.221191,-0.732422,-1.892090,-2.807617
1493265798.908062,-0.380859,0.530762,0.218262,-0.244141,-1.770020,-2.624512
1493265798.913840,-0.269531,0.550293,0.217773,-0.427246,-2.258301,-2.441406
1493265798.919630,-0.267578,0.539551,0.168457,-1.525879,-1.770020,-2.441406
1493265798.925327,-0.461914,0.541016,0.221680,-1.281738,-1.098633,-2.441406
1493265798.931107,-0.479980,0.554688,0.172363,-1.708984,-1.159668,-2.624512
1493265798.936970,-0.360352,0.525391,0.199219,-0.549316,-2.380371,-2.502441
1493265798.942874,-0.350586,0.527344,0.151367,-2.258301,-1.586914,-2.685547
1493265798.948677,-0.366211,0.543945,0.182129,-1.953125,-0.915527,-2.868652
1493265798.954476,-0.394043,0.544922,0.159668,-1.342773,-1.770020,-1.770020
1493265798.960165,-0.378906,0.533691,0.137695,-0.427246,-1.831055,-2.197266
1493265798.965891,-0.349609,0.520020,0.233398,-1.770020,-1.464844,-3.051758
1493265798.971584,-0.488281,0.550293,0.206543,-4.272461,-1.647949,-2.807617
1493265798.977342,-0.465820,0.558594,0.229980,-3.234863,-0.488281,-3.356934
1493265798.983361,-0.385254,0.512695,0.185547,-1.525879,-1.586914,-2.563477
1493265798.989326,-0.266602,0.534668,0.185059,-1.403809,-1.098633,-2.380371
1493265798.995181,-0.370605,0.548828,0.142578,-1.831055,-1.892090,-2.563477
1493265799.001101,-0.474609,0.550293,0.183105,-1.281738,-1.342773,-2.624512
1493265799.006974,-0.358887,0.556641,0.212402,-2.746582,-0.854492,-2.502441
1493265799.013000,-0.351562,0.557129,0.196289,-3.173828,-0.732422,-2.563477
1493265799.020275,-0.267578,0.523926,0.204102,-3.845215,-1.464844,-3.051758
1493265799.027193,-0.370605,0.545898,0.179199,-2.746582,-1.159668,-2.319336
1493265799.032814,-0.269531,0.525391,0.183105,-2.380371,-0.488281,-2.624512
1493265799.038448,-0.344727,0.519043,0.245117,-2.258301,-1.464844,-2.807617
1493265799.044140,-0.357422,0.552246,0.169434,-2.136230,-1.525879,-2.319336
1493265799.049914,-0.385254,0.546875,0.143555,-0.854492,-1.770020,-2.197266
1493265799.055732,-0.347656,0.557129,0.213867,-0.793457,-1.831055,-2.136230
1493265799.061482,-0.400391,0.517578,0.149902,-3.234863,-1.037598,-2.136230
1493265799.067114,-0.356934,0.545898,0.140137,-2.441406,-1.953125,-2.685547
1493265799.072654,-0.366211,0.546875,0.196777,-1.403809,-0.976562,-3.173828
1493265799.078267,-0.385254,0.559082,0.206543,-0.915527,-1.159668,-3.540039
1493265799.084177,-0.496094,0.536621,0.219727,-2.258301,-2.441406,-2.563477
1493265799.090016,-0.258789,0.527344,0.208496,-2.807617,-1.464844,-2.502441
1493265799.095824,-0.463379,0.530762,0.207031,-1.403809,-2.075195,-2.746582
1493265799.101648,-0.370117,0.532715,0.212402,-1.098633,-0.976562,-3.112793
1493265799.107365,-0.261719,0.538574,0.164551,-2.929688,-0.854492,-2.502441
1493265799.112870,-0.471191,0.545898,0.245605,-3.173828,-1.525879,-2.502441
1493265799.118405,-0.258789,0.562012,0.181152,-2.258301,-0.976562,-2.990723
1493265799.124112,-0.469727,0.535645,0.244141,-3.112793,-0.915527,-3.662109
1493265799.129992,-0.261719,0.545898,0.209473,-2.258301,-2.075195,-2.563477
1493265799.136477,-0.271484,0.536621,0.170898,-3.234863,-1.831055,-2.014160
1493265799.142874,-0.369141,0.523926,0.240234,-0.915527,-0.915527,-3.173828
1493265799.148765,-0.353027,0.550781,0.270508,-0.305176,-1.342773,-2.502441
1493265799.154644,-0.258789,0.534668,0.202148,-2.014160,-1.586914,-1.831055
1493265799.160375,-0.485840,0.533203,0.249512,-2.624512,-1.708984,-2.441406
1493265799.166290,-0.363281,0.533691,0.125488,-0.366211,-1.220703,-2.685547
1493265799.172060,-0.487793,0.535645,0.216797,-0.793457,-2.746582,-2.685547
1493265799.177751,-0.347168,0.529785,0.205078,-0.915527,-1.770020,-2.380371
1493265799.183562,-0.261719,0.541016,0.152344,-1.525879,-1.586914,-1.892090
1493265799.189266,-0.473633,0.522949,0.185547,-1.953125,-0.915527,-2.807617
1493265799.194993,-0.261230,0.548340,0.202637,-3.479004,-1.770020,-2.807617
1493265799.200811,-0.267578,0.519531,0.272461,-2.624512,-0.244141,-2.746582
1493265799.206629,-0.496094,0.554688,0.210449,-1.586914,-0.671387,-2.990723
1493265799.212357,-0.351562,0.539062,0.241699,-1.159668,-2.197266,-2.380371
1493265799.218128,-0.274414,0.526855,0.218262,-1.708984,-1.464844,-2.502441
1493265799.224042,-0.493164,0.539062,0.234375,-2.441406,-1.525879,-2.380371
1493265799.229758,-0.354980,0.535156,0.182617,-1.892090,-1.098633,-2.868652
1493265799.235501,-0.260742,0.549316,0.202148,-2.502441,-1.586914,-2.624512
1493265799.241250,-0.338867,0.533203,0.229492,-4.150391,-1.953125,-3.112793
1493265799.246941,-0.343262,0.552246,0.179199,-4.211426,-1.831055,-2.624512
1493265799.252764,-0.488281,0.537598,0.216797,-2.807617,-0.427246,-3.051758
1493265799.258695,-0.491699,0.522949,0.148438,-0.061035,-1.525879,-3.295898
1493265799.264698,-0.354492,0.545898,0.209473,-0.183105,-0.732422,-2.807617
1493265799.270599,-0.400391,0.551270,0.158203,-0.671387,-1.831055,-2.563477
1493265799.276482,-0.495605,0.554688,0.169434,-1.586914,-1.525879,-2.319336
1493265799.282363,-0.493164,0.537598,0.183594,-4.943848,-1.586914,-1.403809
1493265799.288124,-0.364746,0.533203,0.260742,-4.150391,-1.770020,-1.586914
1493265799.293855,-0.260742,0.539551,0.231445,-1.037598,-1.770020,-2.380371
1493265799.299587,-0.335449,0.544922,0.175781,0.000000,-1.464844,-2.807617
1493265799.305304,-0.374512,0.551270,0.266602,-1.220703,-1.281738,-3.417969
1493265799.311079,-0.487305,0.545898,0.208496,-0.671387,-0.488281,-3.479004
1493265799.316881,-0.372559,0.530762,0.196777,-0.610352,-0.854492,-3.662109
1493265799.322752,-0.373535,0.541016,0.148438,-1.464844,-1.708984,-3.417969
1493265799.328677,-0.349121,0.570801,0.135742,-3.417969,-1.281738,-2.624512
1493265799.334507,-0.262695,0.529297,0.211914,-4.028320,-1.220703,-2.746582
1493265799.340273,-0.335449,0.550781,0.132812,-4.455566,-1.586914,-2.624512
1493265799.346079,-0.250977,0.624023,0.153320,-2.258301,-1.708984,-2.258301
1493265799.351979,-0.475586,0.513184,0.180176,-0.549316,-1.953125,-3.234863
1493265799.358287,-0.338379,0.520996,0.219238,-0.061035,-0.549316,-3.051758
1493265799.364151,-0.341797,0.547363,0.194824,-1.342773,-1.464844,-2.502441
1493265799.369875,-0.257324,0.562500,0.174316,-2.807617,-1.464844,-1.708984
1493265799.375529,-0.472656,0.534668,0.230469,-3.845215,-1.464844,-2.319336
1493265799.381304,-0.346680,0.551270,0.179199,-2.990723,-1.464844,-2.441406
1493265799.387169,-0.370117,0.544434,0.164062,-2.807617,-0.488281,-2.624512
1493265799.392868,-0.499512,0.541016,0.162598,-0.854492,-1.159668,-2.929688
1493265799.398621,-0.463867,0.517090,0.212402,-0.610352,-1.525879,-3.234863
1493265799.404472,-0.270996,0.538574,0.177246,-0.610352,-1.098633,-2.075195
1493265799.410342,-0.484375,0.553711,0.241699,-1.525879,-1.403809,-2.502441
1493265799.416243,-0.471680,0.543945,0.178711,-2.380371,-1.342773,-3.112793
1493265799.422137,-0.252930,0.522461,0.206543,-3.051758,-1.342773,-3.417969
1493265799.427954,-0.385742,0.551270,0.219727,-1.831055,-0.793457,-2.441406
1493265799.433589,-0.366211,0.532715,0.227539,-1.770020,-0.915527,-3.234863
1493265799.439243,-0.269531,0.535156,0.183105,-1.525879,-1.220703,-3.173828
1493265799.444978,-0.482422,0.531738,0.205078,-2.746582,-1.281738,-2.502441
1493265799.450750,-0.256836,0.544434,0.141602,-2.319336,-0.915527,-2.807617
1493265799.456587,-0.260742,0.537598,0.178223,-2.258301,-1.342773,-2.197266
1493265799.462815,-0.356934,0.555176,0.213867,-15.563965,-1.586914,-2.502441
1493265799.468923,-0.386719,0.537598,0.182129,-1.892090,-2.441406,-2.624512
1493265799.474854,-0.369141,0.569824,0.200195,-2.319336,-1.953125,-2.136230
1493265799.480587,-0.475586,0.558594,0.162598,-1.464844,-1.159668,-2.563477
1493265799.486312,-0.336914,0.539062,0.164062,-2.502441,-1.342773,-3.112793
1493265799.492090,-0.346680,0.534668,0.209961,-3.234863,-1.892090,-2.868652
1493265799.497838,-0.374512,0.529785,0.209961,-1.708984,-2.624512,-2.746582
1493265799.503580,-0.383789,0.534668,0.193359,-2.441406,-1.831055,-2.563477
1493265799.509341,-0.333496,0.534668,0.244141,-2.197266,-1.892090,-2.258301
1493265799.515055,-0.381836,0.564453,0.142578,-1.037598,-0.793457,-2.746582
1493265799.520710,-0.374512,0.551270,0.136230,-2.624512,-1.831055,-2.868652
1493265799.526376,-0.269043,0.555176,0.136719,-2.380371,-1.464844,-3.173828
1493265799.532211,-0.477539,0.533203,0.190430,-1.403809,-0.976562,-3.845215
1493265799.538104,-0.379883,0.522949,0.196289,-2.319336,-1.586914,-2.563477
1493265799.543975,-0.472168,0.539062,0.108398,-1.403809,-2.563477,-2.380371
1493265799.549802,-0.346680,0.547363,0.144531,-2.502441,-0.915527,-2.563477
1493265799.555524,-0.483887,0.546875,0.162598,-1.953125,-1.586914,-2.380371
1493265799.561183,-0.347656,0.531738,0.159668,-1.953125,-1.342773,-2.502441
1493265799.566853,-0.354980,0.561035,0.130859,-2.685547,-2.197266,-2.929688
1493265799.572689,-0.356445,0.545898,0.229004,-1.708984,-1.708984,-2.624512
1493265799.578783,-0.372070,0.541992,0.225586,-0.976562,-1.953125,-3.723145
1493265799.584871,-0.356934,0.557129,0.234375,-1.708984,-1.464844,-2.563477
1493265799.590780,-0.382324,0.525879,0.144531,-1.831055,-0.305176,-3.173828
1493265799.596612,-0.368652,0.525879,0.218262,-2.014160,-1.647949,-3.234863
1493265799.602433,-0.340820,0.554199,0.249512,-3.173828,-2.197266,-1.403809
1493265799.608167,-0.250488,0.570801,0.186523,-2.075195,-1.525879,-2.319336
1493265799.613804,-0.375488,0.538574,0.126465,-0.854492,-1.159668,-2.075195
1493265799.619430,-0.364258,0.560059,0.237305,-1.220703,-1.892090,-2.197266
1493265799.625175,-0.253418,0.531250,0.187988,-3.051758,-1.220703,-3.112793
1493265799.630948,-0.341309,0.531738,0.214355,-1.831055,-0.549316,-3.356934
1493265799.636738,-0.255859,0.535156,0.139648,-0.854492,-1.098633,-2.685547
1493265799.642523,-0.370605,0.521484,0.138672,-1.098633,-2.441406,-2.014160
1493265799.648161,-0.493164,0.527832,0.164062,-3.051758,-0.122070,-2.014160
1493265799.653806,-0.254883,0.552734,0.163574,-3.173828,0.000000,-3.784180
1493265799.659263,-0.355469,0.556641,0.188477,-3.417969,-1.586914,-3.173828
1493265799.664742,-0.476074,0.536621,0.183105,-2.746582,-0.854492,-2.807617
1493265799.670364,-0.493652,0.534668,0.235352,-2.929688,-1.586914,-2.685547
1493265799.675820,-0.378906,0.525391,0.188477,-2.441406,-1.892090,-2.685547
1493265799.681171,-0.472656,0.548340,0.171387,-0.671387,-1.708984,-2.502441
1493265799.686695,-0.360840,0.530762,0.217773,-0.305176,-2.136230,-2.868652
1493265799.692540,-0.479004,0.550293,0.171387,-0.610352,-2.685547,-2.258301
1493265799.698728,-0.474121,0.539062,0.190430,-2.624512,-1.464844,-2.380371
1493265799.704352,-0.258789,0.545898,0.196777,-1.281738,-1.892090,-3.417969
1493265799.709859,-0.483887,0.508301,0.215820,-1.708984,-1.953125,-3.356934
1493265799.715297,-0.363281,0.532715,0.158203,-3.112793,-1.403809,-2.685547
1493265799.720822,-0.493652,0.520020,0.132812,-2.319336,-1.647949,-3.112793
1493265799.726362,-0.252930,0.564941,0.213867,-0.793457,-2.136230,-2.746582
1493265799.731819,-0.481934,0.528809,0.183594,-3.967285,-2.136230,-2.563477
1493265799.737331,-0.390137,0.531738,0.138184,-1.464844,-2.136230,-2.990723
1493265799.742986,-0.476562,0.528809,0.213379,-3.051758,-1.342773,-2.929688
1493265799.748782,-0.330078,0.566406,0.170410,-1.770020,-1.220703,-2.258301
1493265799.754681,-0.373535,0.550781,0.157227,-3.540039,-0.854492,-3.540039
1493265799.760393,-0.390625,0.547363,0.174805,-1.220703,-1.281738,-1.831055
1493265799.766095,-0.365234,0.537109,0.212402,-3.234863,-1.892090,-2.807617
1493265799.771880,-0.375977,0.544434,0.203125,-0.610352,-2.014160,-2.563477
1493265799.777647,-0.364746,0.549316,0.136719,-1.953125,-1.770020,-2.502441
1493265799.783615,-0.358398,0.529297,0.183105,-1.220703,-0.854492,-2.868652
1493265799.789351,-0.354492,0.546387,0.209961,-1.770020,-0.732422,-3.112793
1493265799.795065,-0.268555,0.525391,0.252930,-1.159668,-1.281738,-3.540039
1493265799.801025,-0.339844,0.552246,0.143555,-2.014160,-0.915527,-2.624512
1493265799.807190,-0.366699,0.546875,0.224121,-1.098633,-1.525879,-3.173828
1493265799.813101,-0.393555,0.531250,0.166504,-2.929688,-0.976562,-3.051758
1493265799.818871,-0.368164,0.562012,0.117188,-3.601074,-1.037598,-2.319336
1493265799.824817,-0.343262,0.540527,0.183105,-2.624512,-1.586914,-2.502441
1493265799.830689,-0.370117,0.526855,0.222168,-3.051758,-2.014160,-2.014160
1493265799.836532,-0.480469,0.537598,0.226074,-0.793457,-1.403809,-2.929688
1493265799.842251,-0.373047,0.513672,0.198730,-1.953125,-1.525879,-2.868652
1493265799.847920,-0.257812,0.543945,0.150391,-1.403809,-2.075195,-2.868652
1493265799.853653,-0.477539,0.553711,0.125488,-1.281738,-1.647949,-2.929688
1493265799.859314,-0.498535,0.535645,0.204590,-3.173828,-1.770020,-2.624512
1493265799.865004,-0.372070,0.537109,0.150391,-2.929688,-1.281738,-2.502441
1493265799.870815,-0.354492,0.539551,0.201172,-0.488281,-1.464844,-2.990723
1493265799.876679,-0.341797,0.529297,0.211426,-0.488281,-2.075195,-2.685547
1493265799.882544,-0.347168,0.570312,0.168945,-1.953125,-1.770020,-2.990723
1493265799.888437,-0.378418,0.523926,0.198730,-3.601074,-0.366211,-2.197266
1493265799.894345,-0.265625,0.540527,0.220215,-1.953125,-2.197266,-2.014160
1493265799.900064,-0.484375,0.559082,0.224121,-1.403809,-1.403809,-2.136230
1493265799.905723,-0.461426,0.548340,0.189941,-2.807617,-1.586914,-2.868652
1493265799.911440,-0.472656,0.539062,0.162598,-2.258301,-1.892090,-2.746582
1493265799.917181,-0.495605,0.516113,0.162598,-2.319336,-2.014160,-2.624512
1493265799.923399,-0.263672,0.529785,0.183594,-1.220703,-2.136230,-2.502441
1493265799.929566,-0.368652,0.517090,0.199219,-1.770020,-3.051758,-2.014160
1493265799.935374,-0.358887,0.527344,0.174316,-1.770020,-1.586914,-2.441406
1493265799.941240,-0.275391,0.539062,0.218262,-0.671387,-1.342773,-2.319336
1493265799.947104,-0.325684,0.554199,0.156250,-0.976562,-2.075195,-2.441406
1493265799.952872,-0.349121,0.531250,0.162598,-1.892090,-1.647949,-2.868652
1493265799.958623,-0.461426,0.550293,0.198242,-2.868652,-1.220703,-3.662109
1493265799.964311,-0.364746,0.546875,0.216309,-1.586914,-1.953125,-2.685547
1493265799.969965,-0.479492,0.537109,0.175293,-1.953125,-2.075195,-2.807617
1493265799.975707,-0.250488,0.541992,0.149902,-3.540039,-1.953125,-2.685547
1493265799.981462,-0.373535,0.544922,0.162109,-0.427246,-1.770020,-2.441406
1493265799.987264,-0.453125,0.535156,0.131836,-2.197266,-1.098633,-2.624512
1493265799.993259,-0.364258,0.546387,0.204102,-1.220703,-1.281738,-2.929688
1493265799.999017,-0.337402,0.527832,0.170898,-2.380371,-1.403809,-3.479004
1493265800.004747,-0.346680,0.526855,0.152344,-2.563477,-1.220703,-2.929688
1493265800.010562,-0.369141,0.534668,0.221191,-3.234863,-0.976562,-3.173828
1493265800.016392,-0.363281,0.537109,0.226562,-2.075195,-1.831055,-2.685547
1493265800.022114,-0.252441,0.537109,0.221191,-3.540039,-2.197266,-2.746582
1493265800.027786,-0.354492,0.542969,0.202148,-1.647949,-1.586914,-1.770020
1493265800.033597,-0.352539,0.527344,0.233887,0.427246,-1.220703,-2.624512
1493265800.039549,-0.367188,0.533691,0.197754,-1.403809,-1.159668,-3.356934
1493265800.045696,-0.356445,0.521484,0.229492,-0.610352,-1.403809,-2.441406
1493265800.051637,-0.459961,0.516113,0.199219,-3.295898,-1.647949,-2.685547
1493265800.057348,-0.462402,0.533691,0.204102,-2.502441,-1.342773,-2.197266
1493265800.063128,-0.385254,0.541016,0.198242,-2.624512,-2.136230,-2.807617
1493265800.068961,-0.360352,0.562012,0.240234,-0.610352,-1.892090,-3.051758
1493265800.074746,-0.366699,0.533203,0.297363,-2.258301,-1.831055,-2.502441
1493265800.080254,-0.365234,0.524902,0.147461,-2.441406,-1.281738,-1.831055
1493265800.085660,-0.355469,0.562012,0.214844,-1.159668,-1.831055,-2.807617
1493265800.091174,-0.387695,0.553711,0.137695,-0.976562,-1.831055,-2.990723
1493265800.096982,-0.354492,0.568359,0.221680,-1.464844,-1.586914,-2.258301
1493265800.102706,-0.334961,0.534668,0.206543,-2.807617,-1.037598,-2.746582
1493265800.108482,-0.459961,0.517578,0.133789,-3.173828,-1.159668,-2.746582
1493265800.114374,-0.483398,0.542969,0.182129,15.380859,-1.403809,-2.441406
1493265800.120279,-0.250488,0.525391,0.244141,-2.014160,-2.197266,-2.563477
1493265800.126121,-0.255371,0.550781,0.296387,-1.586914,-1.953125,-2.319336
1493265800.131945,-0.369141,0.539062,0.198730,-2.197266,-1.159668,-3.356934
1493265800.137700,-0.482422,0.547363,0.168945,-2.014160,-1.770020,-2.258301
1493265800.143317,-0.262695,0.545898,0.129883,-2.014160,-0.915527,-2.990723
1493265800.149028,-0.485840,0.525391,0.200684,-2.197266,-1.708984,-2.624512
1493265800.154739,-0.354004,0.553711,0.230469,-1.647949,-2.746582,-1.708984
1493265800.160780,-0.261230,0.528809,0.288574,-0.793457,-0.793457,-3.540039
1493265800.166944,-0.380859,0.515625,0.235840,-1.647949,-1.403809,-2.746582
1493265800.172889,-0.259277,0.550781,0.182129,-2.075195,-0.915527,-2.563477
1493265800.178683,-0.363281,0.541504,0.243652,-3.234863,-2.075195,-2.258301
1493265800.184469,-0.265625,0.558105,0.222168,-1.403809,-0.854492,-2.258301
1493265800.190164,-0.265137,0.529785,0.138184,-2.319336,-2.380371,-2.380371
1493265800.195699,-0.497070,0.580078,0.086914,-2.014160,-1.281738,-2.746582
1493265800.201295,-0.260742,0.525391,0.163574,-1.770020,-1.647949,-2.319336
1493265800.206967,-0.349609,0.543945,0.130859,-2.014160,-0.610352,-3.234863
1493265800.212504,-0.279785,0.539551,0.231934,-1.159668,-1.525879,-3.234863
1493265800.217984,-0.370117,0.513184,0.323730,-2.197266,-1.586914,-2.807617
1493265800.223597,-0.386719,0.550781,0.185547,-3.234863,-2.136230,-2.990723
1493265800.229334,-0.364746,0.535156,0.145996,-2.624512,-1.403809,-2.990723
1493265800.235094,-0.372070,0.530762,0.224609,-2.380371,-1.403809,-3.112793
1493265800.240743,-0.259277,0.539551,0.169434,-2.197266,-1.098633,-2.868652
1493265800.246474,-0.349121,0.539551,0.245605,-3.479004,-0.671387,-3.295898
1493265800.252395,-0.485840,0.541504,0.209473,-2.380371,-1.220703,-2.990723
1493265800.258308,-0.270996,0.541016,0.195312,-0.610352,-1.892090,-3.540039
1493265800.264807,-0.350586,0.549316,0.170898,-2.319336,-1.037598,-3.295898
1493265800.270957,-0.370605,0.552734,0.140137,-1.953125,-1.647949,-3.173828
1493265800.276049,-0.388672,0.537109,0.159668,0.000000,-2.319336,-2.197266
1493265800.281151,-0.377930,0.522461,0.231445,-1.708984,-2.563477,-2.990723
1493265800.286523,-0.381836,0.536621,0.182617,-2.685547,-1.708984,-2.746582
1493265800.291949,-0.250488,0.541504,0.136719,-2.502441,-1.464844,-2.136230
1493265800.297350,-0.340820,0.570312,0.168457,-1.281738,-1.647949,-2.502441
1493265800.302753,-0.356445,0.539062,0.203125,-0.915527,-2.197266,-2.746582
1493265800.308251,-0.362793,0.535645,0.201172,-2.685547,-0.366211,-2.990723
1493265800.313746,-0.355469,0.554199,0.220215,-2.624512,-1.159668,-3.173828
1493265800.319227,-0.379883,0.539551,0.141602,-0.793457,-1.220703,-3.417969
1493265800.324907,-0.496094,0.560059,0.184570,-0.915527,-1.831055,-2.685547
1493265800.330620,-0.273438,0.527344,0.130371,-2.197266,-1.892090,-2.990723
1493265800.336351,-0.463867,0.515137,0.127441,-1.281738,-1.403809,-2.441406
1493265800.342203,-0.251465,0.546875,0.175781,-2.136230,-1.281738,-2.075195
1493265800.348009,-0.375488,0.522461,0.241211,-1.892090,-1.220703,-2.685547
1493265800.353837,-0.486328,0.517578,0.180664,-0.549316,-1.953125,-2.563477
1493265800.359442,-0.370117,0.537598,0.227539,-0.427246,-1.708984,-1.831055
1493265800.364995,-0.373047,0.510254,0.170898,-2.014160,-1.159668,-2.990723
1493265800.370722,-0.459961,0.533203,0.234375,-0.549316,-2.380371,-2.624512
1493265800.376379,-0.278320,0.549316,0.141602,-1.953125,-1.647949,-3.051758
1493265800.381808,-0.469238,0.545898,0.166504,-2.014160,-1.464844,-3.295898
1493265800.387287,-0.390625,0.530762,0.181152,-2.868652,-1.098633,-3.356934
1493265800.392877,-0.359375,0.565918,0.196289,-2.746582,-1.159668,-3.051758
1493265800.398467,-0.273438,0.568848,0.173340,-2.563477,-0.915527,-3.234863
1493265800.404203,-0.481445,0.507812,0.180664,-0.061035,-2.319336,-2.136230
1493265800.409703,-0.327637,0.552734,0.205078,-3.356934,-0.732422,-2.990723
1493265800.415209,-0.470215,0.522461,0.234375,-3.723145,-1.831055,-2.197266
1493265800.420659,-0.258789,0.556641,0.230469,-2.258301,-2.075195,-2.807617
1493265800.426227,-0.469238,0.522949,0.200684,-2.014160,-2.624512,-2.136230
1493265800.431905,-0.358887,0.554688,0.153320,-1.892090,-2.685547,-2.563477
1493265800.437624,-0.263672,0.539062,0.202637,-1.281738,-0.854492,-3.784180
1493265800.443482,-0.477539,0.517090,0.228027,-1.770020,15.441895,-4.028320
1493265800.449418,-0.285156,0.552246,0.238281,-1.220703,-1.037598,-3.601074
1493265800.455328,-0.270996,0.531250,0.213867,-0.061035,-1.403809,-2.319336
1493265800.461205,-0.267578,0.543945,0.211914,-1.831055,-2.258301,-2.014160
1493265800.467072,-0.495605,0.531738,0.229004,-2.990723,-1.953125,-2.563477
1493265800.472766,-0.253906,0.541016,0.183594,-4.211426,-2.685547,-2.441406
1493265800.478415,-0.253906,0.552734,0.147949,-4.516602,-2.136230,-2.258301
1493265800.484092,-0.497559,0.552734,0.190918,-0.549316,-1.953125,-2.502441
1493265800.489869,-0.359375,0.533203,0.246094,-0.854492,-1.464844,-1.708984
1493265800.495761,-0.255371,0.536621,0.192871,1.098633,-1.708984,-2.319336
1493265800.501674,-0.364258,0.567871,0.104004,0.000000,-1.708984,-2.563477
1493265800.507615,-0.339844,0.539551,0.190430,-1.342773,-0.427246,-2.868652
1493265800.513493,-0.344238,0.548340,0.141602,-3.479004,-3.295898,-2.929688
1493265800.519366,-0.366699,0.521484,0.180176,-3.601074,-1.708984,-2.502441
1493265800.525321,-0.373047,0.515625,0.186523,-3.662109,-2.075195,-2.746582
1493265800.531209,-0.470215,0.539551,0.173340,-1.281738,-1.220703,-3.540039
1493265800.537251,-0.372559,0.545898,0.128418,-2.136230,-0.549316,-3.051758
1493265800.543307,-0.260254,0.551270,0.211914,0.610352,-2.075195,-2.624512
1493265800.549315,-0.272949,0.549316,0.204102,1.159668,-1.647949,-2.624512
1493265800.555225,-0.385254,0.538574,0.180176,-2.868652,-1.281738,-2.075195
1493265800.561105,-0.338379,0.539062,0.232422,-2.868652,-2.136230,-2.563477
1493265800.566910,-0.250977,0.541016,0.240234,-2.319336,-1.647949,-2.929688
1493265800.572590,-0.273438,0.551270,0.211426,-3.479004,-2.014160,-2.746582
1493265800.578352,-0.495605,0.506836,0.134277,-2.990723,-1.770020,-2.014160
1493265800.584212,-0.358398,0.541016,0.233398,-0.183105,-2.014160,-2.502441
1493265800.590006,-0.257324,0.562012,0.131836,-0.244141,-0.976562,-2.014160
1493265800.595741,-0.399902,0.546387,0.223633,-2.136230,-0.915527,-2.746582
1493265800.601599,-0.360352,0.562012,0.222656,-3.295898,-1.525879,-2.441406
1493265800.607409,-0.368652,0.538574,0.166992,-2.380371,-1.037598,-3.784180
1493265800.613096,-0.252441,0.528809,0.230469,-2.563477,-0.915527,-2.929688
1493265800.618906,-0.485840,0.535156,0.182129,-2.319336,-1.037598,-2.746582
1493265800.624777,-0.369141,0.528809,0.159668,-0.366211,-2.563477,-2.990723
1493265800.630525,-0.381836,0.548828,0.189941,-2.502441,-1.586914,-2.319336
1493265800.636204,-0.359375,0.551270,0.241699,-0.305176,-1.953125,-2.624512
1493265800.641870,-0.258789,0.559082,0.156250,-3.051758,-1.770020,-2.380371
1493265800.647612,-0.279785,0.541016,0.153809,-1.770020,-1.464844,-2.075195
1493265800.653868,-0.476562,0.552246,0.146484,-2.075195,-1.464844,-2.319336
1493265800.660021,-0.455566,0.539551,0.177246,-2.868652,-0.671387,-2.746582
1493265800.665682,-0.336426,0.538574,0.178223,-1.770020,-1.525879,-2.868652
1493265800.671490,-0.366211,0.538574,0.169434,-3.295898,-1.708984,-2.197266
1493265800.677343,-0.261230,0.517578,0.197754,-1.708984,-1.525879,-2.990723
1493265800.683142,-0.482422,0.537109,0.187988,-2.624512,-1.037598,-2.136230
1493265800.688879,-0.259277,0.541992,0.171387,-1.281738,-1.770020,-2.197266
1493265800.694523,-0.498047,0.530762,0.136719,-1.708984,-1.281738,-3.295898
1493265800.700224,-0.480469,0.533203,0.218262,-1.098633,-0.854492,-2.807617
1493265800.705945,-0.362305,0.544922,0.166504,-2.136230,-1.525879,-3.784180
1493265800.711602,-0.265137,0.547363,0.200684,-1.953125,-1.403809,-3.112793
1493265800.717482,-0.356934,0.527832,0.214844,-1.464844,-2.319336,-3.112793
1493265800.723362,-0.366699,0.546387,0.228027,-1.220703,-1.953125,-2.319336
1493265800.729216,-0.272949,0.531250,0.215820,-2.014160,-1.953125,-2.563477
1493265800.735063,-0.477539,0.518066,0.221680,-1.403809,-1.159668,-2.685547
1493265800.740914,-0.489258,0.546875,0.219238,-3.051758,-1.281738,-2.258301
1493265800.746687,-0.371094,0.554199,0.192871,-1.953125,-1.525879,-3.173828
1493265800.752452,-0.488281,0.531250,0.199219,-2.197266,-1.708984,-2.990723
1493265800.758219,-0.265137,0.527344,0.215820,-1.403809,-0.671387,-3.295898
1493265800.764069,-0.275391,0.508301,0.284180,-2.990723,-1.403809,-2.868652
1493265800.770082,-0.376465,0.531738,0.180664,-3.356934,-0.793457,-3.356934
1493265800.776252,-0.269531,0.515625,0.176758,-1.464844,-1.342773,-2.807617
1493265800.782315,-0.333496,0.525391,0.175293,-2.380371,-1.708984,-2.624512
1493265800.788135,-0.372070,0.517578,0.214355,-2.075195,-1.831055,-1.831055
1493265800.793937,-0.272461,0.566406,0.244141,-1.586914,-2.380371,-2.319336
1493265800.799634,-0.251465,0.535156,0.219727,-2.868652,-1.037598,-2.380371
1493265800.805308,-0.356934,0.563965,0.200684,-1.037598,-1.770020,-2.624512
1493265800.810993,-0.267090,0.571777,0.167480,-2.014160,-1.586914,-3.173828
1493265800.816609,-0.346191,0.533691,0.148438,-2.380371,-1.159668,-4.028320
1493265800.822233,-0.373047,0.560547,0.239746,-1.403809,-1.342773,-2.258301
1493265800.827933,-0.250977,0.542969,0.247559,0.061035,-1.831055,-3.112793
1493265800.833761,-0.365234,0.543945,0.226562,-1.586914,-2.014160,-2.441406
1493265800.839482,-0.491211,0.544434,0.217773,-0.732422,-1.586914,-3.173828
1493265800.845074,-0.252441,0.541992,0.199219,-1.098633,-1.953125,-2.563477
1493265800.850800,-0.366699,0.564941,0.227539,-1.831055,-1.647949,-2.746582
1493265800.856775,-0.468262,0.546387,0.210449,-1.708984,-1.525879,-2.441406
1493265800.863523,-0.364746,0.546875,0.145996,-1.831055,-2.136230,-2.685547
1493265800.870078,-0.374512,0.545898,0.246094,-3.845215,-1.647949,-2.868652
1493265800.875832,-0.480469,0.550781,0.149902,-2.319336,-1.281738,-3.601074
1493265800.881445,-0.485352,0.513672,0.130859,-2.441406,-1.342773,-2.624512
1493265800.887013,-0.258789,0.529785,0.177246,-2.502441,-1.403809,-3.051758
1493265800.892580,-0.458008,0.522461,0.172363,-1.525879,-1.281738,-2.075195
1493265800.898248,-0.353027,0.548340,0.183105,-1.342773,-1.464844,-2.502441
1493265800.903996,-0.261230,0.563965,0.164062,-2.380371,-1.037598,-3.051758
1493265800.909470,-0.373047,0.556641,0.216797,-2.441406,-0.427246,-3.051758
1493265800.915158,-0.492188,0.523438,0.151855,-0.976562,-1.647949,-2.502441
1493265800.920838,-0.467773,0.538574,0.223633,-2.746582,-1.708984,-2.502441
1493265800.926491,-0.354980,0.535156,0.185059,-2.014160,-1.098633,-2.441406
1493265800.932792,-0.483887,0.538574,0.213379,-1.586914,-1.403809,-2.197266
1493265800.939268,-0.366699,0.529297,0.299805,-3.051758,-1.464844,-3.479004
1493265800.945215,-0.397461,0.547363,0.164062,-1.403809,-2.014160,-2.929688
1493265800.951133,-0.484375,0.538574,0.214844,-2.136230,-1.831055,-2.868652
1493265800.956984,-0.381836,0.533691,0.233887,-2.502441,-2.075195,-2.624512
1493265800.962674,-0.371094,0.566406,0.234375,-0.549316,-1.281738,-2.868652
1493265800.968336,-0.479980,0.546387,0.188965,-0.610352,-2.441406,-2.441406
1493265800.974101,-0.460449,0.536621,0.157227,-2.136230,-0.915527,-2.929688
1493265800.979847,-0.348633,0.544922,0.162109,-1.770020,-1.403809,-2.746582
1493265800.985565,-0.352539,0.533203,0.165527,-1.342773,-2.136230,-2.929688
1493265800.991341,-0.328125,0.534668,0.180176,-2.197266,-1.342773,-3.356934
1493265800.997243,-0.272461,0.552246,0.194824,-2.441406,-0.610352,-2.502441
1493265801.003149,-0.388672,0.525879,0.154785,-1.708984,-2.624512,-2.319336
1493265801.009039,-0.332031,0.546875,0.159668,-0.488281,-1.831055,-2.685547
1493265801.014897,-0.481445,0.552734,0.188965,-2.319336,-2.014160,-2.746582
1493265801.020606,-0.373535,0.541016,0.166992,-2.319336,-1.586914,-3.051758
1493265801.026382,-0.353027,0.554199,0.177246,-1.953125,-1.708984,-2.746582
1493265801.032269,-0.365234,0.523438,0.240234,-2.624512,-2.380371,-1.892090
1493265801.038092,-0.370117,0.548828,0.214355,-0.671387,-1.647949,-2.868652
1493265801.044163,-0.269043,0.516113,0.191406,-3.845215,-2.197266,-3.112793
1493265801.050149,-0.476074,0.534668,0.138672,-2.075195,-1.586914,-2.502441
1493265801.055986,-0.491211,0.556152,0.194336,-1.159668,-2.136230,-2.624512
1493265801.061728,-0.348633,0.552734,0.164551,-0.671387,-2.075195,-2.441406
1493265801.067568,-0.263184,0.532715,0.202637,-2.197266,-1.098633,-2.868652
1493265801.073441,-0.337402,0.554199,0.221191,-1.647949,-1.342773,-3.112793
1493265801.079176,-0.366699,0.524902,0.226074,-1.953125,-1.342773,-2.563477
1493265801.084822,-0.255371,0.546875,0.194824,-2.258301,-1.342773,-2.929688
1493265801.090486,-0.328613,0.542969,0.219238,-2.746582,-0.671387,-2.929688
1493265801.096185,-0.364746,0.542969,0.198242,-1.098633,-1.281738,-3.112793
1493265801.101941,-0.360352,0.548340,0.136719,-2.136230,-1.281738,-2.929688
1493265801.107679,-0.364258,0.530762,0.172852,-0.122070,-2.136230,-2.746582
1493265801.113307,-0.354492,0.533203,0.161621,-1.708984,-1.464844,-2.807617
1493265801.118996,-0.487793,0.527344,0.142090,-2.441406,-1.708984,-2.563477
1493265801.124840,-0.347168,0.535645,0.176758,-1.892090,-2.258301,-2.807617
1493265801.130742,-0.339355,0.554199,0.239746,-2.563477,-1.770020,-2.624512
1493265801.136600,-0.342773,0.507812,0.194336,-1.525879,-1.464844,-2.380371
1493265801.142617,-0.353027,0.543945,0.157715,-1.037598,-2.136230,-2.685547
1493265801.148780,-0.252930,0.531738,0.196289,-0.793457,-1.586914,-3.112793
1493265801.154888,-0.259277,0.515137,0.207031,-2.075195,-1.342773,-2.441406
1493265801.160614,-0.383789,0.545898,0.194336,-1.342773,-0.976562,-2.624512
1493265801.166156,-0.362793,0.534668,0.186523,-2.929688,-0.915527,-3.112793
1493265801.171898,-0.367188,0.537598,0.196777,-1.647949,-1.708984,-3.112793
1493265801.177702,-0.383789,0.541504,0.188965,-1.953125,-1.403809,-3.601074
1493265801.183581,-0.250488,0.546387,0.187988,-3.112793,-1.403809,-2.990723
1493265801.189297,-0.371094,0.554199,0.186523,-1.281738,0.122070,-3.540039
1493265801.194955,-0.487793,0.527344,0.224121,-1.953125,-0.976562,-3.417969
1493265801.200677,-0.255371,0.566895,0.203125,-1.403809,-2.807617,-2.319336
1493265801.206364,-0.370117,0.525391,0.138672,-2.258301,-1.708984,-2.502441
1493265801.212082,-0.333496,0.535156,0.200684,-3.112793,-1.647949,-2.685547
1493265801.217680,-0.252930,0.543945,0.128418,-1.159668,-1.892090,-3.784180
1493265801.223236,-0.370605,0.526855,0.208496,-1.708984,-2.441406,-3.051758
1493265801.228869,-0.338379,0.529297,0.174805,-2.014160,-1.098633,-2.563477
1493265801.234368,-0.398438,0.537598,0.231445,-0.549316,-1.281738,-3.112793
1493265801.239819,-0.366211,0.507812,0.151367,-1.953125,-0.305176,-3.601074
1493265801.245316,-0.382812,0.539062,0.219238,-1.831055,-3.173828,-2.746582
1493265801.250866,-0.356445,0.562988,0.183105,-1.464844,-2.075195,-2.746582
1493265801.256417,-0.269043,0.563965,0.185547,-0.671387,-1.159668,-2.929688
1493265801.262078,-0.344238,0.558594,0.204102,-2.380371,-1.220703,-2.929688
1493265801.267931,-0.359375,0.553711,0.217773,-0.732422,-1.403809,-2.624512
1493265801.273744,-0.255371,0.539551,0.231445,-1.953125,-1.037598,-3.112793
1493265801.279342,-0.369141,0.529297,0.241699,-3.845215,-0.915527,-3.173828
1493265801.284927,-0.390625,0.541992,0.221191,-1.953125,-1.281738,-2.746582
1493265801.290581,-0.464844,0.540527,0.172363,-0.122070,-1.953125,-2.685547
1493265801.296138,-0.485840,0.547363,0.157227,-0.488281,-0.854492,-3.112793
1493265801.301705,-0.339844,0.527344,0.200684,-1.037598,-1.831055,-3.601074
1493265801.307365,-0.372559,0.512695,0.180176,-1.464844,-1.892090,-2.197266
1493265801.313027,-0.492188,0.553711,0.215820,-1.586914,-0.854492,-1.831055
1493265801.318695,-0.476562,0.558105,0.227539,-2.258301,-1.953125,-2.624512
1493265801.324466,-0.259277,0.576172,0.188965,-1.159668,-2.075195,-2.685547
1493265801.330288,-0.407227,0.562500,0.191406,-3.112793,0.122070,-3.295898
1493265801.336159,-0.341797,0.530762,0.140625,-2.624512,-2.441406,-2.258301
1493265801.342197,-0.351562,0.535645,0.177246,-0.732422,-1.525879,-3.356934
1493265801.347986,-0.336426,0.534668,0.194824,-1.892090,-0.610352,-2.563477
1493265801.353867,-0.401367,0.536621,0.170410,-0.976562,-1.892090,-2.990723
1493265801.359643,-0.253418,0.576172,0.204102,-2.685547,-1.586914,-2.197266
1493265801.365416,-0.373047,0.539551,0.213379,-2.319336,-1.037598,-2.990723
1493265801.371190,-0.408203,0.530762,0.131836,-1.403809,-1.037598,-2.746582
1493265801.376979,-0.345215,0.564453,0.186523,-2.502441,-0.732422,-3.234863
1493265801.383329,-0.363281,0.531250,0.178223,-0.793457,-2.258301,-2.563477
1493265801.389563,-0.466309,0.505371,0.157715,-1.953125,-0.488281,-3.051758
1493265801.395360,-0.466797,0.548828,0.214355,-1.892090,-1.647949,-2.624512
1493265801.401064,-0.356445,0.542969,0.253906,-2.868652,-1.586914,-2.380371
1493265801.406767,-0.478027,0.549316,0.171387,-3.051758,-1.220703,-1.892090
1493265801.412600,-0.339355,0.535156,0.175293,-0.244141,-1.586914,-2.807617
1493265801.418368,-0.349121,0.560059,0.202637,-1.892090,-1.708984,-2.624512
1493265801.424039,-0.261230,0.541992,0.215820,-0.976562,-1.708984,-2.990723
1493265801.429686,-0.471191,0.526855,0.197754,-2.258301,-1.159668,-3.112793
1493265801.435635,-0.370117,0.546387,0.141602,-1.892090,-1.464844,-2.746582
1493265801.441590,-0.388672,0.560547,0.173340,-2.319336,-1.159668,-2.990723
1493265801.447262,-0.457031,0.547363,0.153809,-0.854492,-1.159668,-2.258301
1493265801.452970,-0.343262,0.564453,0.184570,-1.586914,-1.159668,-3.051758
1493265801.458856,-0.339844,0.541504,0.175293,-2.319336,-1.342773,-2.502441
1493265801.464879,-0.360840,0.517090,0.194824,-1.403809,-1.220703,-3.051758
1493265801.471713,-0.486328,0.549316,0.151855,-2.136230,-1.403809,-2.685547
1493265801.479305,-0.345215,0.551270,0.176758,-3.540039,-1.770020,-2.380371
1493265801.486049,-0.350586,0.550781,0.189941,-2.563477,-1.831055,-2.441406
1493265801.493525,-0.349609,0.542969,0.206543,-1.770020,-1.403809,-2.502441
1493265801.500487,-0.359375,0.517090,0.182617,-1.159668,-0.915527,-3.112793
1493265801.506440,-0.262695,0.544434,0.159180,-2.563477,-1.647949,-3.479004
1493265801.512389,-0.263672,0.558594,0.220215,-2.380371,-1.525879,-3.295898
1493265801.517807,-0.358887,0.521484,0.186523,-2.319336,-1.342773,-2.929688
1493265801.523229,-0.258789,0.550781,0.172363,-0.244141,-2.563477,-2.685547
1493265801.528656,-0.487305,0.530762,0.193359,-2.807617,-1.159668,-3.051758
1493265801.534190,-0.284668,0.546387,0.142090,-2.319336,-1.892090,-2.075195
1493265801.539705,-0.355469,0.541016,0.199219,-1.708984,-2.014160,-2.563477
1493265801.545182,-0.250488,0.550781,0.185059,-1.159668,-1.892090,-2.441406
1493265801.550987,-0.479980,0.525391,0.201172,-1.037598,-1.831055,-2.807617
1493265801.556835,-0.353027,0.554688,0.188965,-0.488281,-1.403809,-2.380371
1493265801.562666,-0.357422,0.540527,0.179199,-2.990723,-1.098633,-3.051758
1493265801.568527,-0.380371,0.556641,0.153809,-3.295898,-1.708984,-2.563477
1493265801.574371,-0.487793,0.546387,0.197754,-0.793457,-1.831055,-2.441406
1493265801.580100,-0.368652,0.544434,0.157715,-0.427246,-2.075195,-2.502441
1493265801.585836,-0.368164,0.531738,0.141602,-2.014160,-0.427246,-3.295898
1493265801.591522,-0.369141,0.542969,0.187988,-2.136230,-1.770020,-2.441406
1493265801.597333,-0.364746,0.537598,0.164062,-1.770020,-1.037598,-3.479004
1493265801.603335,-0.254883,0.539062,0.179199,-0.427246,-1.525879,-2.685547
1493265801.609262,-0.479004,0.541992,0.199219,-0.671387,-1.831055,-2.441406
1493265801.615119,-0.276367,0.536621,0.243164,-2.441406,-1.831055,-2.258301
1493265801.620924,-0.260742,0.550781,0.181152,-1.708984,-1.831055,-2.502441
1493265801.626706,-0.366211,0.547363,0.136719,-2.197266,-1.770020,-2.441406
1493265801.632364,-0.352539,0.560547,0.182129,-1.464844,-2.197266,-2.136230
1493265801.637982,-0.489258,0.548828,0.163574,0.427246,-2.380371,-2.197266
1493265801.643634,-0.468262,0.534668,0.189941,-0.610352,-1.098633,-3.051758
1493265801.649307,-0.373535,0.545898,0.175293,-2.868652,-0.671387,-3.417969
1493265801.655030,-0.337402,0.515137,0.139648,-1.708984,-1.770020,-2.441406
1493265801.661033,-0.364258,0.519043,0.240234,-2.624512,-0.427246,-3.417969
1493265801.666886,-0.250488,0.533691,0.191406,-1.464844,-1.708984,-3.112793
1493265801.672788,-0.475586,0.536621,0.208008,-1.770020,-1.953125,-2.990723
1493265801.678588,-0.479492,0.548340,0.198730,-0.305176,-2.258301,-1.953125
1493265801.684305,-0.362305,0.537598,0.236328,-0.915527,-1.586914,-2.746582
1493265801.690040,-0.375977,0.534668,0.164551,-1.342773,-2.014160,-2.807617
1493265801.695849,-0.257812,0.548828,0.174316,-3.112793,-1.464844,-2.441406
1493265801.701725,-0.267578,0.562012,0.215820,-3.173828,-1.831055,-2.746582
1493265801.707618,-0.354492,0.562988,0.147949,-2.868652,-0.793457,-2.746582
1493265801.713767,-0.479004,0.557129,0.142090,-2.502441,-1.098633,-2.746582
1493265801.719853,-0.365234,0.525879,0.246094,-1.159668,-2.136230,-2.258301
1493265801.725714,-0.497559,0.537109,0.181152,-2.075195,-1.831055,-2.929688
1493265801.731452,-0.449219,0.524902,0.296387,-2.624512,-1.281738,-2.807617
1493265801.737083,-0.263184,0.537598,0.171387,-1.647949,-2.319336,-2.075195
1493265801.742840,-0.346191,0.531250,0.210449,-3.662109,-2.624512,-2.563477
1493265801.748601,-0.487793,0.544922,0.236328,-2.136230,-2.014160,-3.784180
1493265801.754205,-0.272461,0.523438,0.171387,-0.183105,-1.281738,-2.380371
1493265801.759768,-0.356445,0.521484,0.208496,-0.305176,-1.770020,-3.234863
1493265801.765270,-0.254883,0.525391,0.200195,-0.366211,-2.014160,-3.845215
1493265801.770784,-0.364746,0.536621,0.178223,-2.868652,-1.220703,-2.990723
1493265801.776236,-0.395508,0.534668,0.171387,-1.464844,-1.525879,-2.563477
1493265801.781675,-0.376465,0.545898,0.224121,-1.403809,-1.708984,-1.831055
1493265801.787175,-0.348633,0.568848,0.153809,0.000000,-1.892090,-2.807617
1493265801.792774,-0.374512,0.554199,0.204102,-2.990723,-1.403809,-2.014160
1493265801.798428,-0.354980,0.522949,0.165527,-2.624512,-1.831055,-2.868652
1493265801.804127,-0.368652,0.564453,0.154785,-3.295898,-0.793457,-2.197266
1493265801.809665,-0.364746,0.552246,0.172363,-1.770020,-0.671387,-2.624512
1493265801.815133,-0.353027,0.527832,0.212402,-1.403809,-1.831055,-1.953125
1493265801.820731,-0.253906,0.542969,0.187012,-1.403809,-1.525879,-3.540039
1493265801.826419,-0.366211,0.533691,0.192383,-1.647949,-0.549316,-3.112793
1493265801.832195,-0.471680,0.544434,0.154785,-0.854492,-2.258301,-1.708984
1493265801.838196,-0.362793,0.556152,0.247070,-2.258301,-1.403809,-2.624512
1493265801.844174,-0.388184,0.533691,0.174316,-2.929688,-1.586914,-2.746582
1493265801.849974,-0.377441,0.529297,0.162109,-2.014160,-1.770020,-2.685547
1493265801.855805,-0.461426,0.524902,0.183594,-1.220703,-2.258301,-2.502441
1493265801.861674,-0.281250,0.550781,0.190918,-1.464844,-1.342773,-2.868652
1493265801.867423,-0.341309,0.558594,0.205078,-2.197266,-0.793457,-2.624512
1493265801.873062,-0.469238,0.537598,0.203125,-2.075195,-1.403809,-2.563477
1493265801.878656,-0.251465,0.539062,0.174316,-2.441406,-0.976562,-3.295898
1493265801.884226,-0.393555,0.544434,0.315918,-2.258301,-2.929688,-3.479004
1493265801.889785,-0.383789,0.545898,0.162109,-1.281738,-1.953125,-2.441406
1493265801.895475,-0.481445,0.531738,0.206543,-2.929688,-1.892090,-2.441406
1493265801.901337,-0.369141,0.537598,0.186523,-1.892090,-0.854492,-2.929688
1493265801.907209,-0.269043,0.519043,0.229004,-1.647949,-1.281738,-2.868652
1493265801.913053,-0.255371,0.527344,0.224609,-0.671387,-1.647949,-3.234863
1493265801.918935,-0.362305,0.540527,0.182617,-1.525879,-1.037598,-2.868652
1493265801.924779,-0.375488,0.546387,0.187988,-1.098633,-2.807617,-2.319336
1493265801.930535,-0.395508,0.541992,0.140137,-1.586914,-1.770020,-3.479004
1493265801.936258,-0.373535,0.541504,0.267578,-1.098633,-1.831055,-2.624512
1493265801.941977,-0.386230,0.544922,0.181152,-1.037598,-1.708984,-2.929688
1493265801.947766,-0.358887,0.574707,0.136230,-3.234863,-1.525879,-2.685547
1493265801.953967,-0.362305,0.517578,0.186523,-1.647949,-1.892090,-2.746582
1493265801.959961,-0.359375,0.535156,0.202148,-1.953125,-1.770020,-3.540039
1493265801.965501,-0.272949,0.548828,0.228027,-1.342773,-1.281738,-2.075195
1493265801.971234,-0.383789,0.554688,0.178711,-3.112793,-1.770020,-2.929688
1493265801.976914,-0.368164,0.544434,0.174316,-2.075195,-1.403809,-2.929688
1493265801.982593,-0.255859,0.533203,0.132324,-1.464844,-2.380371,-2.258301
1493265801.988336,-0.477539,0.541504,0.241699,-3.479004,-2.075195,-2.746582
1493265801.994047,-0.360352,0.555176,0.132324,-2.868652,-2.197266,-2.258301
1493265801.999692,-0.404785,0.562012,0.187012,-2.746582,-1.647949,-2.441406
1493265802.005427,-0.260742,0.539062,0.181152,-0.671387,-1.953125,-2.441406
1493265802.011125,-0.354492,0.529297,0.174805,-1.098633,-1.708984,-2.014160
1493265802.016838,-0.334961,0.535645,0.127441,-1.892090,-2.197266,-3.479004
1493265802.022717,-0.485840,0.543945,0.230469,-2.258301,-1.220703,-2.563477
1493265802.028363,-0.349609,0.516113,0.153320,-1.281738,-1.342773,-2.868652
1493265802.033873,-0.391602,0.542969,0.216309,-1.831055,-1.525879,-2.624512
1493265802.039561,-0.378906,0.541016,0.197754,-3.356934,-0.976562,-2.929688
1493265802.045367,-0.289551,0.540527,0.235352,-1.525879,-1.953125,-2.441406
1493265802.051050,-0.496094,0.558594,0.247559,-1.525879,-2.197266,-2.685547
1493265802.056858,-0.375488,0.539062,0.317871,-2.136230,-1.464844,-2.624512
1493265802.062593,-0.487793,0.528809,0.136230,-1.831055,-1.708984,-2.807617
1493265802.068321,-0.362305,0.550781,0.163574,-1.525879,-1.831055,-2.807617
1493265802.074692,-0.362305,0.533203,0.200195,-0.732422,-2.380371,-2.563477
1493265802.080671,-0.347168,0.548340,0.159180,-1.647949,-1.708984,-3.356934
1493265802.086381,-0.348633,0.531250,0.151367,-1.281738,-1.770020,-2.624512
1493265802.092209,-0.433105,0.557129,0.235352,-3.479004,-1.525879,-2.746582
1493265802.098068,-0.392578,0.529297,0.135254,-2.075195,-1.525879,-2.075195
1493265802.103916,-0.466797,0.533203,0.200195,-2.563477,-0.793457,-2.929688
1493265802.109734,-0.358887,0.544922,0.239746,-2.258301,-2.014160,-2.136230
1493265802.115382,-0.264648,0.565918,0.170898,-2.136230,-1.403809,-2.807617
1493265802.120729,-0.373535,0.554199,0.206055,-1.647949,-1.037598,-2.685547
1493265802.126061,-0.369141,0.530762,0.168945,-0.366211,-1.892090,-2.807617
1493265802.131418,-0.347656,0.546387,0.172852,-0.305176,-1.708984,-2.807617
1493265802.136960,-0.368652,0.546875,0.138672,-1.892090,-1.403809,-2.136230
1493265802.142630,-0.498047,0.553711,0.202148,-1.037598,-1.464844,-2.746582
1493265802.148208,-0.498535,0.554199,0.167480,-1.342773,-2.746582,-3.051758
1493265802.153787,-0.470215,0.537109,0.135254,-3.662109,-1.708984,-2.563477
1493265802.159386,-0.495605,0.522949,0.174805,-3.479004,-1.281738,-2.807617
1493265802.164973,-0.387695,0.552246,0.153809,-3.417969,-0.915527,-2.685547
1493265802.170454,-0.373047,0.540527,0.172852,-1.892090,-0.854492,-2.807617
1493265802.175948,-0.361328,0.535156,0.233887,-0.366211,-0.793457,-2.807617
1493265802.181454,-0.362305,0.547363,0.242188,-1.647949,-2.014160,-2.563477
1493265802.187169,-0.471191,0.548828,0.240234,-0.854492,-1.464844,-2.502441
1493265802.193430,-0.354980,0.556641,0.142578,-2.502441,-1.342773,-2.624512
1493265802.199586,-0.353027,0.540527,0.162598,-2.746582,-1.525879,-2.624512
1493265802.205366,-0.353027,0.542969,0.203125,-0.549316,-2.807617,-2.258301
1493265802.211074,-0.365234,0.517090,0.195312,-0.915527,-2.075195,-2.075195
1493265802.216786,-0.448730,0.551270,0.159668,-1.342773,-2.014160,-2.868652
1493265802.222650,-0.356445,0.548828,0.222656,-1.892090,-1.342773,-2.258301
1493265802.228484,-0.380371,0.522461,0.175781,-2.624512,-1.708984,-1.831055
1493265802.234108,-0.362305,0.522461,0.209473,-1.831055,-1.586914,-3.234863
1493265802.239750,-0.273438,0.555176,0.153809,-3.295898,-0.976562,-3.112793
1493265802.245483,-0.493164,0.523438,0.233398,-2.624512,-2.014160,-1.953125
1493265802.251225,-0.366211,0.541992,0.177246,-1.647949,-1.831055,-2.746582
1493265802.257027,-0.252441,0.546387,0.199219,-1.220703,-2.136230,-3.051758
1493265802.262932,-0.371094,0.546387,0.195312,-1.403809,-1.953125,-2.136230
1493265802.268860,-0.388672,0.557129,0.222656,-1.831055,-1.037598,-2.990723
1493265802.274729,-0.375488,0.531738,0.136719,-1.953125,-1.342773,-2.197266
1493265802.280716,-0.366699,0.535156,0.202148,-1.037598,-1.770020,-2.685547
1493265802.286506,-0.469727,0.525391,0.112793,-2.014160,-2.685547,-2.685547
1493265802.292211,-0.363281,0.505859,0.196777,-2.807617,-1.831055,-2.563477
1493265802.297955,-0.259277,0.544922,0.194824,-1.647949,-1.403809,-2.685547
1493265802.303741,-0.476562,0.537598,0.177246,-3.173828,-1.831055,-3.540039
1493265802.309754,-0.454590,0.544922,0.175293,-2.380371,-1.647949,-2.502441
1493265802.315953,-0.382324,0.530762,0.235352,0.305176,-2.319336,-2.807617
1493265802.322031,-0.396484,0.572754,0.249512,-2.380371,-1.159668,-2.441406
1493265802.327906,-0.394043,0.524902,0.221191,-0.305176,-1.647949,-2.380371
1493265802.333730,-0.370605,0.542969,0.194336,-1.464844,-2.014160,-2.075195
1493265802.339491,-0.470215,0.524902,0.192871,-2.441406,-1.220703,-2.258301
1493265802.345162,-0.403809,0.532715,0.161621,-1.037598,-1.770020,-2.990723
1493265802.350819,-0.375977,0.541992,0.168945,-1.831055,-1.281738,-1.831055
1493265802.356536,-0.360840,0.552734,0.194824,-3.234863,-2.258301,-3.051758
1493265802.362272,-0.489746,0.539551,0.177246,-3.784180,-2.014160,-3.051758
1493265802.367992,-0.479980,0.531250,0.206543,-2.685547,-1.525879,-3.234863
1493265802.373740,-0.362793,0.535156,0.126465,-1.525879,-1.281738,-3.112793
1493265802.379552,-0.367188,0.513184,0.246094,0.732422,-1.220703,-2.868652
1493265802.385395,-0.488281,0.539062,0.202637,-1.586914,-2.258301,-2.441406
1493265802.391196,-0.266602,0.539062,0.247070,-1.708984,-1.586914,-2.563477
1493265802.397075,-0.375488,0.527832,0.170410,-0.976562,-2.136230,-2.258301
1493265802.403814,-0.354004,0.532715,0.163574,-2.075195,-1.464844,-2.502441
1493265802.410543,-0.350586,0.541504,0.175293,-1.098633,-1.953125,-2.624512
1493265802.416404,-0.340820,0.539551,0.201172,-0.976562,-1.708984,-2.258301
1493265802.422246,-0.256836,0.533691,0.159668,-3.234863,-1.831055,-2.258301
1493265802.428094,-0.469727,0.576172,0.192383,-1.586914,-1.892090,-2.807617
1493265802.433837,-0.466797,0.527344,0.170898,-3.295898,-1.037598,-2.502441
1493265802.439469,-0.493652,0.546387,0.132324,-2.990723,-2.502441,-2.136230
1493265802.445202,-0.339355,0.556152,0.211914,-2.807617,-0.854492,-2.685547
1493265802.450989,-0.374512,0.542969,0.230469,-2.380371,-1.770020,-2.746582
1493265802.456885,-0.356445,0.550781,0.194336,-2.929688,-2.075195,-2.746582
1493265802.462595,-0.489746,0.528809,0.232422,-2.807617,-0.976562,-2.563477
1493265802.468322,-0.358887,0.562012,0.219238,-2.685547,-1.647949,-2.441406
1493265802.474807,-0.357422,0.569824,0.176758,-3.051758,-1.403809,-2.624512
1493265802.480551,-0.259277,0.550293,0.168945,-2.929688,-0.915527,-3.173828
1493265802.486288,-0.341309,0.526855,0.231934,-2.136230,-1.159668,-3.356934
1493265802.492136,-0.374512,0.554199,0.243164,-2.014160,-1.159668,-2.868652
1493265802.497925,-0.264648,0.544434,0.189941,-0.732422,-1.281738,-2.990723
1493265802.503725,-0.374512,0.544922,0.245117,-1.342773,-2.197266,-1.770020
1493265802.509429,-0.359375,0.538574,0.228027,-1.220703,-1.708984,-2.868652
1493265802.515153,-0.358398,0.531250,0.207031,-2.929688,-0.427246,-3.051758
1493265802.520873,-0.476074,0.544922,0.206055,-1.647949,-1.770020,-3.112793
1493265802.526470,-0.385254,0.539551,0.196289,-3.723145,-1.403809,-3.173828
1493265802.531989,-0.456543,0.531738,0.176758,-1.403809,-1.464844,-2.136230
1493265802.537645,-0.487793,0.527832,0.172363,-0.488281,-1.708984,-1.708984
1493265802.543460,-0.253906,0.534668,0.148438,-0.793457,-2.380371,-2.563477
1493265802.549265,-0.466309,0.529297,0.187012,-2.563477,-1.586914,-2.441406
1493265802.554975,-0.468262,0.562988,0.188965,-2.319336,-2.319336,-3.295898
1493265802.560574,-0.381836,0.562012,0.162109,-1.770020,-2.075195,-2.502441
1493265802.566205,-0.354004,0.533691,0.188965,-0.854492,-1.464844,-2.807617
1493265802.571754,-0.261719,0.525391,0.159668,-2.807617,-0.793457,-2.990723
1493265802.577190,-0.386230,0.511719,0.194824,-1.037598,-1.647949,-2.502441
1493265802.582658,-0.390625,0.541992,0.165527,-0.549316,-1.586914,-3.051758
1493265802.588255,-0.255859,0.551270,0.112305,-2.197266,-0.610352,-2.380371
1493265802.644093,-0.363281,0.562012,0.182129,-2.075195,-1.586914,-3.295898
1493265802.649681,-0.360352,0.532715,0.149902,-2.380371,-0.732422,-2.624512
1493265802.655245,-0.353027,0.537598,0.244141,-2.197266,-1.586914,-2.319336
1493265802.660673,-0.267090,0.533691,0.201172,-1.403809,-1.892090,-2.441406
1493265802.666175,-0.388672,0.556152,0.213379,-0.671387,-2.380371,-1.647949
1493265802.671695,-0.375488,0.544434,0.236328,-1.770020,-1.037598,-2.868652
1493265802.677221,-0.364746,0.542969,0.206055,-1.281738,-1.342773,-2.868652
1493265802.682610,-0.384277,0.537598,0.197754,-2.136230,-1.464844,-2.746582
1493265802.687488,-0.364746,0.545898,0.178223,-2.197266,-1.342773,-3.295898
1493265802.692121,-0.259277,0.530762,0.189941,-1.464844,-1.098633,-3.356934
1493265802.696978,-0.251465,0.529297,0.182129,-2.502441,-1.220703,-3.173828
1493265802.702076,-0.477539,0.557129,0.154785,-1.220703,-2.075195,-2.746582
1493265802.707286,-0.378418,0.533203,0.204590,-2.197266,-1.647949,-2.624512
1493265802.712609,-0.344238,0.549316,0.238281,-1.831055,-1.342773,-2.685547
1493265802.718013,-0.362793,0.561035,0.202637,-1.831055,-1.647949,-2.807617
1493265802.723425,-0.354492,0.542969,0.159668,-1.647949,-1.464844,-3.234863
1493265802.728913,-0.369141,0.531738,0.250488,-1.220703,-1.892090,-1.953125
1493265802.734360,-0.256836,0.519531,0.172852,-2.441406,-1.220703,-2.380371
1493265802.739988,-0.372559,0.552246,0.130859,-0.915527,-1.464844,-2.624512
1493265802.745630,-0.372559,0.538574,0.192871,-2.075195,-0.976562,-2.502441
1493265802.751242,-0.470215,0.541992,0.196777,-2.746582,-1.953125,-3.051758
1493265802.756912,-0.254883,0.532715,0.246094,-2.014160,-1.220703,-2.441406
1493265802.762550,-0.492188,0.529785,0.149902,-0.854492,-1.831055,-2.563477
1493265802.768077,-0.363281,0.562988,0.239746,-3.112793,-1.647949,-2.746582
1493265802.773445,-0.275391,0.537109,0.215820,15.502930,-2.502441,-2.807617
1493265802.778975,-0.479492,0.530762,0.229980,0.183105,-1.525879,-2.502441
1493265802.784576,-0.366211,0.535645,0.191406,-1.159668,-2.075195,-2.929688
1493265802.790212,-0.260742,0.522949,0.186523,-2.990723,-0.427246,-2.685547
1493265802.795869,-0.395508,0.539551,0.149902,-2.441406,-0.488281,-3.479004
1493265802.801431,-0.384277,0.541504,0.229004,-1.159668,-1.831055,-1.892090
1493265802.806835,-0.370605,0.547363,0.162109,-0.915527,-1.525879,-2.685547
1493265802.812255,-0.339355,0.552246,0.192871,-3.479004,-0.488281,-2.868652
1493265802.817561,-0.367188,0.520020,0.194336,-0.732422,-0.976562,-3.112793
1493265802.822773,-0.344238,0.557129,0.164551,-0.915527,-2.197266,-2.624512
1493265802.827960,-0.396484,0.535645,0.227539,-1.770020,-1.831055,-3.295898
1493265802.833082,-0.354004,0.523438,0.209473,-2.014160,-1.403809,-2.441406
1493265802.838207,-0.481445,0.546875,0.160156,-0.427246,-1.647949,-2.441406
1493265802.843470,-0.376465,0.548828,0.241211,-1.892090,-1.708984,-2.746582
1493265802.848793,-0.375977,0.527832,0.180176,-1.708984,-1.708984,-2.807617
1493265802.854017,-0.371094,0.546875,0.172852,-1.708984,-1.342773,-2.868652
1493265802.859335,-0.378906,0.547363,0.248047,-1.281738,-2.014160,-3.723145
1493265802.864702,-0.393555,0.533691,0.183105,-1.037598,-1.403809,-2.929688
1493265802.869983,-0.466797,0.534668,0.168945,-2.136230,-1.831055,-3.540039
1493265802.875181,-0.346680,0.544922,0.176758,-2.624512,-1.647949,-2.807617
1493265802.880291,-0.493652,0.562988,0.142090,-1.342773,-1.892090,-2.441406
1493265802.885442,-0.357422,0.537109,0.191406,-2.868652,-2.075195,-2.136230
1493265802.890522,-0.485840,0.542969,0.239258,-3.417969,-1.708984,-2.868652
1493265802.895592,-0.264648,0.530762,0.186523,-1.159668,-1.525879,-2.319336
1493265802.900801,-0.356934,0.529785,0.172852,-0.610352,-1.708984,-2.868652
1493265802.906173,-0.261230,0.547363,0.190430,-0.976562,-1.647949,-2.929688
1493265802.911925,-0.259277,0.545898,0.202148,-3.295898,-0.671387,-3.967285
1493265802.918375,-0.486328,0.543945,0.129883,-0.061035,-1.159668,-2.014160
1493265802.924451,-0.375977,0.545898,0.176758,-0.732422,-1.586914,-1.647949
1493265802.929748,-0.354004,0.535156,0.223633,-2.807617,-1.220703,-2.685547
1493265802.935325,-0.349609,0.558594,0.183594,-2.990723,-1.159668,-3.540039
1493265802.940665,-0.363281,0.537109,0.224609,-3.173828,-1.403809,-2.502441
1493265802.945967,-0.400391,0.527832,0.180176,-1.464844,-1.403809,-3.540039
1493265802.951155,-0.387695,0.554199,0.204590,0.000000,-1.586914,-2.441406
1493265802.956196,-0.363281,0.533691,0.220215,-1.525879,-2.502441,-2.807617
1493265802.961283,-0.355469,0.533691,0.231934,0.061035,-1.159668,-3.540039
1493265802.966561,-0.364746,0.546875,0.168457,-2.929688,-0.793457,-2.624512
1493265802.971833,-0.354492,0.550293,0.211426,-1.770020,-1.159668,-2.136230
1493265802.977269,-0.483887,0.536621,0.196289,-1.525879,-1.342773,-2.319336
1493265802.982795,-0.459473,0.529785,0.231934,-1.831055,-1.586914,-3.295898
1493265802.988357,-0.497559,0.538574,0.190430,-1.708984,-1.708984,-2.685547
1493265802.995174,-0.373047,0.533691,0.135254,-3.234863,-1.281738,-2.563477
1493265803.000780,-0.390625,0.533203,0.146484,-1.403809,-1.037598,-2.075195
1493265803.005697,-0.366699,0.547363,0.212402,-2.685547,-1.037598,-3.967285
1493265803.010610,-0.366211,0.538574,0.151855,-3.662109,-2.014160,-2.807617
1493265803.015915,-0.356934,0.541992,0.227539,-1.159668,-1.831055,-2.807617
1493265803.021143,-0.280762,0.507324,0.180664,0.122070,-1.098633,-2.746582
1493265803.026414,-0.362305,0.537109,0.232422,-0.244141,-2.014160,-2.807617
1493265803.031827,-0.360840,0.513184,0.160156,-2.685547,-1.647949,-2.563477
1493265803.037302,-0.481445,0.523926,0.164551,-2.197266,-1.464844,-3.601074
1493265803.042876,-0.341797,0.517578,0.192871,-1.953125,-2.441406,-2.136230
1493265803.048629,-0.476562,0.541504,0.222656,-2.319336,-1.403809,-1.586914
1493265803.054583,-0.348633,0.540527,0.181152,-2.014160,-1.403809,-2.441406
1493265803.060372,-0.365234,0.533691,0.202148,-1.892090,-0.854492,-3.234863
1493265803.066100,-0.259277,0.546387,0.214844,-0.793457,-1.220703,-3.479004
1493265803.072134,-0.368652,0.550781,0.226562,0.000000,-2.014160,-2.441406
1493265803.078131,-0.364258,0.546387,0.226562,-0.671387,-1.037598,-2.746582
1493265803.083976,-0.266602,0.523438,0.149414,0.000000,-2.380371,-2.685547
1493265803.089799,-0.377930,0.549316,0.209473,-2.624512,-0.793457,-2.319336
1493265803.095600,-0.382324,0.550293,0.255371,-2.990723,-1.342773,-2.319336
1493265803.101399,-0.381836,0.550293,0.212402,-1.586914,-2.380371,-2.014160
1493265803.107132,-0.364746,0.539551,0.151855,-1.708984,-2.075195,-2.563477
1493265803.112781,-0.349609,0.511230,0.243652,-1.586914,-1.831055,-2.502441
1493265803.118572,-0.489258,0.563965,0.202637,-1.220703,-1.892090,-3.173828
1493265803.124350,-0.490234,0.548828,0.122559,-2.014160,-1.281738,-3.479004
1493265803.130113,-0.380371,0.558594,0.238281,-1.159668,-2.380371,-2.624512
1493265803.135910,-0.381836,0.547363,0.232422,-3.540039,-1.770020,-2.380371
1493265803.141743,-0.368652,0.530762,0.154785,-2.075195,-1.831055,-2.746582
1493265803.147453,-0.368652,0.533203,0.187012,-1.281738,-1.831055,-2.685547
1493265803.153032,-0.266602,0.522949,0.323242,-0.183105,-2.258301,-3.112793
1493265803.158554,-0.361328,0.539062,0.160156,-0.854492,-2.319336,-1.586914
1493265803.163993,-0.382812,0.526855,0.139648,-2.136230,-1.281738,-2.624512
1493265803.169544,-0.488281,0.526855,0.174316,-0.976562,-2.197266,-2.868652
1493265803.175110,-0.344727,0.568359,0.183105,-1.647949,-1.464844,-2.929688
1493265803.180841,-0.359375,0.556641,0.172363,-1.586914,-1.953125,-3.295898
1493265803.186533,-0.392578,0.531250,0.154297,-1.525879,-1.342773,-3.601074
1493265803.192165,-0.269531,0.546387,0.216797,-2.685547,-1.037598,-3.845215
1493265803.197682,-0.472656,0.550293,0.139648,-2.075195,-1.281738,-2.624512
1493265803.203090,-0.357422,0.512695,0.241699,-0.061035,-1.708984,-2.868652
1493265803.208607,-0.362305,0.546875,0.162598,-1.525879,-1.037598,-2.685547
1493265803.214228,-0.354492,0.535645,0.225586,-2.563477,-2.136230,-2.014160
1493265803.219691,-0.364746,0.545898,0.193359,-2.197266,-1.342773,-2.868652
1493265803.225325,-0.251465,0.578613,0.208496,-1.708984,-1.464844,-2.197266
1493265803.231193,-0.462402,0.547363,0.159180,-1.831055,-1.342773,-2.624512
1493265803.236940,-0.346680,0.541016,0.159180,-2.014160,-0.732422,-2.929688
1493265803.242806,-0.372559,0.529297,0.227539,-1.953125,-0.854492,-3.173828
1493265803.248553,-0.487305,0.561035,0.234375,-0.915527,-1.953125,-3.051758
1493265803.254282,-0.267578,0.521484,0.188965,-2.075195,-1.770020,-2.685547
1493265803.260139,-0.251465,0.533691,0.176758,-0.915527,-0.732422,-4.211426
1493265803.266086,-0.481934,0.553711,0.194336,-2.319336,-1.159668,-3.417969
1493265803.271975,-0.389648,0.531738,0.229492,-3.051758,-1.464844,-2.380371
1493265803.277843,-0.377930,0.545898,0.229492,-1.647949,-2.014160,-3.234863
1493265803.283709,-0.270508,0.530762,0.185059,-2.441406,-1.403809,-2.746582
1493265803.289457,-0.250488,0.556152,0.172363,-1.831055,-1.708984,-2.807617
1493265803.295152,-0.370605,0.528809,0.214355,-1.464844,-1.953125,-2.807617
1493265803.300902,-0.351562,0.528809,0.228027,-0.976562,-1.159668,-2.746582
1493265803.306773,-0.263672,0.520996,0.299805,-0.366211,-1.708984,-2.563477
1493265803.312654,-0.489258,0.522461,0.132324,-3.112793,-0.793457,-3.417969
1493265803.318526,-0.448730,0.543945,0.187012,-1.647949,-0.549316,-2.868652
1493265803.324384,-0.252930,0.544434,0.185059,15.258789,-1.159668,-2.624512
1493265803.330138,-0.362793,0.548828,0.174316,-1.281738,-2.014160,-3.479004
1493265803.335871,-0.483887,0.541016,0.229004,-2.868652,-1.464844,-2.075195
1493265803.341711,-0.367188,0.547363,0.201172,-1.770020,-1.403809,-2.197266
1493265803.347641,-0.378418,0.523926,0.167480,-2.075195,-0.793457,-2.807617
1493265803.353478,-0.341797,0.541504,0.191406,-2.502441,-1.647949,-3.479004
1493265803.359306,-0.268555,0.547363,0.191406,-2.746582,-1.403809,-2.502441
1493265803.365138,-0.493652,0.528809,0.234375,-1.708984,-1.403809,-3.784180
1493265803.370861,-0.252441,0.539062,0.219238,-2.563477,-0.915527,-2.929688
1493265803.376565,-0.259277,0.548340,0.137695,-1.098633,-2.014160,-2.502441
1493265803.382221,-0.472168,0.515625,0.208008,-2.502441,-0.549316,-3.234863
1493265803.387949,-0.378906,0.550293,0.221191,-2.136230,-1.953125,-1.831055
1493265803.393790,-0.373535,0.544922,0.139648,-1.159668,-2.380371,-3.112793
1493265803.399630,-0.258789,0.522461,0.182617,-1.647949,-1.831055,-2.746582
1493265803.405466,-0.335449,0.543945,0.163574,-0.671387,-1.403809,-3.051758
1493265803.411263,-0.493164,0.547363,0.237793,-1.831055,-1.892090,-2.136230
1493265803.417011,-0.271484,0.552246,0.174805,-3.784180,-2.258301,-2.075195
1493265803.422707,-0.373047,0.539551,0.194336,-0.671387,-1.647949,-2.075195
1493265803.428448,-0.480469,0.534668,0.196289,-1.770020,-1.831055,-2.502441
1493265803.434363,-0.371094,0.570312,0.180664,-2.075195,-0.915527,-3.540039
1493265803.440311,-0.255859,0.527344,0.373047,-4.150391,-1.953125,-3.173828
1493265803.446154,-0.467773,0.550293,0.154785,-1.464844,-2.502441,-2.624512
1493265803.451950,-0.257324,0.528809,0.175781,-0.305176,-1.770020,-2.685547
1493265803.457807,-0.364258,0.558105,0.127930,15.502930,-0.427246,-4.211426
1493265803.463733,-0.375977,0.533691,0.231934,-0.854492,-1.159668,-4.455566
1493265803.469519,-0.286133,0.531738,0.159180,-3.967285,-15.197754,-3.417969
1493265803.475203,-0.350586,0.549316,0.230469,-2.319336,-2.136230,-2.441406
1493265803.481011,-0.370117,0.553711,0.221191,-3.173828,-1.953125,-2.014160
1493265803.486846,-0.481934,0.533203,0.156250,-2.075195,-1.464844,-2.990723
1493265803.492662,-0.483887,0.542969,0.204590,-1.586914,-1.098633,-2.929688
1493265803.498482,-0.489258,0.560059,0.177246,-0.854492,-1.953125,-2.563477
1493265803.504239,-0.257324,0.546387,0.169434,-1.647949,-1.708984,-2.502441
1493265803.509985,-0.458008,0.529297,0.198730,-1.770020,-1.281738,-2.197266
1493265803.515596,-0.472656,0.538574,0.161133,-2.258301,-0.854492,-2.380371
1493265803.521124,-0.362305,0.516113,0.230469,-3.234863,-0.915527,-2.380371
1493265803.526584,-0.351074,0.556641,0.240234,-2.258301,-1.281738,-2.746582
1493265803.532090,-0.383789,0.530762,0.162109,-1.770020,-1.708984,-3.845215
1493265803.537642,-0.360840,0.525879,0.230469,-0.793457,-1.831055,-3.051758
1493265803.543379,-0.263672,0.519531,0.142090,0.183105,-1.098633,-3.906250
1493265803.549036,-0.356934,0.533203,0.157715,-1.525879,-1.831055,-2.197266
1493265803.554607,-0.344238,0.544434,0.184570,-2.624512,-1.647949,-2.990723
1493265803.560094,-0.363281,0.548340,0.244141,-2.014160,-2.380371,-2.807617
1493265803.565531,-0.470215,0.511719,0.202148,-2.746582,-2.319336,-3.601074
1493265803.571059,-0.266602,0.535156,0.199219,-0.671387,-2.319336,-2.502441
1493265803.576656,-0.490234,0.523438,0.219727,-0.793457,-1.708984,-2.868652
1493265803.582385,-0.386230,0.568359,0.222168,-1.708984,-1.647949,-1.403809
1493265803.588222,-0.373047,0.563965,0.362305,-2.868652,-2.075195,-0.732422
1493265803.594027,-0.362305,0.534668,0.229004,-4.272461,-2.685547,-0.915527
1493265803.599825,-0.353027,0.544922,0.133789,-3.234863,-1.770020,-2.380371
1493265803.605611,-0.255371,0.539062,0.286621,-1.708984,-1.037598,-3.540039
1493265803.611308,-0.401855,0.539062,0.196289,-0.793457,-0.976562,-4.272461
1493265803.617009,-0.366699,0.553711,0.147461,-0.610352,-0.915527,-3.234863
1493265803.622858,-0.260742,0.531250,0.175293,-15.625000,-0.793457,-4.028320
1493265803.628704,-0.347168,0.557129,0.241699,-0.488281,-1.098633,-3.784180
1493265803.634647,-0.481445,0.551270,0.229980,-2.380371,-1.342773,-2.624512
1493265803.640575,-0.373535,0.536621,0.174805,-3.051758,-2.136230,-1.953125
1493265803.646376,-0.358887,0.555176,0.205078,-3.051758,-1.281738,-2.136230
1493265803.652176,-0.469727,0.535156,0.287598,-1.953125,-1.586914,-1.525879
1493265803.657950,-0.256836,0.548340,0.240234,-2.258301,-1.281738,-2.258301
1493265803.663692,-0.495117,0.543945,0.188965,-0.488281,-1.525879,-2.563477
1493265803.669464,-0.323730,0.542969,0.171387,-1.647949,-1.403809,-2.868652
1493265803.675316,-0.371094,0.540527,0.164551,-1.464844,-1.525879,-2.563477
1493265803.681164,-0.386719,0.541504,0.157715,-1.831055,-1.892090,-2.197266
1493265803.686992,-0.465820,0.519531,0.216797,-0.915527,-1.770020,-2.929688
1493265803.692881,-0.374512,0.535645,0.320312,-1.831055,-1.770020,-2.807617
1493265803.698626,-0.381836,0.546875,0.212402,-3.173828,-0.854492,-2.929688
1493265803.704284,-0.486328,0.541992,0.248047,-0.915527,-1.586914,-2.990723
1493265803.710032,-0.266602,0.533203,0.205078,-15.563965,-1.770020,-2.990723
1493265803.715868,-0.366211,0.556152,0.245605,-1.464844,-1.586914,-2.685547
1493265803.721698,-0.471191,0.548340,0.192871,-1.708984,-0.915527,-2.990723
1493265803.727499,-0.373535,0.540527,0.227539,-1.098633,-1.586914,-2.258301
1493265803.733382,-0.250488,0.568359,0.236328,-0.915527,-1.098633,-3.051758
1493265803.739278,-0.364258,0.526855,0.229004,-0.976562,-1.647949,-3.845215
1493265803.745147,-0.393555,0.537598,0.168457,-2.258301,-1.037598,-2.868652
1493265803.750895,-0.481934,0.560547,0.210449,-2.014160,-1.464844,-2.441406
1493265803.756678,-0.363281,0.554199,0.180176,-2.380371,-1.708984,-1.831055
1493265803.762499,-0.491211,0.539062,0.157227,-2.075195,-1.770020,-2.319336
1493265803.768275,-0.344727,0.552734,0.082031,-2.075195,-2.197266,-2.014160
1493265803.774179,-0.356934,0.531738,0.164062,-1.770020,-2.563477,-2.319336
1493265803.779984,-0.250488,0.535645,0.213867,-3.356934,-1.342773,-2.075195
1493265803.785756,-0.355469,0.539551,0.240234,-1.525879,-1.525879,-2.319336
1493265803.791459,-0.356445,0.527832,0.212402,-1.159668,-1.342773,-2.502441
1493265803.796861,-0.291992,0.530762,0.147949,-1.892090,-0.610352,-2.868652
1493265803.802133,-0.255371,0.556641,0.181152,-2.075195,-1.586914,-2.990723
1493265803.807569,-0.465820,0.527832,0.163574,-1.586914,-1.647949,-2.624512
1493265803.813015,-0.454590,0.550293,0.172852,-3.234863,-2.380371,-2.258301
1493265803.818724,-0.357422,0.523438,0.140137,-2.685547,-2.197266,-2.075195
1493265803.824542,-0.473633,0.533203,0.206055,-1.342773,-1.464844,-2.624512
1493265803.830151,-0.346191,0.552734,0.180176,-1.220703,-1.647949,-3.356934
1493265803.835820,-0.252930,0.529297,0.151367,-0.915527,-0.732422,-3.295898
1493265803.841441,-0.374512,0.541016,0.224121,-2.319336,-0.854492,-2.746582
1493265803.846850,-0.471191,0.552734,0.163574,-2.075195