40 3 4
0.114846 0.358337 -0.222717
1 -1 -1 -1
0.101427 0.393066 -0.309265
1 -1 -1 -1
0.116471 0.390320 -0.313599
1 -1 -1 -1
0.111444 0.372314 -0.309631
1 -1 -1 -1
0.112196 0.384399 -0.308411
1 -1 -1 -1
0.103850 0.405640 -0.313660
1 -1 -1 -1
0.115921 0.369385 -0.323486
1 -1 -1 -1
0.124125 0.368042 -0.314758
1 -1 -1 -1
0.128813 0.290283 -0.131714
-1 1 -1 -1
0.114143 0.311523 -0.128418
-1 1 -1 -1
0.124944 0.326233 -0.139526
-1 1 -1 -1
0.119154 0.332581 -0.177551
-1 1 -1 -1
0.113371 0.336304 -0.160095
-1 1 -1 -1
0.116124 0.364685 -0.153564
-1 1 -1 -1
0.118009 0.334167 -0.138550
-1 1 -1 -1
0.122498 0.352356 -0.139893
-1 1 -1 -1
0.123005 0.356262 -0.164124
-1 1 -1 -1
0.118493 0.357422 -0.179688
-1 1 -1 -1
0.179048 0.244873 -0.185181
-1 -1 1 -1
0.165542 0.245361 -0.166504
-1 -1 1 -1
0.162046 0.254822 -0.244324
-1 -1 1 -1
0.174550 0.280334 -0.153076
-1 -1 1 -1
0.155375 0.249451 -0.125671
-1 -1 1 -1
0.164741 0.247620 -0.133972
-1 -1 1 -1
0.172119 0.219543 -0.121460
-1 -1 1 -1
0.176300 0.227722 -0.148560
-1 -1 1 -1
0.194227 0.234192 -0.114319
-1 -1 1 -1
0.193936 0.226746 -0.132935
-1 -1 1 -1
0.176560 0.233215 -0.125854
-1 -1 1 -1
0.244955 0.202209 -0.131653
-1 -1 -1 1
0.228141 0.233948 -0.131775
-1 -1 -1 1
0.230875 0.210571 -0.128601
-1 -1 -1 1
0.239331 0.219727 -0.101624
-1 -1 -1 1
0.221873 0.200867 -0.132996
-1 -1 -1 1
0.206319 0.195129 -0.136780
-1 -1 -1 1
0.223575 0.216187 -0.116882
-1 -1 -1 1
0.213765 0.231689 -0.135193
-1 -1 -1 1
0.226985 0.239014 -0.113037
-1 -1 -1 1
0.229975 0.234131 -0.082764
-1 -1 -1 1
0.211145 0.193176 -0.120361
-1 -1 -1 1
