28 4 3
-0.210299 -0.241414 0.020142 0.162529
-1 1 -1
0.025127 -0.450300 0.142609 -0.090306 
1 -1 -1
-0.115202 -0.113769 0.177446 -0.262818 
-1 1 -1
-0.006358 0.161287 0.194113 -0.172713 
1 -1 -1
-0.128240 0.051618 0.152891 -0.457990 
-1 1 -1
-0.004306 0.205454 0.200515 -0.022280 
1 -1 -1
-0.140321 -0.071878 0.160898 -0.240629 
-1 1 -1
-0.021758 0.146274 0.137149 0.037144 
1 -1 -1
-0.133696 -0.021189 0.170516 -0.325152 
-1 1 -1
-0.026826 0.177158 0.180673 -0.147919 
1 -1 -1
-0.130099 0.040124 0.271765 -0.547188 
-1 1 -1
-0.014798 0.239525 0.185244 -0.133039 
1 -1 -1
-0.125175 0.126378 0.247492 -0.480226 
-1 1 -1
-0.008151 0.191271 0.196064 0.027288 
1 -1 -1
-0.009007 0.159097 0.359388 0.473407 
1 -1 -1
0.025359 0.254671 0.443504 -0.273446 
-1 -1 1
0.002099 0.258054 0.352538 0.318410 
1 -1 -1
0.030654 0.242160 0.363183 -0.272123 
-1 -1 1
0.004796 0.226461 0.263033 0.499239 
1 -1 -1
0.030043 0.270282 0.395783 -0.053680 
-1 -1 1
-0.005400 0.219239 0.293465 0.302120 
1 -1 -1
0.033377 0.253663 0.397044 -0.060413 
-1 -1 1
-0.013303 0.214975 0.332058 0.180439
1 -1 -1
0.033236 0.192242 0.313895 0.039360 
-1 -1 1
-0.004300 0.202366 0.206948 0.304976 
1 -1 -1
0.030707 0.265198 0.278367 0.230705 
-1 -1 1
-0.014784 0.183990 0.235716 0.175924 
1 -1 -1
0.039972 0.197656 0.203159 0.254782 
-1 -1 1

