34 9 3
-0.041335 1.486969 -1.016235 2.503204 0.513049 45.427427 0.673999 0.009541 0.028971 
1 -1 -1 
-0.037697 2.452545 -1.453857 3.906402 0.870034 122.939805 1.108782 0.011324 0.030140 
1 -1 -1 
-0.045934 2.529449 -1.575623 4.105072 0.967061 141.568184 1.189824 0.010789 0.027711 
1 -1 -1 
-0.062863 2.526855 -1.652985 4.179840 0.919260 130.850586 1.143899 0.010815 0.028969 
1 -1 -1 
-0.118952 1.809998 -1.175385 2.985383 0.383811 37.688726 0.613911 0.015025 0.054428 
1 -1 -1 
-0.041579 1.346436 -1.298523 2.644959 0.559644 50.800098 0.712742 0.004797 0.023004 
1 -1 -1 
-0.084526 3.157959 -2.140656 5.298615 1.350346 252.941816 1.590414 0.009173 0.023727 
1 -1 -1 
-0.009183 3.304749 -2.081299 5.386048 1.420224 275.252383 1.659073 0.008373 0.022649 
1 -1 -1 
-0.031232 3.304749 -2.081299 5.386048 0.738101 123.677813 1.112105 0.011157 0.042883 
1 -1 -1 
-0.079523 1.082916 -1.210632 2.293548 0.515558 39.268137 0.626643 0.004374 0.021973 
1 -1 -1 
-0.037513 3.789825 -2.417297 6.207122 1.565079 341.910352 1.849082 0.009099 0.023902 
1 -1 -1 
-0.113313 3.799133 -3.084717 6.883850 1.613290 365.592812 1.912048 0.008616 0.023654 
1 -1 -1 
0.071768 2.627106 -1.489258 4.116364 0.916675 137.120937 1.170986 0.008804 0.027076 
1 -1 -1 
-0.044044 0.963440 -1.007385 1.970825 0.300768 17.030642 0.412682 0.001063 0.030756 
-1 1 -1 
0.059637 0.896759 -0.846100 1.742859 0.541306 36.300474 0.602499 -0.000561 0.014670 
-1 1 -1 
0.003833 0.852814 -0.678406 1.531220 0.240335 9.550515 0.309039 0.001575 0.030809 
-1 1 -1 
-0.023854 1.055908 -1.002502 2.058410 0.255579 14.599056 0.382087 0.000535 0.041531 
-1 1 -1 
-0.022287 0.958862 -1.006927 1.965789 0.334911 18.555573 0.430762 0.002633 0.028209 
-1 1 -1 
-0.027412 1.396790 -1.379547 2.776337 0.546016 49.770410 0.705481 -0.000464 0.026029 
-1 1 -1 
-0.036577 1.386871 -1.354523 2.741394 0.520300 46.065049 0.678712 0.000608 0.026936 
-1 1 -1 
0.004771 1.396790 -1.354523 2.751313 0.313244 25.189336 0.501890 0.003197 0.045984 
-1 1 -1 
-0.027628 1.203461 -1.289215 2.492676 0.491119 38.801997 0.622912 0.000856 0.025456 
-1 1 -1 
-0.054346 1.781616 -1.983948 3.765564 0.665000 77.554482 0.880650 -0.001464 0.028875 
-1 1 -1 
-0.033893 1.506042 -1.698303 3.204345 0.622550 63.993101 0.799957 -0.001112 0.027100 
-1 1 -1 
-0.058761 1.386108 -0.933228 2.319336 0.475687 37.828784 0.615051 0.012284 0.032890 
-1 -1 1 
-0.035218 1.900482 -0.809479 2.709961 0.559768 51.916431 0.720531 0.014043 0.036403 
-1 -1 1 
0.065841 1.900482 -0.809479 2.709961 0.402523 33.503740 0.578824 0.012503 0.041299 
-1 -1 1 
-0.107023 0.696716 -1.335754 2.032470 0.296596 18.069963 0.425088 -0.003403 0.035825 
-1 -1 1 
-0.038439 2.110748 -1.251984 3.362732 0.827353 99.930732 0.999654 0.008667 0.023713 
-1 -1 1 
-0.066121 1.686707 -1.783905 3.470612 0.766870 85.197344 0.923024 0.005667 0.021577 
-1 -1 1 
0.093423 1.686707 -1.783905 3.470612 0.543196 50.599980 0.711337 0.004962 0.028319 
-1 -1 1 
-0.208329 0.572357 -2.556915 3.129272 0.477955 42.761021 0.653919 -0.012911 0.049112 
-1 -1 1 
-0.182537 2.441711 -2.556915 4.998626 1.050863 164.943730 1.284304 0.008623 0.025728 
-1 -1 1 
0.113287 2.022705 -1.368866 3.391571 0.709350 81.733848 0.904068 0.006070 0.024285 
-1 -1 1 
